epoch,jaccard,loss,val_jaccard,val_loss
0,0.037410409548,0.784365133597,0.0335790842364,0.773393182084
1,0.0406251678673,0.766961705226,0.0344909836713,0.75660732761
2,0.0405991666306,0.751025229692,0.0329614592774,0.740010472015
3,0.0382825998733,0.729599867876,0.0294099434686,0.716546846554
4,0.0362553954698,0.708869546652,0.0285380207933,0.698794560507
5,0.0356303153273,0.698781481156,0.0288421425503,0.690611349419
6,0.0359217209312,0.692467304376,0.0286316341953,0.689460005611
7,0.0355555048356,0.689577274598,0.0293008751469,0.684677384794
8,0.0361389499158,0.68524827407,0.0294042781752,0.680847151205
9,0.0362745683927,0.682761763151,0.0291691801976,0.679358346388
10,0.0359655267631,0.680590267365,0.029327161028,0.67811601609
11,0.0365239835989,0.678965139848,0.0298700628337,0.676947837695
12,0.0370298058081,0.678164486702,0.0299945022271,0.675793105736
13,0.0364853478252,0.676381154702,0.0295955799229,0.674765437841
14,0.0366122749849,0.675802329412,0.0300648985722,0.673620015383
15,0.0372500858055,0.674027711153,0.0306447214098,0.672868803144
16,0.0371818571853,0.673086730333,0.0299372345326,0.671780563891
17,0.0369130338614,0.672498563161,0.0302699254826,0.670751297846
18,0.0374434229273,0.670514058608,0.0307999367069,0.669859386981
19,0.0373078220022,0.670103781498,0.0302423880785,0.668773604557
20,0.0372393970163,0.669166810237,0.0304518259363,0.667853802443
21,0.0377237023069,0.667895390437,0.0307903991197,0.666949536651
22,0.0374352593835,0.667264734323,0.030411811691,0.66602758877
23,0.0374593137262,0.66612797517,0.0308761666529,0.665080012754
24,0.0378490590419,0.665394306183,0.0311485579878,0.665275463834
25,0.0380138655265,0.664182380988,0.030954774702,0.664514850825
26,0.0378030196119,0.663618071721,0.0309372072807,0.663502482697
27,0.0380747412833,0.662340329244,0.0310665744764,0.662482531741
28,0.0378519291631,0.661807649411,0.0308941173425,0.661257117987
29,0.0387773158459,0.660645581209,0.0309158461459,0.660303167999
30,0.0374364927411,0.660150298705,0.0301023579668,0.660335896537
31,0.0375208261494,0.660751734789,0.0311220609874,0.659941241145
32,0.03858994406,0.659126426165,0.031418353261,0.658821845427
33,0.038454988255,0.657343025391,0.0313802848395,0.657561490312
34,0.0388339435538,0.6565487018,0.0314064320701,0.656473308802
35,0.038270490244,0.655756267217,0.0311261409079,0.655643824488
36,0.0390347938698,0.654739567867,0.0316320101265,0.654526883736
37,0.0383370673427,0.654132345548,0.0309737703647,0.654281310737
38,0.0388693693452,0.653334619907,0.032238172018,0.652983244509
39,0.0392943647905,0.65233373642,0.0317666564952,0.652347592637
40,0.03865020672,0.65111672649,0.0317511626636,0.651703391224
41,0.0393537057994,0.650585814164,0.0318896180252,0.650753648952
42,0.0391850242964,0.649613164938,0.0320600447303,0.649474864826
43,0.0395572292977,0.648200589877,0.0324258326145,0.648747105151
44,0.0395118403607,0.648202527028,0.0319854680856,0.648042166606
45,0.0391881824113,0.647261917591,0.0318496024993,0.647819133475
46,0.0396989844023,0.646592259407,0.0327951544314,0.646987644956
47,0.0396532654189,0.645391427554,0.0323414142185,0.646521640942
48,0.0398340527541,0.644904588278,0.0324594756239,0.645395198837
49,0.0397218078232,0.643598866004,0.0326828990655,0.644416444004
50,0.0400191614261,0.643051883349,0.0329866097018,0.643812566996
51,0.0398582785319,0.642637844269,0.0323601434939,0.643176009879
52,0.040510215295,0.640829003774,0.0330179387238,0.642093116418
53,0.0408879366632,0.640472971476,0.0323184720764,0.641925603151
54,0.0398383230831,0.639747667771,0.03306771192,0.641020758078
55,0.0407056284782,0.638714157618,0.033607046993,0.640325604007
56,0.0409089503093,0.637548944125,0.0332977627404,0.64052512683
57,0.0412739114836,0.63750778941,0.0323524214618,0.640242906287
58,0.0392800146141,0.637165360726,0.0326594399812,0.638163618743
59,0.0407382431082,0.636105376941,0.0342352755833,0.637781918049
60,0.0416549269397,0.634402373662,0.0333880542603,0.637393273413
61,0.0402792897792,0.634588528138,0.03328400178,0.635884076357
62,0.0411591144422,0.633490172716,0.0335019693885,0.635799193755
63,0.0411308396321,0.632394985511,0.0337670237059,0.635242722929
64,0.0416026358994,0.630993799521,0.0340408689226,0.635255437344
65,0.0417997688055,0.630360465783,0.0337964082428,0.63351611793
66,0.0412242896855,0.629136090095,0.0339909718896,0.633110670373
67,0.0417434299508,0.628467181554,0.0341711837973,0.634506901726
68,0.0423953219389,0.62725481391,0.0338378585002,0.633846694604
69,0.0419801708597,0.626300765918,0.0339671291003,0.6309700571
70,0.0420097860579,0.625631504334,0.0341869570548,0.631425866857
71,0.0420267918649,0.624251975463,0.0343226308178,0.630857758224
72,0.0420841874125,0.624248105746,0.0341539121291,0.629518516362
73,0.0420973242189,0.623130222926,0.0335472552688,0.629782626405
74,0.042273722589,0.621586756064,0.0343668386631,0.628809021786
75,0.0424629717779,0.620175373096,0.0338591070031,0.627152642235
76,0.0422408110104,0.619672371791,0.0335657117539,0.624688418582
77,0.0421308077012,0.617939614333,0.0336057124077,0.62763675116
78,0.0422105180243,0.617959492482,0.0332969053998,0.62442420423
79,0.0422424764301,0.616759669322,0.0332559622475,0.621856758371
80,0.0417465111957,0.615290598227,0.0330017181404,0.622626625001
81,0.0422866631013,0.614949029226,0.0338557696086,0.621419813484
82,0.0426416126295,0.613698049234,0.0336536988907,0.621479874477
83,0.0425611145508,0.613403097941,0.0332686200272,0.619130419567
84,0.0421546389564,0.612312908356,0.0333426495199,0.618117265403
85,0.0421595732467,0.613333665408,0.033654792147,0.618513315916
86,0.0426467807534,0.610514005789,0.0334669395234,0.61914794147
87,0.0425864763271,0.609387273972,0.0336077464162,0.617961086333
88,0.0428823032058,0.607794053279,0.0337107323285,0.619371380657
89,0.0428954573491,0.607931572657,0.0337317507074,0.615860434249
90,0.0431261589894,0.606833081979,0.0337112700799,0.614905361086
91,0.0433361166372,0.607101667386,0.0336866107245,0.614333700389
92,0.0426145337809,0.604357366378,0.0336380094232,0.613828891888
93,0.0429131765492,0.604580168541,0.0339742014476,0.612710786983
94,0.0431789022226,0.602768054375,0.0338327527279,0.613393608481
95,0.0434958337305,0.601877352366,0.0339943001163,0.612517019734
96,0.0432806806639,0.603972162192,0.0335211663914,0.612322999164
97,0.0432829376883,0.601677805185,0.0339472373598,0.612084304914
98,0.0435012811078,0.600444585085,0.0341159714444,0.610896470025
99,0.0435825550499,0.599529828017,0.0337669838336,0.612768596038
100,0.0436092263374,0.60061864211,0.034260648652,0.612768229097
101,0.0438352462191,0.597292624987,0.0340901808231,0.609349925071
102,0.0433857449545,0.598263293505,0.0343799758703,0.608962835744
103,0.0441347763229,0.595209988264,0.0346033388341,0.609014315531
104,0.0439592170744,0.596371059234,0.0340423197777,0.611320454627
105,0.0442091785371,0.594260859948,0.0345766164537,0.606981335208
106,0.0443389852746,0.593224566716,0.034593052842,0.60672079213
107,0.0445519340439,0.593218592497,0.0346902852179,0.606329305097
108,0.0444503903676,0.592768224386,0.03429243344,0.608043905348
109,0.0443762012113,0.592087862583,0.0348886846332,0.605752225965
110,0.0446048825979,0.59056110107,0.0349713430332,0.606801008806
111,0.0448266184674,0.590196375663,0.0347275692911,0.606703473255
112,0.0443838558231,0.589499115944,0.034930996364,0.604960605502
113,0.0448649880978,0.588066431192,0.0348705867364,0.605510253459
114,0.0450259716465,0.586817278312,0.0349085937778,0.60145695135
115,0.0451745853688,0.586381964959,0.0352849900373,0.603820076212
116,0.0452855528117,0.587369769812,0.0350638401578,0.602189444005
117,0.0449544036618,0.585467494451,0.0347822394979,0.60153526254
118,0.0453344248235,0.584789986794,0.0353287339094,0.602998206392
119,0.0451569709067,0.584040816014,0.0352083585458,0.601568184793
120,0.0455312210207,0.583414907639,0.0353747283225,0.601223086938
121,0.0449744947255,0.582934702818,0.034773572057,0.600050127134
122,0.0452906284481,0.581552952528,0.0355748957954,0.602245127782
123,0.04550735065,0.581361472607,0.0355865575839,0.599391667172
124,0.0456542667861,0.581133317489,0.0355912295927,0.601936893538
125,0.0457003158875,0.579520271375,0.0355188089889,0.599113078788
126,0.0457995707312,0.578839976054,0.0358625863155,0.596767682582
127,0.0460624187612,0.578274211058,0.0355014602246,0.599851323292
128,0.0457933464876,0.57851013312,0.0356754825334,0.595519484952
129,0.0458395889459,0.578882799699,0.0353127984272,0.599060587585
130,0.0460550789363,0.576252721823,0.0355101074092,0.594575189054
131,0.0459001337966,0.57583460441,0.0352504522889,0.60111611709
132,0.046372883595,0.575543598487,0.0358694618626,0.595589851961
133,0.0463463689845,0.574480508383,0.0351972846838,0.598173489794
134,0.0460576624251,0.575077948662,0.0356155233458,0.592924168333
135,0.046580994645,0.573670992484,0.0359537900658,0.594768963754
136,0.0463976428772,0.572830124543,0.0357038658112,0.592210968956
137,0.0465861002986,0.571083174302,0.0359550827998,0.5946562998
138,0.0464429535831,0.571073266176,0.0358142266632,0.592374574393
139,0.0467172464213,0.570408795889,0.0362657139776,0.594785641879
140,0.0470083322949,0.569280232374,0.0362644803245,0.593469079584
141,0.0469549907228,0.569035596572,0.0360079422244,0.592515271157
142,0.0470783954056,0.567407112855,0.0364223886281,0.590751968324
143,0.0471817871126,0.567149428221,0.0364240834024,0.592995556071
144,0.0474806163603,0.567428460488,0.036476664478,0.590768747032
145,0.0467533364605,0.56747713685,0.0357462010288,0.589291468263
146,0.0469804728547,0.565385268285,0.0367564155313,0.590124471113
147,0.0474269419479,0.565716328529,0.0361712591548,0.593638433143
148,0.0473894817898,0.564028010919,0.036649941525,0.587384156883
149,0.0472084060311,0.564535617828,0.0366168872279,0.587491998449
150,0.0476430541334,0.563409427038,0.0366293223633,0.59203045629
151,0.0473558022999,0.56239295235,0.036615684774,0.585662992671
152,0.0477079226134,0.562658823453,0.036783428397,0.589911781251
153,0.0476786855322,0.56169789571,0.0366241301526,0.583666358143
154,0.0477619417585,0.561961272588,0.0364373665361,0.58875109069
155,0.0475078680767,0.560158945047,0.0369217206025,0.58532691747
156,0.0476861227877,0.559809595346,0.0368539258197,0.58710202761
157,0.0476516628495,0.558917494921,0.0369163666619,0.585706295446
158,0.0482495071796,0.557871619096,0.0373823181435,0.585708394647
159,0.0483676149295,0.557672000848,0.0371250846365,0.583242582157
160,0.0482713386703,0.556722425497,0.0365014109702,0.5882602036
161,0.0482339681341,0.555976808071,0.0370355947525,0.57944743894
162,0.0482951263682,0.55572913014,0.0369308212539,0.582860084251
163,0.0482097865584,0.554938939901,0.0366715500422,0.582002798095
164,0.048456407367,0.554450461498,0.0373759310751,0.579994412139
165,0.0488541756685,0.554292550454,0.0371987691615,0.581073891371
166,0.0485727779854,0.553370805887,0.037343198288,0.581639846787
167,0.0489506705736,0.552302942826,0.0370923815644,0.581017877907
168,0.0487397048049,0.551464273379,0.0373739244533,0.582261200994
169,0.0486823765991,0.550737717977,0.0373614370183,0.578358797356
170,0.0492044811925,0.550321397873,0.0375471174193,0.578528087586
171,0.0492560829108,0.549627787792,0.0376478973485,0.578836020082
172,0.0490382726376,0.550934234491,0.0365443993942,0.582035584375
173,0.0485653701023,0.550144482117,0.037691655627,0.575140517205
174,0.0493960919288,0.5486574471,0.0374311402265,0.578674567863
175,0.0490881953962,0.54846522212,0.0375125675055,0.576783390716
176,0.0491649327943,0.546749653725,0.0375462682568,0.57566758804
177,0.0492374427043,0.54684898028,0.0376037938404,0.575431797653
178,0.0495713234234,0.545471448165,0.037885988917,0.576969321817
179,0.0497396225826,0.54547516887,0.0377959177422,0.57183357887
180,0.0496343624993,0.544644534588,0.0376706088718,0.573968077078
181,0.0493576403421,0.544873776344,0.0378297249263,0.572040138766
182,0.0499471215388,0.542862413021,0.0378281516023,0.573852371424
183,0.0497135001306,0.54374779417,0.0376607812359,0.573411852121
184,0.049991650077,0.542405247688,0.0377663120162,0.571486799046
185,0.0497567417243,0.541215085066,0.0376800825179,0.572967896238
186,0.0502087009641,0.540259347512,0.0380264300329,0.56945611164
187,0.0503491024272,0.539451780228,0.0379235130385,0.572834027931
188,0.0502296752081,0.53993089841,0.0381844443618,0.569834373891
189,0.050276060517,0.538542213348,0.0378905420948,0.570853227749
190,0.0502929058499,0.538812142152,0.03820369608,0.569759875536
191,0.0509298039744,0.537370668008,0.038153003843,0.568457342684
192,0.0500636085008,0.53874453673,0.0378094895568,0.569870896637
193,0.0504661314189,0.536958405605,0.0383712407784,0.567656213418
194,0.0507093912277,0.536548623672,0.0379919215338,0.568003306165
195,0.0504888912233,0.535226267118,0.0382784019457,0.56603576988
196,0.0508061501269,0.534363441742,0.0383440641162,0.567810595036
197,0.0509678821724,0.533886304268,0.0382191257086,0.56857980974
198,0.0513709015571,0.53312046482,0.0386160594644,0.566084450111
199,0.0512435917671,0.533626996554,0.0384321080637,0.564343044534
200,0.0511443041838,0.532725460254,0.0385465241852,0.562827492133
201,0.0511051710122,0.53208561127,0.0383929916716,0.564880955964
202,0.0511100978519,0.531705796719,0.0382306165993,0.562731528655
203,0.0509388157381,0.53193754187,0.0383707822766,0.565764298663
204,0.0508253100113,0.530565337493,0.0385815230256,0.561820173636
205,0.0517823628795,0.530170924388,0.0390902525105,0.56383041665
206,0.05133512129,0.529169832285,0.0385405116831,0.560698712245
207,0.0513631677112,0.529300073018,0.0381443250808,0.565762659535
208,0.0518490639157,0.527439099092,0.0388911563787,0.563508836553
209,0.0519937155052,0.527318374469,0.0388313444855,0.562337640673
210,0.0516905304618,0.52799688165,0.0386317655793,0.561333103105
211,0.0515121287451,0.526643416056,0.0383242569806,0.562297975644
212,0.0517979057936,0.52653710888,0.0388692412525,0.56044010818
213,0.0522770287039,0.524954169989,0.03857587534,0.564026881009
214,0.0520537471255,0.525197409667,0.0387387223891,0.55832141079
215,0.0519250463694,0.524210425524,0.0384117087233,0.557510612532
216,0.0520635220007,0.52454372782,0.0388193235558,0.558648876846
217,0.0521822894135,0.522909010832,0.0387142339023,0.559157280251
218,0.0526410825551,0.521555788242,0.0390388905071,0.558720294386
219,0.0526911474478,0.521419811707,0.0389420498686,0.55909024924
220,0.0523655117991,0.521244693261,0.0389964320057,0.555505964905
221,0.0527417351707,0.520748438743,0.0392568754032,0.557122558355
222,0.0523103570136,0.519991450585,0.038818609959,0.555893968791
223,0.0526034254581,0.519920188647,0.0391573485686,0.55354625918
224,0.052724964057,0.51880552677,0.0395311627362,0.553995933384
225,0.0533120728169,0.518641923483,0.0391469604801,0.555941751227
226,0.0524427535442,0.518124135641,0.0392968707602,0.550631098449
227,0.0528829596364,0.517911658837,0.0390732840169,0.552957765758
228,0.0528752894069,0.516857378758,0.0393810950627,0.552548423409
229,0.0529190480996,0.516548337845,0.0392555692233,0.551874352619
230,0.0530390045964,0.516127682649,0.0391111877398,0.55297550559
231,0.0532877195913,0.514424404273,0.0394947085006,0.551263775676
232,0.0534289868978,0.515708359388,0.0388826307026,0.554115688428
233,0.0530682762082,0.514275894715,0.0396240240661,0.550550878048
234,0.0536681321951,0.513512276686,0.0392913768883,0.55060617812
235,0.0531643639104,0.513055432301,0.0392894515826,0.549391791224
236,0.0534589549956,0.513149131949,0.0392583869398,0.552886623889
237,0.053666960448,0.512454175032,0.0393165326386,0.548437478021
238,0.053124642716,0.512016988718,0.0395171258424,0.550147730857
239,0.0540643673963,0.511005817698,0.0395552837581,0.547826288268
240,0.0538127614328,0.510692143669,0.0390802188194,0.549845542759
241,0.0533990309789,0.510517307199,0.0395387104072,0.547085100785
242,0.0529205504662,0.511285103284,0.039252906543,0.548799440265
243,0.0542534268819,0.508564875676,0.0401477615233,0.545788191259
244,0.053724494118,0.509625579302,0.0388401549426,0.549137324095
245,0.0536514914666,0.50847781163,0.0398025622708,0.545150810853
246,0.0544139515035,0.507360379283,0.0390140990203,0.549458904192
247,0.0542595009678,0.506778953167,0.0395599958429,0.546571783721
248,0.0541567371155,0.506458981679,0.039158254338,0.544697228819
249,0.054148504224,0.505244553089,0.039711043326,0.54710210301
250,0.0544836238886,0.505557023562,0.039762620785,0.544301697984
251,0.0542424193655,0.505045427726,0.0394943785795,0.546460822225
252,0.0542207944852,0.504944268327,0.0394559640263,0.542452594265
253,0.0542428239893,0.504042662107,0.0398347958981,0.543392626569
254,0.0547603377356,0.502993771663,0.0392640015925,0.54492992349
255,0.0545035573439,0.502509168707,0.0402410194511,0.540770364925
256,0.0551045804929,0.501727536321,0.0394411770103,0.547321449965
257,0.0548224904789,0.501732723071,0.0402037745516,0.540776301175
258,0.054647495397,0.501120536373,0.0397181982989,0.541066450998
259,0.0550678386711,0.500050790035,0.0400929049938,0.542429501191
260,0.0552757793608,0.499982564495,0.0398593657301,0.541462309659
261,0.0547807371387,0.500073238061,0.0399419980531,0.539606630802
262,0.0553673982907,0.498661945646,0.0395678009372,0.543412575498
263,0.0550610941763,0.499126151204,0.0399826011853,0.538581090048
264,0.0555862264278,0.497987075494,0.0398281220114,0.541312946007
265,0.0551405954533,0.497462137387,0.0399641764525,0.539134111255
266,0.0548935939486,0.497345632085,0.0404532728135,0.537398330867
267,0.0558059711296,0.496419377052,0.0401678474736,0.53889323771
268,0.0553992475168,0.497100070119,0.0401322844264,0.536091433838
269,0.0550339174672,0.495171299348,0.0400038133957,0.535340441391
270,0.0556156129505,0.496130379347,0.0397669787053,0.53469443135
271,0.0556797200384,0.494063802637,0.0403862310632,0.535812273622
272,0.0557971539406,0.49365865955,0.0400196950068,0.535268044099
273,0.0558144774001,0.493749059164,0.0407570892421,0.533925563097
274,0.0559298695567,0.493180183264,0.040400835278,0.534450026229
275,0.0556061570174,0.492072130625,0.0401171832928,0.534893935546
276,0.0558797917687,0.49193728314,0.040485724865,0.533776689321
277,0.0563913629605,0.491980787653,0.0401947593491,0.536030357704
278,0.0563420111743,0.490385393684,0.0405357751006,0.532968664542
279,0.0560695086248,0.49021731317,0.0403265584609,0.533525353298
280,0.0568729180556,0.489981125181,0.0406365374802,0.53434705548
281,0.0561659016575,0.489605072599,0.0402682565036,0.529823677614
282,0.0565382139041,0.488350432653,0.0402929914126,0.531312240288
283,0.0564572355495,0.488333095725,0.0401641525386,0.533441493288
284,0.0564514054702,0.487813641246,0.0407436604728,0.531740874052
285,0.057070897319,0.487091202002,0.0405839248851,0.530119648203
286,0.0567255544548,0.486604267588,0.0404773773917,0.530082834885
287,0.0567355226152,0.486205060895,0.0404088470968,0.533667813987
288,0.0568289594868,0.485964951607,0.0408687454765,0.529325101525
289,0.0569602577732,0.485445274757,0.0406564597797,0.53138667345
290,0.0569459348917,0.485350346336,0.0405816945131,0.531011441723
291,0.056977791855,0.484880595253,0.040402163926,0.529138725251
292,0.0569800139906,0.484088020829,0.0410888332699,0.52737054415
293,0.0573362431561,0.48341033665,0.0406554474612,0.528767151758
294,0.0572119570122,0.482615294365,0.0405598582001,0.525786526501
295,0.0572891860054,0.482326588952,0.0409098049568,0.5285245087
296,0.057572213503,0.48172517694,0.0409070339228,0.526357511058
297,0.0577066153861,0.481494823327,0.0408056946471,0.527507472783
298,0.0576384344067,0.480312099824,0.0408041899791,0.526239227504
299,0.0574743224738,0.480236281569,0.0409082578553,0.525121839717
300,0.0580839497539,0.480326365966,0.0410656430759,0.526182705536
301,0.0572363527922,0.480016449323,0.0408194954507,0.524216366932
302,0.0575058285434,0.47895385325,0.0408980241627,0.52292686142
303,0.0575279199447,0.479094337959,0.0412295225251,0.523500813171
304,0.058224980791,0.478267881733,0.0411584491085,0.522981386632
305,0.0577274337411,0.477417776218,0.0413399757526,0.523518286645
306,0.0578636994156,0.477617214505,0.0412200841529,0.52100062184
307,0.0574002323242,0.477019401697,0.0411032180418,0.52072657086
308,0.0587372519076,0.475740619577,0.0413258900226,0.523803956807
309,0.0587221872635,0.475159737926,0.0411560865177,0.523363478482
310,0.058275127067,0.47510332213,0.0413877594692,0.517626550049
311,0.0583538572089,0.474934657033,0.0412261214806,0.52006405592
312,0.0578027125448,0.474164955891,0.0412018552015,0.519310992211
313,0.0587955810703,0.473493375457,0.0413455666567,0.521207123995
314,0.0584176049496,0.473444983363,0.0413697602926,0.517976244912
315,0.0584269269155,0.473332779912,0.0413713477028,0.517339695245
316,0.0581358916198,0.47230241505,0.0411619541992,0.5186366532
317,0.0591848359372,0.471810126534,0.0417694330681,0.518919656053
318,0.0581501732365,0.471211065467,0.0413477262191,0.518196793273
319,0.0595204059321,0.470820600024,0.0417233796325,0.517040280625
320,0.0589979844025,0.470494999335,0.0412791089911,0.516436727718
321,0.0590931810439,0.46974505828,0.0412634833483,0.517450351268
322,0.0588204267506,0.4693888678,0.0417230591993,0.514125745744
323,0.0592910115822,0.468804929119,0.0413953966636,0.514042539522
324,0.0593836377733,0.468052917948,0.0419040652341,0.517118252814
325,0.0594930833635,0.468522076423,0.0419467831671,0.516491245478
326,0.0589751659964,0.467677244773,0.0414793683158,0.514804944396
327,0.0596644351116,0.46653010295,0.0418275121192,0.516160743311
328,0.0592598982442,0.466131169062,0.0418090342137,0.514655038714
329,0.0602569853744,0.466118842363,0.042131170514,0.51521551609
330,0.0594139639288,0.465400669437,0.0417689241003,0.511656392366
331,0.0595569058966,0.465511032022,0.0411817207059,0.513775143772
332,0.0597306742118,0.464292017313,0.0417114794836,0.512682266533
333,0.059637254104,0.464886005108,0.0418685441546,0.512219898403
334,0.0596114245172,0.464325574728,0.0411228250596,0.513442486525
335,0.0597377375055,0.462777874791,0.0420334154041,0.5120532047
336,0.0601752931969,0.463287692804,0.0417031093966,0.51055938378
337,0.0596994055578,0.462904021144,0.0418665613397,0.510675353929
338,0.0600534112981,0.462117796907,0.0414464106434,0.507488753647
339,0.0599336606952,0.461341149532,0.0422962440061,0.510866211727
340,0.0603629324872,0.460791854904,0.042043687019,0.509532617405
341,0.0593750654505,0.461170263015,0.0418345182261,0.509403692558
342,0.0604106004422,0.460339308931,0.0419399717066,0.508540729061
343,0.0600934636134,0.459477648139,0.041981135204,0.507349819876
344,0.0609753487202,0.459294345516,0.0416129996884,0.51416381076
345,0.0602196572492,0.458854753238,0.042309115699,0.507625184022
346,0.0608549307172,0.45768955006,0.0420276830555,0.505551226437
347,0.0604524255659,0.458771244838,0.04187008593,0.506270819344
348,0.0606907942834,0.456950494876,0.0419833884225,0.505306471139
349,0.0613054191837,0.457346043908,0.0421265934128,0.505897092633
350,0.0599782183193,0.456591303532,0.0420763867442,0.504492705688
351,0.0605726994288,0.456878664402,0.0422137750138,0.505408251658
352,0.0615400474232,0.455065437234,0.0415545019205,0.50706842076
353,0.0607794551895,0.455143254537,0.0422830229509,0.506239457987
354,0.0610150358138,0.454689579514,0.042299324472,0.505590069108
355,0.0612645773933,0.453924841606,0.0422468212782,0.50429899618
356,0.0618659055863,0.45356297493,0.0419024410367,0.505295492709
357,0.0610485064009,0.453394968922,0.0423568447004,0.503255599178
358,0.0614189889569,0.452641092814,0.0420792688965,0.504369003698
359,0.0617985464633,0.451619755763,0.0422332707094,0.5043969322
360,0.0611784124317,0.453320785211,0.0416120053269,0.500874850899
361,0.0612969819743,0.45100466907,0.0428370137524,0.502845518291
362,0.0621254441257,0.45056013763,0.0425216907752,0.502343640663
363,0.0620278883725,0.450376571371,0.0423285165743,0.501668233424
364,0.0616235565394,0.450879822557,0.0419065312308,0.499409837648
365,0.0614974389856,0.45004973274,0.0429120375484,0.497897058725
366,0.0618703739288,0.449136991914,0.0422412718472,0.502227663063
367,0.0619001262463,0.450059071183,0.0428722482757,0.496923244558
368,0.0618793179209,0.447852989802,0.0419509921339,0.501193493605
369,0.0621434328361,0.447795648987,0.0425188819063,0.498181386851
370,0.0623624214473,0.446744538271,0.0427823589998,0.497759766877
371,0.0623369679715,0.446987915498,0.0423125596717,0.498703131452
372,0.0624893946716,0.446683230308,0.0426639579237,0.497299744748
373,0.0620450863185,0.445969867019,0.0426299542305,0.496359699406
374,0.0629271078282,0.445974567762,0.0426462986507,0.498172607273
375,0.0623916964978,0.444617319566,0.0423693124321,0.496724515222
376,0.062571359655,0.444701089309,0.0426421149168,0.495758916251
377,0.062867172349,0.444155490169,0.0428036833182,0.497498392127
378,0.0628966891135,0.443832947658,0.0427469573915,0.495609161444
379,0.0632059071213,0.44273391366,0.0426982022182,0.498264143243
380,0.0627515692837,0.443260700657,0.0426620001672,0.496806845069
381,0.0628306089112,0.442055641459,0.0429415850085,0.494706258178
382,0.0634607482128,0.441631337771,0.0430369360256,0.49569137767
383,0.0630354759498,0.442025047082,0.0426611330477,0.492191825993
384,0.0628431426504,0.440494993558,0.0430559535162,0.490597408265
385,0.063629994742,0.439995776002,0.0431925693701,0.494608270936
386,0.0632618695784,0.440384290539,0.0431693588034,0.493083424866
387,0.0634456630796,0.440107164475,0.0425319031347,0.492862073705
388,0.0627998314225,0.439431786537,0.0431916678499,0.493019069545
389,0.0642080706759,0.43891830857,0.0427548074513,0.494661766104
390,0.0634884819962,0.438692335899,0.0428128498024,0.49191542156
391,0.0639465396794,0.438936346999,0.0425932947546,0.492057695054
392,0.0632641332654,0.438015877054,0.043014935829,0.488189688884
393,0.0632244838545,0.437604013544,0.0427359500027,0.489069181494
394,0.063639042899,0.436968183288,0.0428115368704,0.491214442998
395,0.0637498463576,0.43618918153,0.0431089216145,0.491509469226
396,0.0641483309177,0.435896907861,0.0433752806857,0.491984223947
397,0.0638528765681,0.43558153854,0.0431289634435,0.488221453503
398,0.063928519304,0.43435889941,0.0433055413305,0.488876573741
399,0.0640606146592,0.434956314472,0.0435848669149,0.489060891792
400,0.0641101720528,0.434505806519,0.0432988912216,0.486832705326
401,0.0640422237607,0.433871871004,0.0431111477665,0.491529993713
402,0.0648840728861,0.433176920964,0.042936142243,0.491188314743
403,0.0637161999654,0.433485801403,0.04348023684,0.48724315688
404,0.0645390392209,0.433312696906,0.0429537522723,0.488350767642
405,0.0645253900439,0.432039986436,0.0436210947228,0.485650218092
406,0.0644038227888,0.431564163703,0.0439413273125,0.488280032761
407,0.0653015557103,0.43087147864,0.0434954641969,0.485368518159
408,0.0643567296748,0.430463248721,0.0433014282607,0.48923910968
409,0.064636886693,0.431008443236,0.0435726451105,0.484699710272
410,0.0654576268907,0.43000005071,0.0433397555607,0.48422734905
411,0.0647968833263,0.42903272693,0.043771442346,0.482770719565
412,0.0653376216785,0.429304539011,0.0437321123318,0.484642600641
413,0.0647947415709,0.428581423484,0.0433483187517,0.483532833867
414,0.065303177931,0.427777263981,0.0435118051246,0.483988719992
415,0.065330593202,0.427733946305,0.0438244502002,0.485779725015
416,0.0656420221696,0.427750119796,0.0435247506248,0.480377305299
417,0.0651404465047,0.426604649195,0.0436075372854,0.482007788494
418,0.0654560657075,0.426295823776,0.0441656624898,0.48270302359
419,0.0660999560585,0.425862245835,0.0431800744846,0.484459849074
420,0.0655172825433,0.425458085078,0.0440517763491,0.479792055674
421,0.0652347252919,0.424969548216,0.0441538826271,0.480369328521
422,0.0659745600648,0.424532601467,0.0434349862044,0.481251214631
423,0.0656801324624,0.424306702155,0.044272702944,0.481278955936
424,0.0657631571476,0.423860886922,0.0432702163816,0.481091585942
425,0.0663055513914,0.422553609197,0.0440742270148,0.482029613107
426,0.0661949844888,0.423334377316,0.0439029436384,0.479759282432
427,0.0654404782332,0.422872677445,0.0434791510343,0.479935750365
428,0.0661640929488,0.422726434011,0.0436106327106,0.479636114091
429,0.0653673600979,0.42232287274,0.0437061821576,0.476127639413
430,0.0663053721476,0.420652192373,0.0435871181544,0.479959446006
431,0.0665753349089,0.420966346677,0.0438204061356,0.476726610214
432,0.0664043945189,0.420412089962,0.0445483812946,0.479089467786
433,0.0661791333785,0.419789943558,0.043910598848,0.476652856916
434,0.0670349726883,0.419344399984,0.0441838012775,0.477777817287
435,0.066502150578,0.419725711529,0.0436211771448,0.478432534263
436,0.0665955368716,0.418455342834,0.0443399734213,0.476527008228
437,0.0662412929993,0.419912493,0.0433689079655,0.474909503944
438,0.0664963866942,0.418168811844,0.044797773473,0.47494226601
439,0.0664877616442,0.41805582207,0.043644140882,0.474664062262
440,0.0668426965578,0.417130826758,0.0448029670515,0.476660347544
441,0.0674008035029,0.416587953384,0.0436759030563,0.475878847763
442,0.0670143388785,0.41677034589,0.0443705995567,0.475637328811
443,0.0667172102974,0.416675953911,0.0439874997828,0.472630732693
444,0.0667463307484,0.415738283442,0.0439594373456,0.474756442942
445,0.0666382146569,0.415783404158,0.0446631792584,0.472214217298
446,0.0681232683934,0.414385390969,0.0443269377574,0.474052006379
447,0.0662869063134,0.415360349875,0.0442282066215,0.469275946729
448,0.0669678727595,0.415331623875,0.0441169646219,0.474129595794
449,0.0675831780984,0.413790083849,0.0440685183275,0.472633993253
450,0.0676282366308,0.412877532152,0.044508998777,0.469163883477
451,0.0672061262796,0.413592023345,0.0444432594813,0.47085671965
452,0.0683554786329,0.412034171132,0.04453197986,0.473722070456
453,0.0673257512255,0.412195624067,0.043963108561,0.469113821164
454,0.0681144989167,0.411738716639,0.0443550221098,0.472991365939
455,0.0676133158402,0.411443452422,0.0444903972384,0.471102984622
456,0.0684036364636,0.410985630292,0.0441272784956,0.46988551598
457,0.0673891238582,0.410337714049,0.044284785632,0.47045350261
458,0.0684687748838,0.410437910603,0.0441798646934,0.467566564679
459,0.0676586880134,0.410004212306,0.0444473202806,0.468692758121
460,0.0683061395987,0.409606965689,0.0445762529853,0.467228219844
461,0.0680464612177,0.408470987127,0.0444534188136,0.467758621089
462,0.0688355845901,0.407562798032,0.0450228540576,0.470056783408
463,0.0690097550933,0.407886075286,0.0446660013113,0.464799547568
464,0.0677823427205,0.407322097283,0.0443602958112,0.467543349601
465,0.0695125214182,0.406754824978,0.044647775765,0.46809093561
466,0.068220202023,0.406816555904,0.0444750845199,0.46568681486
467,0.0689639992152,0.406262365671,0.04475012279,0.467308534309
468,0.0687523375337,0.405553748974,0.0442742036539,0.467865546234
469,0.0689992183963,0.405653759837,0.0450302979443,0.467391219921
470,0.0687876511365,0.405052328339,0.0448496527679,0.465190758929
471,0.0688715787748,0.404685102976,0.0452292252448,0.462851675227
472,0.0695602641656,0.403859953468,0.0450001885183,0.466158266179
473,0.0689302486582,0.404659838631,0.0449567055912,0.464276697487
474,0.0695059881187,0.404749349906,0.0449255673448,0.461045862176
475,0.0676251128316,0.404593573167,0.0444464563625,0.461850371212
476,0.0681438176678,0.404367474409,0.0455852453888,0.467038981616
477,0.0699757496611,0.402378617571,0.0445584099216,0.465656559914
478,0.0686459465382,0.402550233098,0.04460521086,0.462581580505
479,0.0693039487188,0.402358607604,0.0445720444841,0.463309367187
480,0.0696337350573,0.401602058456,0.0447887430782,0.461988143623
481,0.0696893708351,0.40038119715,0.0450780849496,0.46137681976
482,0.0696244219748,0.400542558386,0.0446700948523,0.461968919262
483,0.0695895572694,0.399754517353,0.0454829127993,0.463912252337
484,0.0705307948475,0.399608596013,0.0449117274838,0.462436625734
485,0.0696647852086,0.399491417866,0.0456692595617,0.461435481906
486,0.0700963092251,0.398920306793,0.0448727615876,0.460728349164
487,0.0699024909677,0.398564595443,0.0450783445558,0.458914011717
488,0.0697421296858,0.398448505081,0.0454908294487,0.459333191626
489,0.0702988561243,0.397782787681,0.0448636895453,0.460691319779
490,0.0695961296845,0.397782769341,0.0456067736377,0.459340332076
491,0.0708084378678,0.397297471762,0.0451749021886,0.46008902695
492,0.0702799104441,0.396171117058,0.0452497304359,0.45856023021
493,0.0705618947171,0.396492593564,0.0452822330408,0.459627576172
494,0.0700882696188,0.395581002419,0.0452853979659,0.456505356357
495,0.0708103804634,0.395547741881,0.0458724618948,0.458874679171
496,0.0704781923157,0.395282231844,0.0452042506367,0.458790251054
497,0.0703907269411,0.394986253518,0.0456557282014,0.459357575513
498,0.0706931696488,0.394221481222,0.0453828840982,0.455605834723
499,0.0701946833959,0.394942861337,0.0454059644253,0.456595381722
500,0.0709767598086,0.393247391169,0.0457364286412,0.456425682642
501,0.0713802434217,0.392542687746,0.0456270114519,0.457051461563
502,0.0715467717785,0.392644157776,0.0453800113173,0.452490150928
503,0.0710866484218,0.391534806444,0.0452928665327,0.454334023409
504,0.0716597513797,0.391518405997,0.045521613356,0.454303226434
505,0.0711777647241,0.391372783826,0.0464042681269,0.455034703948
506,0.0715346289082,0.391317507395,0.045324299339,0.452668653801
507,0.0712443875292,0.390892427701,0.0462598055892,0.454789328389
508,0.0712801753902,0.390239111506,0.0455044035043,0.453423735686
509,0.071418679391,0.389905976561,0.0453843748255,0.453722563572
510,0.0710378077168,0.390199696788,0.0463059946778,0.452716306783
511,0.0718554380135,0.390145776364,0.0451841731847,0.45391420275
512,0.0704221133716,0.38939375373,0.0459743518149,0.452348994091
513,0.0724135151563,0.388443682056,0.0456710662984,0.456114031374
514,0.0710036519628,0.388624233695,0.0460289063049,0.448163691908
515,0.0717946335387,0.388582509298,0.0460213262995,0.450819938444
516,0.0714264251292,0.388491435693,0.0454518847691,0.452836509794
517,0.0719333083297,0.387261680686,0.0461800055346,0.450616945513
518,0.0716247098664,0.386247372398,0.0458365427039,0.450340393931
519,0.0721987394186,0.386156255236,0.0463275719667,0.450345356949
520,0.0731856741298,0.385960732515,0.0459088292264,0.452682796866
521,0.0715957016039,0.385227504831,0.0462782403047,0.446903636679
522,0.0722660704588,0.385363328915,0.046047077456,0.452248029411
523,0.0721934668433,0.384467206322,0.0460617289646,0.447134042159
524,0.0729402469901,0.383384285065,0.0464676435804,0.448280006647
525,0.0729561535498,0.383517485399,0.0463634791085,0.446369545534
526,0.072606632486,0.383320172246,0.0463553396694,0.450494321994
527,0.0728323340703,0.38341167913,0.0462106755003,0.448885543272
528,0.072351491222,0.382838693949,0.0455393258017,0.448034070432
529,0.0729426768823,0.382442140808,0.0464892923483,0.447134453803
530,0.072512798871,0.382510226506,0.0463380291767,0.44833957497
531,0.0737679506151,0.38066770251,0.046439835045,0.444970112294
532,0.0731790123078,0.380796711032,0.0464471511077,0.447001176886
533,0.0736644116159,0.380633565096,0.0459419289255,0.445327106863
534,0.0728565023209,0.380926110424,0.0460667335719,0.445783902891
535,0.0730860127279,0.379828917292,0.0459531654487,0.445793391205
536,0.0737993287352,0.379005918136,0.0463736613747,0.447515812702
537,0.0730936346719,0.37935733222,0.0461791165289,0.444279390387
538,0.0737435889359,0.379191842217,0.0466449176311,0.445089396089
539,0.0726645358193,0.379020484594,0.0453046091425,0.443422781304
540,0.073745106132,0.378491319143,0.0469310279004,0.445014640689
541,0.0736777537431,0.378209303205,0.0460489162942,0.448172971606
542,0.0742226985212,0.377415734988,0.0471696372551,0.441916849464
543,0.0735517508135,0.376291228028,0.0469254736381,0.442283880897
544,0.0744604740578,0.376771851228,0.0466830196965,0.442187845707
545,0.0737985894084,0.376198705572,0.0466420647572,0.442476779222
546,0.0735119383496,0.376585818254,0.0466764459852,0.441521195695
547,0.0739210515928,0.375682729941,0.0472323136055,0.442145411856
548,0.0744252543037,0.37521106234,0.0466276605148,0.44240933843
549,0.0738407275998,0.37480372649,0.0467476128542,0.441203908063
550,0.0750535650609,0.374029695988,0.0473915751791,0.440530163236
551,0.0745368147126,0.373857706785,0.0469338288822,0.441475734115
552,0.0747882157851,0.374865252238,0.0465046301251,0.439930045977
553,0.0734840340626,0.373643627534,0.0467651323997,0.441475767642
554,0.0752855416101,0.373144658712,0.0467406976968,0.440414298326
555,0.0746725631448,0.372386351228,0.0472310699406,0.439821088687
556,0.0743020559446,0.373548167256,0.0460185502307,0.438382357359
557,0.074604115234,0.372257626974,0.0471853208728,0.439085994847
558,0.0748007155668,0.371457654696,0.046673391771,0.4397569336
559,0.0754150728194,0.37100247351,0.0471288340632,0.438887865283
560,0.0749335171512,0.37168829143,0.0471439575776,0.436158289202
561,0.0746210054136,0.370298931232,0.0465952800587,0.436164157465
562,0.0743483752012,0.37071196391,0.0471702074283,0.43442284409
563,0.0757914939179,0.369559936799,0.0475153415464,0.440278306603
564,0.0752776219295,0.369509978936,0.0466977640172,0.435369051062
565,0.0750885569992,0.369932896816,0.0468470540363,0.436415620148
566,0.0748979821801,0.368529534111,0.0469724105787,0.435497462749
567,0.075633257914,0.368398456619,0.0472539105976,0.436608380638
568,0.0745820484769,0.368909823207,0.0469731059566,0.431782524101
569,0.0761044049779,0.367327918227,0.0474848747544,0.438421792351
570,0.0759302099737,0.367084907798,0.0468660918996,0.436209498905
571,0.0756959545498,0.367073529042,0.0474373902252,0.432924637571
572,0.0760335142796,0.366180519645,0.0471967611811,0.43362667691
573,0.0763855453294,0.366616892127,0.0470539990347,0.436013353057
574,0.0756063952755,0.365662828088,0.0476086440322,0.432973314077
575,0.076109997355,0.366416738583,0.0463493185234,0.432230380364
576,0.0751860777919,0.366010569609,0.0474841782998,0.430622733198
577,0.0755699848613,0.365671212857,0.0471960938303,0.431351497769
578,0.0762335033371,0.364276475631,0.0474396330828,0.43460763339
579,0.0751817853978,0.365149683677,0.046998152422,0.431848179549
580,0.0767323565311,0.364414140582,0.0469714478531,0.432316735387
581,0.075382914824,0.364044024394,0.0476050359139,0.431008107029
582,0.0763033929353,0.363572484026,0.0475907330983,0.430835908279
583,0.0769896229299,0.363007234839,0.0474162501632,0.429095431231
584,0.0759693033134,0.362627398509,0.0474806257989,0.428201864474
585,0.0766299669273,0.361788318707,0.0476237285184,0.430087136105
586,0.0763776361083,0.361816151784,0.0481692615431,0.429239648394
587,0.0775910767798,0.360759845147,0.0478225780535,0.431463086978
588,0.0766381761776,0.361375888953,0.0472858395078,0.424877507612
589,0.0771207540081,0.360591001236,0.0477616291028,0.432444300503
590,0.0767796942248,0.36087788183,0.0473821963533,0.42700723093
