epoch,jaccard,loss,val_jaccard,val_loss
0,0.0745736976656,0.717143691503,0.0672415668281,0.679011758417
1,0.0863974832285,0.657184098776,0.0674903225262,0.649891596287
2,0.0848935147604,0.626366454821,0.0659127817446,0.628240408376
3,0.0859354397712,0.607617458472,0.0662153071006,0.62308254838
4,0.0863287362915,0.602058983766,0.066430880146,0.612046202645
5,0.0868315768357,0.591789357937,0.0675987547378,0.60751949437
6,0.0892078993985,0.585215969728,0.0678073819596,0.603123292327
7,0.0888731657312,0.581277278753,0.0681144142117,0.597027814016
8,0.0866624698616,0.579957404962,0.0678863904078,0.591776672751
9,0.0899061603615,0.571886284993,0.0696421440691,0.589452993125
10,0.0894373921821,0.567028215298,0.0682677237542,0.583107633516
11,0.0891702530476,0.565873927795,0.0694190770876,0.579644940794
12,0.0908987797224,0.55751223289,0.0703557264632,0.576830251142
13,0.090082938568,0.561165949473,0.0666178135572,0.573637764901
14,0.0904929646506,0.548508678491,0.0701975686997,0.567488202825
15,0.0905989358345,0.550128657084,0.0704439501787,0.561633031815
16,0.0929457086067,0.545749189762,0.0716477504329,0.559518150985
17,0.0926448976478,0.537312697906,0.0714569041022,0.554722107947
18,0.0947766690873,0.532220097689,0.0729157507798,0.551836822182
19,0.0938287265599,0.53081733103,0.0715594955934,0.547290150076
20,0.0933189278898,0.526224888288,0.0731263032219,0.543970551342
21,0.095678643825,0.52130260949,0.0742114746511,0.541034370661
22,0.097845036823,0.517931649318,0.0741998091846,0.53617842868
23,0.0953619945794,0.511925925429,0.0736148661332,0.531248927116
24,0.0954304244369,0.512419736156,0.0748284780427,0.52908632718
25,0.0980712343007,0.5058194972,0.0745261126174,0.524376358837
26,0.0975030584691,0.502370136288,0.0758175385432,0.522059068084
27,0.0999775791111,0.497927157925,0.0763594316227,0.517656078562
28,0.0982838787425,0.495780015221,0.0747397584805,0.512075360864
29,0.101325748488,0.492505521728,0.0771732042891,0.51277195476
30,0.0999113921649,0.485941685163,0.0754976375246,0.504553344101
31,0.101098846787,0.482436830035,0.0778526323271,0.503651432693
32,0.102900951814,0.48043849835,0.0780697349755,0.500282811001
33,0.0996665636507,0.479467143233,0.0783022703005,0.49660238903
34,0.102521537875,0.472533569886,0.0785789114365,0.492579454556
35,0.10437808587,0.467293834457,0.0790182451675,0.49026871752
36,0.106925995017,0.462814652003,0.0792816348882,0.485879096203
37,0.106110545878,0.459187284112,0.080437127571,0.484374427237
38,0.107142963948,0.457109011137,0.0797369878735,0.479069296271
39,0.106129944611,0.45446838897,0.0814932494719,0.478863905184
40,0.105808777591,0.453123564904,0.0820440555043,0.476206569001
41,0.109067657533,0.446196616842,0.0818385381978,0.471146157943
42,0.105209801776,0.448554090582,0.0829856929785,0.470124064013
43,0.111905335807,0.44042793604,0.0821716035999,0.465466013178
44,0.108925712223,0.441046526799,0.0799260202774,0.458799137734
45,0.107581703709,0.435052698621,0.0850413689961,0.460934735835
46,0.111226610553,0.433291283938,0.0829821473183,0.455338219181
47,0.109435951409,0.433541333446,0.0773693199852,0.458352307789
48,0.110817538431,0.429440176258,0.0821351096511,0.449680545367
49,0.106285382922,0.428306652949,0.0859534782946,0.449484764598
50,0.114026450337,0.425435812427,0.080898741312,0.441781325266
51,0.105214631758,0.424665366228,0.0859514436034,0.441468531266
52,0.112432037122,0.418414896497,0.0852594690774,0.437746268697
53,0.113887856213,0.413209849825,0.0876202480507,0.437594447285
54,0.115405844381,0.408310385851,0.086035755779,0.431361699477
55,0.113783761357,0.410742500654,0.0870136945725,0.43115982227
56,0.112196981764,0.408920615911,0.0851500111236,0.427828710526
57,0.116086971445,0.404246102159,0.0850616444787,0.424811433069
58,0.111259830399,0.403661075693,0.0904468034053,0.42498197034
59,0.120315200721,0.395914971828,0.085030612327,0.417896630242
60,0.113505081632,0.396776214242,0.0890934878406,0.415706381202
61,0.117666359131,0.390137643768,0.0898313393038,0.413783431984
62,0.119602332608,0.386982333202,0.0910000058492,0.411805417389
63,0.121987848328,0.383528930637,0.0893028610241,0.407516560517
64,0.121136295538,0.382067874074,0.092299748414,0.407185843214
65,0.119592385367,0.381665734144,0.0908397104612,0.403250763193
66,0.122100461274,0.378130660607,0.0921439098988,0.401465347037
67,0.122937456633,0.374334958883,0.0922443316142,0.398490780964
68,0.125381557128,0.37103111125,0.0905807958197,0.394469126128
69,0.123918602386,0.368196788889,0.0944558110957,0.395233988762
70,0.127554933899,0.365234477016,0.0899961337042,0.389239551499
71,0.124856041028,0.362699094873,0.0963177419987,0.39170509018
72,0.126602994565,0.362916097045,0.0902587142075,0.383980476297
73,0.126898709111,0.357947386228,0.0965951249115,0.387345684692
74,0.127105177882,0.357930750801,0.0944343691692,0.381143109873
75,0.126943352131,0.355687544896,0.0955590169158,0.380547990091
76,0.128362463644,0.351589445884,0.0960910039356,0.377898920327
77,0.130206274728,0.35024803533,0.0929314344544,0.373264038004
78,0.128185732004,0.348925394508,0.0977325933268,0.374647951685
79,0.132327983872,0.34359292686,0.0933500572535,0.368170015514
80,0.131551907756,0.342380104157,0.101987999486,0.375175939873
81,0.130005685469,0.340800179885,0.0980837244863,0.365948543884
82,0.135663085259,0.340591982007,0.0940112074513,0.361770522781
83,0.128877869879,0.337029203773,0.102074582015,0.365273237228
84,0.133794761621,0.333751435463,0.100490095087,0.361335055903
85,0.137105028217,0.330423388344,0.100493409427,0.358800615184
86,0.135027124045,0.328860246218,0.101080658265,0.35780387558
87,0.13706001668,0.328035681294,0.0979231977053,0.351710667834
88,0.135110512949,0.324608933467,0.104266260699,0.355253126472
89,0.136034546563,0.325892182497,0.102427753304,0.350649994798
90,0.133635430668,0.327696906833,0.096579998861,0.352593795396
91,0.133983792021,0.327123895288,0.097312653749,0.343346499838
92,0.131304173229,0.322931399712,0.104961689485,0.348458000459
93,0.137058364944,0.318419044981,0.103905195492,0.343981125392
94,0.13656571049,0.320670534785,0.100535818535,0.338234210387
95,0.131754244463,0.316709923056,0.105976636886,0.338751350529
96,0.14156546501,0.31224435224,0.104713951425,0.337367491797
97,0.141886822879,0.307241661044,0.105632171633,0.334703234956
98,0.14204254116,0.306376835475,0.105992319383,0.332615741529
99,0.142495885491,0.304797040728,0.107500381364,0.331646062434
100,0.140435941804,0.304739782443,0.108523073005,0.32894138433
101,0.144571374815,0.299966476285,0.107179303172,0.325532472692
102,0.144315952722,0.300020848329,0.107739039925,0.324310076423
103,0.147929566411,0.294153064489,0.108512640207,0.323033432476
104,0.149628520012,0.292513605494,0.107539720935,0.319742135704
105,0.144305016272,0.294887950787,0.109772357428,0.320092659444
106,0.149939570289,0.289789762634,0.110260119606,0.317569145933
107,0.148074449541,0.289639127942,0.110236131553,0.316063404083
108,0.148632124926,0.287908721429,0.109616025553,0.314034138806
109,0.152496551378,0.283308528937,0.111315419026,0.313674240373
110,0.150507827504,0.284475263495,0.109938746019,0.309317736886
111,0.153079957343,0.281118971797,0.108691065067,0.306687434204
112,0.152246263165,0.2804068006,0.116446377224,0.311689642258
113,0.153499900578,0.278233632445,0.11610408657,0.308974888176
114,0.15481962808,0.275582992114,0.113249581785,0.304615432397
115,0.155504565113,0.274656161666,0.111529631638,0.301221447065
116,0.158849349675,0.270937142464,0.113454285233,0.302643220872
117,0.156618928967,0.270917773247,0.112176977468,0.298734695651
118,0.160115742626,0.267885648287,0.114597365898,0.299002739601
119,0.159456722438,0.266477999779,0.116103956806,0.297123483382
120,0.159980224016,0.264926613523,0.11785818178,0.297519688495
121,0.15951551411,0.264947995543,0.114578074774,0.293034821749
122,0.160057849895,0.263246560326,0.116502318664,0.291914699599
123,0.162636678379,0.260023388725,0.118775561671,0.293805841357
124,0.16271419508,0.258999885848,0.117762815861,0.291741984896
125,0.163223542846,0.256699743179,0.119137777256,0.290000700392
126,0.165575338671,0.255779453195,0.114628091094,0.287035087124
127,0.164321817744,0.255863055587,0.11556529997,0.285026821308
128,0.161258707539,0.255409412659,0.122336761879,0.288289044052
129,0.165762199805,0.251755552796,0.122232661279,0.284682817757
130,0.168235499985,0.249777765801,0.118858503092,0.278702516109
131,0.167850431055,0.24885043158,0.11916585883,0.278021297418
132,0.164957170016,0.248624505905,0.124244297427,0.280656469986
133,0.170617932024,0.244548027332,0.122895741972,0.277651073411
134,0.170094382018,0.244084311792,0.122049567271,0.274472883902
135,0.173566258011,0.241341163906,0.120146886618,0.275208070874
136,0.173067826491,0.240771586505,0.119538800452,0.270898073912
137,0.17311173964,0.239361408811,0.124420601604,0.270862567239
138,0.170259110056,0.238664389803,0.12998464164,0.27728563454
139,0.164893801038,0.244328527496,0.129813772227,0.272048942745
140,0.172245497027,0.23939622079,0.120427337735,0.263209622353
141,0.172307231678,0.237040631473,0.122013986101,0.263384312857
142,0.170484964091,0.235798867849,0.129871810603,0.2657562159
143,0.175745343933,0.232601919426,0.128928932271,0.264510214794
144,0.177080101405,0.231549147803,0.127548267301,0.263716185
145,0.179168414038,0.22918968877,0.127359417623,0.258030878846
146,0.177761297673,0.227759988262,0.130414741162,0.259980713017
147,0.182698360716,0.225226783982,0.124479029537,0.255140570924
148,0.176948415402,0.227318770037,0.132027265834,0.258619576693
149,0.181399748302,0.224844748011,0.127389428359,0.251702483278
150,0.182036327341,0.222847046187,0.133767984344,0.258020271081
151,0.182803420637,0.222672629242,0.128409051199,0.252457536291
152,0.17785475489,0.224755452803,0.137272883391,0.255207592621
153,0.180323178952,0.22056268786,0.134991236147,0.251918301918
154,0.181525910416,0.220464462271,0.133203959223,0.24798604846
155,0.183147066488,0.218948922478,0.135052460794,0.248506706208
156,0.182446038207,0.217169176501,0.135079276308,0.246153708547
157,0.184076778877,0.215882089276,0.132986345184,0.24379916722
158,0.187708990219,0.213763038699,0.136009877707,0.243870355189
159,0.191744464521,0.210597943228,0.133958557723,0.242304889951
160,0.190316436956,0.209690762254,0.136019318597,0.241328606848
161,0.191277142328,0.208808909242,0.137007313404,0.23980852589
162,0.194857823161,0.206078139062,0.139623173775,0.241743969731
163,0.193602524125,0.206522202836,0.137317034821,0.23754552938
164,0.194572941328,0.205543099115,0.135921940692,0.236728858203
165,0.195293634557,0.204546720936,0.132806000385,0.233593798243
166,0.193284406398,0.205001189732,0.133705110587,0.234900757205
167,0.194876274237,0.203794096525,0.139098812792,0.23447279213
168,0.198102927838,0.200175585082,0.144320875311,0.238699478097
169,0.198167346131,0.199195318497,0.143748517728,0.234216262121
170,0.201394156768,0.197522455683,0.141809067756,0.232383612543
171,0.199691080417,0.197901792251,0.140465825475,0.228750487324
172,0.201539770342,0.195565794523,0.146644563887,0.235289362259
173,0.200112750324,0.195083466287,0.148479566584,0.234206650406
174,0.202557640007,0.19397739321,0.145538751874,0.23107880773
175,0.200869956269,0.194753113848,0.139829097211,0.224850439932
176,0.202447150476,0.193860222514,0.144059544614,0.225535224192
177,0.20342365595,0.191026717998,0.150794528425,0.231695860624
178,0.203003562127,0.191211340519,0.146260513415,0.224499282893
179,0.20550108787,0.19103879195,0.137900879556,0.220599520486
180,0.202253736556,0.189741398853,0.153204717415,0.226801005658
181,0.209346970113,0.186272151195,0.148811203807,0.222941923421
182,0.209773534766,0.185987152732,0.146658162117,0.218554096762
183,0.203829195924,0.187128253854,0.152286378151,0.22757414123
184,0.211035201183,0.183918352884,0.149434062738,0.218310520053
185,0.215007049246,0.182231142544,0.147301552499,0.215780724306
186,0.209426915416,0.182477781406,0.154247719462,0.219275623094
187,0.211122704813,0.181979139264,0.148881425647,0.217328363098
188,0.216023652599,0.179630599916,0.150601228105,0.217823857442
189,0.213600286498,0.179804761822,0.155403529207,0.215802906547
190,0.214653505156,0.178106634663,0.155634517542,0.218099296093
191,0.217957575734,0.177151613511,0.15097722822,0.212358227931
192,0.220431492306,0.175144085517,0.155122171293,0.213520052843
193,0.21606306044,0.176021814346,0.155533259746,0.211047356948
194,0.218734685905,0.174697752755,0.153510770643,0.209259928204
195,0.219203103907,0.173754602098,0.153611661939,0.212154707406
196,0.223492550162,0.17157321194,0.156731272219,0.209442555904
197,0.222506780464,0.171220688293,0.155487801794,0.209109208081
198,0.225237025951,0.169884865674,0.155558752632,0.207147765439
199,0.221169691533,0.170836260686,0.159945418121,0.208518572617
200,0.225749806143,0.168341968495,0.154856596837,0.20338849118
201,0.22314059849,0.169047297193,0.15151166292,0.20394796133
202,0.222477967063,0.16894703645,0.159908540811,0.20427864138
203,0.225149922073,0.16739701365,0.163912246291,0.204431683756
204,0.218729355587,0.16844776502,0.157555531256,0.201010753866
205,0.226958528734,0.166415466712,0.155959803584,0.197689730208
206,0.23156017237,0.16333890649,0.152863995605,0.196918771602
207,0.229184995477,0.163988506565,0.156418049249,0.19828081131
208,0.22687089042,0.163668604997,0.161101881886,0.198154591955
209,0.231586241951,0.161795907869,0.168476608721,0.206748838536
210,0.231308658249,0.16103145824,0.166330754174,0.20109129278
211,0.236095197499,0.159873977877,0.15988034101,0.193845019676
212,0.235066594986,0.159519654054,0.160501691116,0.194547343533
213,0.235710013944,0.158004567027,0.171102737934,0.200650677551
214,0.233808075866,0.158694601403,0.164608573489,0.195078499615
215,0.23692891145,0.156298599564,0.169161655313,0.195696586743
216,0.23666045213,0.156418769405,0.162964558603,0.194581628311
217,0.237060427666,0.156417693656,0.159779161188,0.190122571308
218,0.239945569291,0.15459390787,0.168089458543,0.19257667521
219,0.239778245298,0.154037718589,0.166029998101,0.190188689157
220,0.242033545788,0.152900650524,0.170269209285,0.193084762897
221,0.239316507601,0.152149255459,0.174008698524,0.194361748174
222,0.246686882698,0.150228541631,0.167122828267,0.188666083384
223,0.245383785894,0.150149427354,0.169365330893,0.187750288751
224,0.247996366941,0.149070954667,0.168392352981,0.189734855667
225,0.249955866772,0.147370095436,0.173451555205,0.1905397675
226,0.250245502362,0.147491515829,0.171813359119,0.185776575468
227,0.249312416865,0.146540330007,0.17609437547,0.190234304871
228,0.252268912127,0.145911631676,0.175487047365,0.190147774294
229,0.256487407936,0.143979630218,0.174500502539,0.187067535706
230,0.251921330507,0.144449793375,0.176637376316,0.187387299724
231,0.255672741395,0.143655618223,0.168688168098,0.180144889746
232,0.250384588368,0.144256247351,0.172987213001,0.181720712222
233,0.252875954486,0.143149107695,0.176589497385,0.181766921654
234,0.244944034861,0.144420326902,0.177582540335,0.18209169386
235,0.257704205238,0.141308274407,0.176842932718,0.181252999231
236,0.247410326336,0.143030752929,0.190776111936,0.200733328238
237,0.252698893157,0.142732948638,0.181694443896,0.180217086803
238,0.259544243606,0.140585925143,0.178878415244,0.180632690899
239,0.25715262758,0.140421036917,0.174973530127,0.175159160513
240,0.263010535962,0.138804372113,0.179114556361,0.179531315342
241,0.258990785823,0.138180953379,0.180287400203,0.178782536648
242,0.266108618906,0.136055329098,0.180413816446,0.1785192471
243,0.26519256601,0.135133767357,0.186515143413,0.179744581692
244,0.269319779025,0.134352864554,0.18402924773,0.176429196261
245,0.269455630046,0.133534623453,0.187819760772,0.178669617511
246,0.26515287734,0.134296323244,0.184437548206,0.176149919629
247,0.258097832879,0.135837527422,0.183342129991,0.175026680809
248,0.271802482124,0.132233544611,0.184392765768,0.173381973989
249,0.268043907789,0.13241304973,0.188520458119,0.17564480193
250,0.272731672686,0.131098240041,0.18884469465,0.173193223774
251,0.267637032156,0.131164309497,0.190946209966,0.174428893253
252,0.274533469516,0.12963869394,0.186263831198,0.172380907461
253,0.277536571599,0.129139239398,0.184082431923,0.171185850166
254,0.271863608406,0.130038780662,0.185323302085,0.165648296941
255,0.279676500421,0.127455695317,0.187730859321,0.169921502937
256,0.278760345509,0.12729379764,0.186978555178,0.167652366683
257,0.280507680315,0.126215812679,0.19498940469,0.172759477515
258,0.276915644797,0.126786608822,0.18925511119,0.167485602666
259,0.276621374946,0.126754436928,0.192596541029,0.16777771106
260,0.272773030859,0.126989421363,0.196975658606,0.172672863584
261,0.278147797172,0.125073643258,0.198851172308,0.171240873635
262,0.281053771766,0.124289291123,0.197165449877,0.171758517157
263,0.279749152752,0.124119020712,0.195892068425,0.17026401218
264,0.276501605717,0.12463039561,0.201336632274,0.174340012949
265,0.27370443367,0.124956094015,0.20261746612,0.17367848428
266,0.283856244041,0.123360243554,0.201059422217,0.172544021159
267,0.286699363245,0.121607362078,0.198415866664,0.164918007329
268,0.288694432149,0.120178836183,0.202420156754,0.171199462842
269,0.289523809575,0.121275258465,0.177602820287,0.169241448399
270,0.2700520367,0.130170375109,0.195180561785,0.157889950089
271,0.270370005415,0.128358760132,0.188999805717,0.153949274216
272,0.2754923025,0.124885545614,0.198266949256,0.16471946286
273,0.283629092459,0.121906896337,0.204713044971,0.170926235151
274,0.287450634516,0.120689711605,0.200402391612,0.159215955529
275,0.292092927373,0.119468803303,0.19167798841,0.157371577341
276,0.28238068521,0.120552909202,0.211067265236,0.170039909426
277,0.291026834685,0.117419360349,0.204702753781,0.163078146055
278,0.292500957274,0.116868577611,0.200194786712,0.158406037372
279,0.300256007566,0.115546997637,0.193178160531,0.154189017136
280,0.293293779573,0.116146505166,0.20654947,0.157157726586
281,0.29368073264,0.115040657612,0.210939719543,0.163095398806
282,0.299943390374,0.114014930163,0.202153503144,0.153148257174
283,0.303737752713,0.113000518714,0.201915634984,0.152849145699
284,0.298867824559,0.113841217298,0.201053462239,0.152060422115
285,0.293776100072,0.113404539342,0.212587849269,0.161257878877
286,0.304513046375,0.111715931732,0.207998863465,0.155947817955
287,0.309056378328,0.110628060997,0.213789719669,0.16105600493
288,0.31011286951,0.109954984715,0.216917269179,0.165104422718
289,0.302834668985,0.111639488202,0.213261769522,0.15559743112
290,0.303201892628,0.110983651705,0.208074511325,0.151793011464
291,0.305613469046,0.109832565658,0.205978802461,0.149858277757
292,0.308126516927,0.108846409676,0.214353522163,0.154625105672
293,0.312469645762,0.107811351808,0.214034450998,0.152294130065
294,0.31114493597,0.107563916307,0.21440688056,0.153668514919
295,0.306399526504,0.1077036508,0.211911077759,0.151073140092
296,0.314801958891,0.106854716746,0.209937157639,0.14823122602
297,0.311577917292,0.106996220751,0.210905560226,0.1481445604
298,0.313071655539,0.106351181292,0.212834639491,0.151853741147
299,0.315652376757,0.105782380184,0.218630088622,0.150671406649
300,0.312749221348,0.105534601957,0.216889602799,0.151416954119
301,0.320594356037,0.104245128253,0.216489848021,0.14840619592
302,0.302747739909,0.106871614949,0.214556127073,0.147835464682
303,0.322425730526,0.104267325825,0.209440206122,0.150627768133
304,0.315958313071,0.106041689905,0.208720582295,0.140397930983
305,0.318827501283,0.104531602504,0.21405048997,0.145060178824
306,0.321738937726,0.102916118044,0.223946840604,0.14971720567
307,0.325247871761,0.102097406697,0.219891878857,0.147328701336
308,0.319173660416,0.101962379538,0.228811482171,0.154017113149
309,0.323808800143,0.101603043767,0.222833800537,0.145781285129
310,0.327523413759,0.100731032686,0.222253991931,0.143445005175
311,0.329021745003,0.0999941702646,0.221798209453,0.144580902532
312,0.329228008596,0.0992587415072,0.23566694978,0.157614296302
313,0.332667276263,0.0989282426353,0.231488249201,0.15081260819
314,0.332331573734,0.0987482154025,0.227049369842,0.145805219188
315,0.325514981666,0.0997034486097,0.220455227327,0.139984783251
316,0.328403926526,0.0991589888357,0.22507351551,0.143811271992
317,0.329610530574,0.098413223544,0.221957528915,0.143282066798
318,0.335939324819,0.0974154045375,0.227504024804,0.141897199675
319,0.330104219226,0.0984241280418,0.218759012079,0.137286919402
320,0.334149441467,0.0972548912351,0.229245687096,0.139986103401
321,0.336417492193,0.0962797758671,0.233835115123,0.146863328293
322,0.342189804866,0.0956949846676,0.225091304975,0.13701639371
323,0.33132669215,0.096170472411,0.234588865311,0.1417291041
324,0.344468000417,0.0943580510525,0.223725522681,0.135611832142
325,0.34111055044,0.0942129991375,0.23089717431,0.141740923049
326,0.329369079608,0.0953690372407,0.22644956233,0.135201670928
327,0.344798652025,0.0934578690391,0.230675038144,0.138681985671
328,0.35026394977,0.092704517337,0.225655622323,0.134795162361
329,0.346958417732,0.0930231720782,0.230391016379,0.138068835717
330,0.335832743691,0.0938735334919,0.238150972997,0.140258233529
331,0.350785622803,0.0916741971786,0.237099422966,0.139932975173
332,0.35097522919,0.0910617763606,0.239573121761,0.141561715631
333,0.338889378195,0.0924290965956,0.23931531012,0.141149197705
334,0.344044069831,0.0918771378123,0.238776968154,0.139996674145
335,0.344673140118,0.0911485876601,0.23049597201,0.136458857451
336,0.355679488526,0.0899288072609,0.230586481141,0.134419358568
337,0.354376784311,0.0894720858106,0.240519412189,0.139099180466
338,0.344042556933,0.0913447666054,0.245129307084,0.138074041344
339,0.355619333684,0.0890887098817,0.24109786802,0.137933727121
340,0.360042588069,0.0895644698579,0.232696762053,0.130954390857
341,0.349451167079,0.0902072472068,0.231510714646,0.12996741198
342,0.350271112071,0.0895187095381,0.24230959666,0.133836300811
343,0.354718776276,0.088967861751,0.241228713322,0.136058342876
344,0.348700573238,0.0891632540868,0.26032619217,0.143519737292
345,0.353697444384,0.0884932150634,0.248513134834,0.135853583226
346,0.359747433892,0.0873970847863,0.240713110235,0.128128192155
347,0.357961636323,0.0871159993112,0.24664672471,0.135148228845
348,0.347279591629,0.0888376396436,0.243208664797,0.127357681282
349,0.354424614746,0.0872260478254,0.241842325722,0.127998078242
350,0.356965516049,0.0863328513045,0.242229804379,0.12627553544
351,0.371987357736,0.0843943174069,0.243969835648,0.128811989212
352,0.369803702602,0.0844163631017,0.251032516085,0.129044771194
353,0.361672340104,0.0849284309034,0.252581595977,0.134833709802
354,0.369049604122,0.0838168630233,0.25257989386,0.13289980148
355,0.373011520276,0.0831638861161,0.246885475181,0.126777549041
356,0.378972782538,0.0822433737608,0.252301973018,0.128900201526
357,0.376963717433,0.0823874639777,0.249551160399,0.127377908444
358,0.371718590076,0.0827823246901,0.254328200103,0.131557895569
359,0.370817395357,0.0826178783408,0.25980122303,0.135681589833
360,0.372101040414,0.0818420631381,0.25859854051,0.1358520207
361,0.371622561835,0.0822718673601,0.251290639981,0.126403880306
362,0.383577517592,0.0806386542435,0.25533130099,0.127422870835
363,0.370828652611,0.0815112352944,0.256461336194,0.12731928844
364,0.385030270769,0.0799144801612,0.26014098706,0.130617051618
365,0.373239580828,0.0807644441151,0.256046252451,0.128379639937
366,0.376247403713,0.0807837700615,0.25999648993,0.126015541377
367,0.371159958725,0.0809734839086,0.262672719569,0.129106456414
368,0.381085426188,0.0798609543305,0.262319547465,0.132722134935
369,0.378181977341,0.0798708283557,0.26002223667,0.130283782957
370,0.380169137166,0.0789142718109,0.270411724002,0.139976399485
371,0.380821723204,0.0793125087825,0.247244633581,0.122297882568
372,0.389146656944,0.0791854927173,0.257913257297,0.12304358487
373,0.385937353739,0.0780704995761,0.2738362026,0.138881007209
374,0.380479876812,0.0787195061835,0.265124757162,0.132457148517
375,0.383532300591,0.0778640557367,0.265603854981,0.127618034836
376,0.379008725286,0.0777780938034,0.260374141126,0.125816796441
377,0.385761088477,0.0769739205448,0.27064722668,0.130198126426
378,0.393929178898,0.0762053269606,0.274829480756,0.133684515255
379,0.396955793867,0.075891810541,0.269741773766,0.130712587852
380,0.395094708754,0.0757446085604,0.267942758344,0.129176925868
381,0.390016931754,0.0761697742228,0.261836682125,0.124174265889
382,0.390493376324,0.0755262612723,0.271135888544,0.128588117659
383,0.402217122225,0.0745118114238,0.264552309392,0.123223905452
384,0.393184485057,0.0757683555667,0.252224748798,0.118823492434
385,0.400225713849,0.0754369717951,0.264980476917,0.119276536629
386,0.39246837107,0.0752881461611,0.270689125281,0.122658418259
387,0.380274112121,0.0763002224267,0.269139332536,0.121088762768
388,0.401372478558,0.0741517512271,0.273135528095,0.125518656801
389,0.395480632209,0.0739313619068,0.277025139068,0.125811805017
390,0.397363426021,0.0740077214745,0.266469557526,0.117364315316
391,0.389249517367,0.0746002225922,0.260651322449,0.118378594751
392,0.40223553089,0.0734651962725,0.280020671659,0.127586880932
393,0.395107484781,0.0736547241417,0.281901191149,0.128346353536
394,0.415363750779,0.0715670780494,0.273547922459,0.121574383928
395,0.408715900893,0.0718287791197,0.279878008702,0.122660856927
396,0.419170979124,0.0705528829533,0.281808389842,0.122892419808
397,0.408813849092,0.0714561535189,0.281549324774,0.122599322116
398,0.406680670495,0.0713089526846,0.279971413834,0.127451781416
399,0.41575973309,0.0705417557978,0.274023572531,0.120708147995
400,0.399228075376,0.0716067896439,0.28302097953,0.124927874422
401,0.414749577641,0.0701767008465,0.282989811059,0.124544743448
402,0.413860238515,0.070008265571,0.283081089395,0.125110141933
403,0.402176758418,0.0709428749979,0.279034406941,0.123287662165
404,0.415596545889,0.0697703934633,0.278489794227,0.121035918593
405,0.401100159265,0.0707778589657,0.281996190068,0.118199247634
406,0.40515807357,0.070261876457,0.289648929769,0.122732336633
407,0.418038245577,0.0690821349048,0.281116042271,0.118525326252
408,0.419555973548,0.068786256875,0.283101714126,0.115042097168
409,0.413896350906,0.0686355121434,0.287642396839,0.119703687029
410,0.408117159628,0.068786942615,0.282033812917,0.116014197003
411,0.412055856906,0.0682833779317,0.282272220733,0.118093083147
412,0.431729560861,0.0667960451773,0.285080626723,0.114534524502
413,0.426182824832,0.0669588721715,0.277866274387,0.115004070569
414,0.419884798618,0.0674574249066,0.286533391075,0.116091109114
415,0.434013919188,0.0660094948342,0.29045732244,0.118982231012
416,0.424340687119,0.0666412398792,0.283830167856,0.114280977519
417,0.433431734259,0.0657672532476,0.297418705405,0.122666440206
418,0.422253243052,0.0663043667491,0.294053658088,0.117339300923
419,0.428678553838,0.0663336486771,0.298235963364,0.120751015376
420,0.429301597751,0.0655959588117,0.294291675631,0.121191945858
421,0.431008798572,0.0654357855137,0.290761836218,0.117362213088
422,0.436214936467,0.0649578161538,0.286799683385,0.113798711682
423,0.437505810307,0.0645259737682,0.28471586988,0.113755291095
424,0.437144826238,0.0646772901886,0.292100487046,0.11400479544
425,0.437564845842,0.0643740452539,0.282862214683,0.11193006509
426,0.43456508907,0.0645782395911,0.287540871819,0.114060429158
427,0.435555642614,0.0644251536578,0.285925527563,0.110821503215
428,0.442779742754,0.0639103057866,0.285356918203,0.110895318445
429,0.423668381113,0.0657702842011,0.279959942087,0.108548050281
430,0.444140891616,0.0642201156857,0.283368285327,0.108494648477
431,0.443507912067,0.0643040271333,0.292898042668,0.112012539757
432,0.434944810776,0.0640459297082,0.302951230724,0.120158707956
433,0.430531504636,0.0642074870949,0.29868301767,0.11395438551
434,0.446561911931,0.0625244535219,0.296272133748,0.113924186444
435,0.442159881959,0.0624255549449,0.307183919628,0.121504551498
436,0.43851789259,0.0627123520065,0.309961286441,0.120137556223
437,0.440528249511,0.0623562937746,0.307838636148,0.122378078988
438,0.445386504898,0.0620827232129,0.295856039828,0.114640686195
439,0.457188002192,0.0613400844427,0.293698522933,0.111608224921
440,0.439386039972,0.0619659995517,0.304735038997,0.116387854563
441,0.454278668532,0.0605606304911,0.308832092008,0.117864062311
442,0.456537540142,0.0606236943545,0.307227147287,0.116097453749
443,0.46366376831,0.0599427163028,0.304707971664,0.115603426704
444,0.457375831329,0.0601429745841,0.303982998178,0.113745297771
445,0.459775407727,0.0601194380568,0.302233301873,0.113096987596
446,0.4557098838,0.060520667726,0.300322272225,0.112040285487
447,0.458643910977,0.0598220042884,0.301074284772,0.115777355386
448,0.450432512049,0.0600496784139,0.309608144616,0.115330351749
449,0.442663492635,0.0625124387443,0.298322287949,0.107460811036
450,0.437346394245,0.0631632429476,0.300219366199,0.105130202603
451,0.43986797562,0.0627674019107,0.302562367427,0.108396165073
452,0.449620793645,0.0613213187227,0.310172761358,0.111357785296
453,0.444970289102,0.0606441705559,0.315185531515,0.111968826037
454,0.45024976822,0.0603793803602,0.310736129852,0.113321370445
455,0.447470521698,0.0603836941031,0.310633550593,0.109626591671
456,0.456235224811,0.0594981891605,0.311951986022,0.105953078019
457,0.446687398049,0.0593491358539,0.314324678754,0.110108048422
458,0.465528233693,0.0582859739661,0.319161558958,0.116099335952
459,0.464871328611,0.0576906485053,0.319781221088,0.108747565886
460,0.466026776112,0.0575694855876,0.311644177379,0.105351791251
461,0.461630275616,0.0580264170869,0.317932852203,0.10888383491
462,0.470260278537,0.0571293838036,0.318164339263,0.108184420737
463,0.477609028037,0.0564490212844,0.312603605701,0.104549406329
464,0.471752423507,0.0565730516727,0.316655373129,0.107512413291
465,0.454046391524,0.0572248522479,0.321749380404,0.110312310746
466,0.449518222648,0.0572220591398,0.325531580514,0.111155122053
467,0.472131231656,0.056470215034,0.321483849367,0.107499955455
468,0.465777255022,0.0566591948557,0.306134090348,0.103487772867
469,0.472962262539,0.0562769544239,0.327092323748,0.115418801783
470,0.474045340831,0.0559264862767,0.330023362303,0.113927953178
471,0.450463526524,0.0570948076649,0.327685082259,0.107557264855
472,0.472762175477,0.055944850525,0.320800963735,0.108405096224
473,0.472980862627,0.0556068400351,0.319209021383,0.104907553177
474,0.477386541091,0.0553575234058,0.318616674132,0.101915489882
475,0.455754090387,0.0565452716098,0.318815366969,0.107834660681
476,0.482753153031,0.0546473796264,0.320172499459,0.104978983756
477,0.486416175961,0.0539565355732,0.330790716425,0.113126136595
478,0.487788455991,0.0537837673552,0.32306336058,0.10615605372
479,0.465995064149,0.0548054538667,0.326948386328,0.109475062694
480,0.472907851522,0.0545749536787,0.329099473872,0.104397579562
481,0.475872202561,0.0539060237889,0.33385931767,0.11992887198
482,0.481284968555,0.0536466349776,0.327371447751,0.107053901767
483,0.484620071374,0.0532820422489,0.322660659474,0.107274777023
484,0.495038771859,0.0525671070298,0.329268273964,0.104627558729
485,0.495170440811,0.052697196173,0.333354856431,0.108900587773
486,0.497411353084,0.0523425865059,0.332298786916,0.107799410587
487,0.47488578237,0.0532982628793,0.340232895095,0.114996405318
488,0.491285918997,0.0523874443024,0.337414896354,0.109131033299
489,0.496804655744,0.0519412351915,0.333373959435,0.105312073603
490,0.504002620394,0.051475253386,0.327454467585,0.102862674044
491,0.454268352343,0.0540439278747,0.322752312833,0.102790516103
492,0.478072910355,0.0530127498966,0.328041283313,0.0985609535128
493,0.483505241,0.0523068490796,0.325127091714,0.0997334497515
494,0.501716506023,0.0513683031671,0.330558478267,0.10194341559
495,0.507354022219,0.0509116009164,0.335772947584,0.105405364418
496,0.497897011729,0.0510352427283,0.342779150591,0.112298147986
497,0.501909175744,0.0509828986743,0.339979141599,0.107787063345
498,0.496798970378,0.0507756352711,0.339313700062,0.105073837331
499,0.497750163078,0.0505006876416,0.33913747012,0.106863834662
500,0.504487963823,0.0502441575607,0.342012142174,0.106119016185
501,0.489070202296,0.0510210690017,0.342537974032,0.103988089832
502,0.503554347616,0.0501564241086,0.339411096545,0.102281770669
503,0.503445728467,0.0500554723235,0.33968859923,0.105224558618
504,0.489866030904,0.0506784824225,0.343685313713,0.100872034673
505,0.483716246027,0.051466299794,0.338746624813,0.103170615155
506,0.492850911159,0.0510278114906,0.328973474238,0.0980365606956
507,0.50759373376,0.0499384072251,0.34618719998,0.111804974498
508,0.512002041707,0.049729566448,0.34570780847,0.112090075156
509,0.482930925603,0.0507817026228,0.348181210092,0.108206341276
510,0.495082881588,0.0499707977646,0.350464782077,0.107772936113
511,0.519110587927,0.0495800424654,0.338916914214,0.0991538926028
512,0.500388944378,0.0498372466805,0.335668624874,0.0964558164123
513,0.511058872709,0.0490190803718,0.344178325387,0.102042687126
514,0.506076544523,0.048883217172,0.352621186414,0.111348015722
515,0.525892113264,0.0477576750116,0.346034271163,0.103482722305
516,0.507399584238,0.048455233614,0.342990653639,0.100965679623
517,0.516003247637,0.0478286016732,0.347397765345,0.100663723191
518,0.505913568231,0.0481177433752,0.353031406813,0.102413943969
519,0.506616333356,0.0480468745988,0.349275865818,0.102079820586
520,0.522787189254,0.0473380813805,0.344906601057,0.100050896173
521,0.511367927377,0.0475311643229,0.352270304841,0.103282237193
522,0.525809886364,0.046631778662,0.353536382111,0.108168615028
523,0.523962246684,0.0467383625129,0.345718826913,0.103956485167
524,0.510343008316,0.0475860060408,0.353232757672,0.104434936773
525,0.516904719747,0.0468724736801,0.355368494222,0.102843969595
526,0.509387079913,0.047302308564,0.349607920548,0.0975089361891
527,0.519984402336,0.0465297787808,0.346375179499,0.097410395043
528,0.525244551209,0.0462297633863,0.357357840055,0.103783525759
529,0.513163990699,0.0471521542909,0.344131949915,0.0945863502566
530,0.510668504697,0.0481734417665,0.350761746481,0.100577224977
531,0.514019766679,0.0473892188703,0.354410295602,0.0961091367062
532,0.515877622824,0.0471560559594,0.349071504794,0.105964479269
533,0.511729405476,0.046760936196,0.360875569593,0.110960374586
534,0.52163295104,0.0464477385752,0.362757380981,0.103435327765
535,0.532747873893,0.0456562370348,0.361069716708,0.107691229321
536,0.515863485061,0.0468958258056,0.360310365712,0.106860851869
537,0.537409887864,0.045954986547,0.342593282097,0.101229254622
538,0.518378512217,0.0465927860485,0.3504271751,0.100569249596
539,0.526173691337,0.0460639773653,0.359444978195,0.102791572222
540,0.519930914044,0.0458201425007,0.372710522282,0.111115415581
541,0.518002348451,0.0458518745234,0.361860708023,0.103042337811
542,0.541967505446,0.0445101444538,0.356792755697,0.100848742295
543,0.514958646435,0.0452678288118,0.371182704958,0.106142688543
544,0.527458243072,0.0452985048581,0.365570104341,0.106700036675
545,0.521558271005,0.045094389755,0.3629124304,0.101173360366
546,0.520281423743,0.04626664462,0.348384792712,0.0939834786113
547,0.520713382042,0.0450740672935,0.364762492675,0.10141269071
548,0.54371119921,0.0438711024248,0.371172350166,0.101558082737
549,0.545363664627,0.0437426757641,0.365183602391,0.100209276425
550,0.546620771289,0.0433774848397,0.362535838383,0.0964021396358
551,0.541488371216,0.0438787958656,0.369522027528,0.103645307478
552,0.546751587437,0.0432830626288,0.369737760017,0.10148118902
553,0.550276295497,0.0433645970546,0.361982307311,0.0956326418091
554,0.545547205668,0.0428866318499,0.370532897529,0.100381186465
555,0.537166789174,0.0432409442102,0.365205060132,0.100327662658
556,0.544914894379,0.0427690497958,0.370550223884,0.101879647002
557,0.553074886019,0.042257352947,0.366675546927,0.0990953603759
558,0.545144687478,0.0427646071005,0.370333672981,0.103598128539
559,0.555141955614,0.042016059017,0.370590183294,0.0999103779905
560,0.543453534062,0.042466011758,0.367094027235,0.0969476250466
561,0.540970419462,0.0426465205562,0.368928894196,0.101369580952
562,0.55136412726,0.0422017409538,0.374239676502,0.103893729625
563,0.503100079413,0.0441038274708,0.365593491902,0.0954887454864
564,0.553345087629,0.0419821426846,0.369946386495,0.100496742409
565,0.554012761666,0.0418053345325,0.372826380962,0.100673410576
566,0.559812736053,0.0415981798791,0.366153736481,0.0990519374609
567,0.557822023447,0.0416477927222,0.372141319435,0.0993938390166
568,0.549115482431,0.0417222333356,0.375337714232,0.101307620527
569,0.54315149211,0.0421236145955,0.362679357507,0.0979130642954
570,0.541628896044,0.0419801937846,0.375410581931,0.102135647088
571,0.561505278716,0.0412648608192,0.372944310289,0.100633052876
572,0.557878259283,0.0411971559605,0.370312554892,0.0988362664357
573,0.545982475464,0.0417775573352,0.373117962953,0.100643653655
574,0.556344942405,0.041079969217,0.374424303952,0.101033506449
575,0.536041263204,0.0417894766881,0.372436269255,0.100271018688
576,0.562220638761,0.0407987878873,0.375104868593,0.102692898829
577,0.541019218472,0.0416494586433,0.373656582525,0.101537114009
578,0.552536469239,0.0410067208398,0.373322270922,0.100180113688
579,0.53987402297,0.0414931665246,0.374528118383,0.101033711107
580,0.563445053422,0.0407329743298,0.376177786934,0.102222777205
