epoch,jaccard,loss,val_jaccard,val_loss
0,0.0666162203997,0.763339791447,0.060194786638,0.719114810228
1,0.063962982269,0.702674787492,0.0581145975739,0.680925741792
2,0.0633715661243,0.676454242319,0.0582626387477,0.671237379313
3,0.0637987868395,0.666458174586,0.0583827923983,0.661703705788
4,0.0641744255554,0.660484619439,0.0590100353584,0.654887571931
5,0.064170015743,0.652331337333,0.0601208917797,0.647258788347
6,0.0646554508712,0.644900299609,0.0597808752209,0.640362337232
7,0.0655432536732,0.637434709817,0.0609331941232,0.633549705148
8,0.065776209347,0.631614793092,0.0604252172634,0.630061075091
9,0.0653317889664,0.626181397587,0.0610383357853,0.620614871383
10,0.0659553164151,0.619137227535,0.0608942294493,0.614099964499
11,0.066492034588,0.61189147085,0.0607003299519,0.607932701707
12,0.0665321862325,0.605622060597,0.0614747591317,0.601458743215
13,0.0665737427771,0.604828108102,0.0601894082502,0.604340821505
14,0.064913649112,0.600123476237,0.0596986645833,0.593823641539
