epoch,jaccard,loss,val_jaccard,val_loss
0,0.285879198462,0.583175326196,0.33206429542,0.537717894651
1,0.328851040166,0.504983478441,0.354152646847,0.495865461417
2,0.341540617725,0.480931398387,0.365022708196,0.477328982204
3,0.353123303216,0.460647413364,0.375810972415,0.462096699048
4,0.361339602619,0.445838743104,0.377744313795,0.453623905312
5,0.369423981756,0.431946314871,0.387855116744,0.439018637408
6,0.376403984829,0.423267211478,0.392115238588,0.433442191221
7,0.37525326558,0.421119078421,0.399841254111,0.422965464648
8,0.387134428781,0.405683726072,0.400945992675,0.420368199702
9,0.388857303331,0.402134534258,0.402779270895,0.416704725474
10,0.395137637567,0.393788520533,0.413946347311,0.406302972697
11,0.397815352449,0.389385744356,0.406466326211,0.40678547509
12,0.403884079594,0.379333923069,0.412462791894,0.402470155153
13,0.406755423317,0.376243529985,0.412334599067,0.403018379118
14,0.406374012908,0.374812799004,0.418966075871,0.392910886556
15,0.40920844101,0.370360158957,0.428614104632,0.383836822119
16,0.411299828153,0.366847370106,0.42708171811,0.3851524028
17,0.421199392241,0.357302168814,0.430823726114,0.379215533379
18,0.423402539239,0.353943733069,0.435366337653,0.374197476543
19,0.428355807868,0.347328842259,0.436712823808,0.375124418642
20,0.423491051564,0.3521211623,0.431699356996,0.375723340549
21,0.425409140495,0.349766518634,0.442070791032,0.36872949684
22,0.430454106285,0.34423972609,0.438888328616,0.378058405127
23,0.433990630966,0.340905014712,0.443221240304,0.372030957136
24,0.4386384,0.33471949112,0.44752012752,0.363703695592
25,0.433421109158,0.340091382082,0.450548950117,0.35990761593
26,0.436921809155,0.336299042289,0.452956878114,0.357767201494
27,0.442787088454,0.329209234852,0.455451387912,0.356195573229
28,0.453254904885,0.318997662801,0.454765935428,0.354309360031
29,0.451377030175,0.31980119531,0.460689865518,0.349686369766
30,0.446016191863,0.325985419636,0.456001539715,0.350321860053
31,0.460776325029,0.311179556526,0.458785469178,0.349090981763
32,0.455722804253,0.315130825226,0.457251277752,0.34761697799
33,0.455049160008,0.314457310507,0.467158339452,0.343227898236
34,0.463970145354,0.307791489821,0.469903920777,0.341525760479
35,0.46024811841,0.308757091371,0.469772341661,0.340828265063
36,0.463518284834,0.304934739493,0.473452172708,0.343504939228
37,0.471533156931,0.299513239127,0.474322904833,0.338585939724
38,0.469423584067,0.299332821598,0.472019453533,0.337776950561
39,0.469258913627,0.300095579945,0.477390082087,0.335408371408
40,0.477433870618,0.293820469425,0.475968165789,0.335206650663
41,0.474880658663,0.295449028795,0.476912625134,0.337155794259
42,0.483439737214,0.287892747957,0.477079332806,0.334085842595
43,0.489305621156,0.282403314343,0.485187652521,0.330334325787
44,0.486035878269,0.285319222854,0.483270336874,0.331538857892
45,0.489644177258,0.282510107813,0.486001445446,0.326873053331
46,0.48561704388,0.287090767462,0.489264304284,0.33262723079
47,0.488507304627,0.284415768889,0.487386798486,0.328156521078
48,0.493574167673,0.277848563802,0.486822062172,0.329894247465
49,0.496518841157,0.275404705738,0.488518686965,0.327289387118
50,0.5007493324,0.271431628901,0.486645587254,0.33097681962
51,0.50286356589,0.268887782613,0.495177638717,0.322151303291
52,0.505763311512,0.268209145333,0.496106982697,0.322485113051
53,0.51247354253,0.262884244609,0.493767850567,0.324002192821
54,0.506346388505,0.266711112971,0.502604586072,0.321565316059
55,0.510746349509,0.263912660285,0.482389597688,0.332623560913
56,0.517060202475,0.256791169254,0.505813920405,0.318845050875
57,0.511506577524,0.263258123627,0.483386288397,0.337678081822
58,0.52136866863,0.253450689981,0.501613455825,0.321372055914
59,0.522419961599,0.253471654195,0.502747325692,0.321854328737
60,0.517560572578,0.254897153148,0.498246747069,0.322866196046
61,0.534505214256,0.245438539638,0.505682899151,0.317357748747
62,0.528726192048,0.250037852388,0.50827208627,0.319085821044
63,0.535691398841,0.242411575065,0.501064382959,0.326361899264
64,0.531544959316,0.245391666603,0.509432351682,0.319739248604
65,0.535954478268,0.242257427424,0.498329628725,0.325758719817
66,0.541192039274,0.236600622821,0.517151833978,0.313515161164
67,0.538646868788,0.241785184695,0.509988684673,0.320133763133
68,0.546612457014,0.237439287683,0.506092463154,0.321437714621
69,0.546334373836,0.233397782135,0.518953226041,0.319725636626
70,0.544392773738,0.233504383037,0.515532025136,0.317576466128
71,0.54584798618,0.230111670322,0.518920612056,0.317050734535
72,0.569586188747,0.21801771768,0.519303933252,0.318066763226
73,0.557384985571,0.223628023496,0.525323142763,0.312179343775
74,0.565843395889,0.216873378994,0.522159712389,0.31935597444
75,0.576223234145,0.212345411858,0.52545044804,0.320226735668
76,0.567969591572,0.215936456162,0.515481593087,0.326543637551
77,0.568932600893,0.216038488711,0.522405736614,0.318087772699
78,0.567796266996,0.215594187379,0.529679850675,0.317945607472
79,0.57275561186,0.212846473719,0.531196232885,0.317125566071
80,0.572267136322,0.21262921966,0.531344759278,0.316153600579
81,0.584170218844,0.205840383871,0.527644417714,0.319390186341
82,0.587925600891,0.203097935766,0.532018184196,0.318141392199
83,0.580755395958,0.208073527767,0.53079485707,0.32110746135
84,0.586740512687,0.20468443145,0.531635623891,0.317055814667
85,0.59027133137,0.200774316031,0.52905444568,0.319001615047
86,0.598579721382,0.196634199757,0.533705099951,0.321193466429
87,0.594604166081,0.197404991835,0.540436492767,0.315439720405
88,0.603284928661,0.19368600043,0.538608737756,0.317882664502
89,0.596182631759,0.19627123498,0.53956004139,0.314702394884
90,0.610524897965,0.18810631564,0.535804545507,0.322080124868
91,0.604938199314,0.190869072882,0.542745964602,0.31568632694
92,0.61385913881,0.185987966565,0.539658213034,0.318701758282
93,0.614480220355,0.18678063842,0.548342224676,0.315935420571
94,0.611724821994,0.187096309776,0.541635511909,0.313479731791
95,0.619014266019,0.181074612989,0.542810400017,0.319407774135
96,0.623640782558,0.177645001847,0.54374591168,0.322025297442
97,0.624388596186,0.176759545906,0.544396137353,0.320463995682
98,0.627168214092,0.176151193965,0.546910891775,0.319156704005
99,0.630537225077,0.174273478011,0.545919447206,0.320279898355
100,0.627879713017,0.1752209096,0.547514571808,0.31989827822
101,0.623353905976,0.176608214871,0.549736939371,0.318420521915
102,0.627557270229,0.1745608406,0.547133903485,0.319328890881
103,0.632787564626,0.171995185602,0.546976597514,0.322726244573
104,0.633981917913,0.171998429757,0.540887291543,0.326130933361
105,0.639956635924,0.169063799943,0.550709398929,0.320593258832
106,0.637543198008,0.170199506558,0.551629902795,0.319728782633
107,0.62847856948,0.171972642151,0.546035663225,0.324897925835
108,0.637674143108,0.168751536367,0.552753957454,0.318766388344
109,0.641445357066,0.165940148326,0.553702993784,0.319799682591
110,0.63469945754,0.168957091008,0.547179491725,0.324263076065
111,0.642874289017,0.165720265359,0.549164693803,0.325392407132
112,0.636934003578,0.166893110825,0.552157622296,0.323119279929
113,0.645895321209,0.164435303842,0.552331499755,0.324939793209
114,0.640110073181,0.165468111634,0.557147547137,0.319032251835
115,0.642400194246,0.165629209521,0.553607112262,0.32338855695
116,0.641920657112,0.167514266733,0.550544435624,0.32692142739
117,0.654964623543,0.15835479561,0.554254939314,0.325287450338
118,0.647988957854,0.16170577447,0.552190816496,0.328054229729
119,0.642224862025,0.162616838343,0.555236883927,0.322774671949
120,0.656400596866,0.157635965026,0.554414318874,0.325742567191
121,0.657842880258,0.158060236906,0.556091820821,0.326252032304
122,0.650394018453,0.159967549145,0.554370415863,0.32505341759
123,0.662259373527,0.154530811768,0.558340350632,0.322408203036
124,0.65951253703,0.155914364956,0.558675229084,0.323430338642
