epoch,jaccard,loss,val_jaccard,val_loss
0,0.274589609806,0.610398230071,0.370028909063,0.510012092534
1,0.290292712646,0.574482541245,0.365802090382,0.527989640366
2,0.332968093942,0.508872519892,0.37228129548,0.517920803744
3,0.321318648753,0.51953255901,0.383654552512,0.495299056172
4,0.339049048828,0.496648168335,0.38317984459,0.497388955671
5,0.345870090458,0.483634736102,0.392836563755,0.475162381306
6,0.327697691902,0.508200837443,0.390972932335,0.476420744322
7,0.332235902924,0.490221378322,0.388937124517,0.47563190246
8,0.356141174406,0.468498124526,0.398498592898,0.468580163084
9,0.356008228128,0.465718074487,0.387650225777,0.48115722416
10,0.357523838251,0.460128180683,0.396529706661,0.46715348633
11,0.345039905712,0.474300144957,0.406033927109,0.458102261182
12,0.356615243642,0.458313036423,0.410602272023,0.448674743064
13,0.352450304895,0.464459223243,0.401919595897,0.457893826999
14,0.360660854207,0.452049129284,0.389907897916,0.473872461356
15,0.361251029492,0.451260924912,0.412933639251,0.443629305344
16,0.324908394952,0.495059521726,0.397273916285,0.456297650002
17,0.355554160184,0.453684917436,0.412127043121,0.440373228863
18,0.358572588331,0.453404384164,0.404662994668,0.446858955082
19,0.363873252672,0.443999432027,0.410950186197,0.436849399004
20,0.360659371694,0.442566763323,0.417770148721,0.4369978006
21,0.377363835011,0.419416766327,0.411036546342,0.443409748375
22,0.36659583098,0.43633721425,0.40664815437,0.438932702877
23,0.353035217669,0.449286300976,0.409734771587,0.437011733185
24,0.361004554204,0.435637633961,0.415615469683,0.43027937226
25,0.361643284962,0.43603815998,0.415153258014,0.426734715234
26,0.363864340623,0.43245387937,0.419668698218,0.423822227865
27,0.354442287182,0.43696106913,0.403838840779,0.445704374928
28,0.376991536294,0.413708440386,0.409032712225,0.433043501806
29,0.372795595786,0.424876152323,0.401535239536,0.444069261663
30,0.376594564342,0.420775045569,0.428868097719,0.415476819035
31,0.395016182615,0.392234342603,0.417180062272,0.428122458514
32,0.376683018453,0.415746316314,0.420368687715,0.429848736152
33,0.391825539246,0.39333734604,0.424335427582,0.42519193003
34,0.375425913475,0.415811132353,0.389966265298,0.455574174412
35,0.363148300024,0.42329619481,0.40529861697,0.439311109483
36,0.373883907623,0.419473609099,0.41014781245,0.430621453095
37,0.37870076339,0.408184408568,0.413358031306,0.428826684598
38,0.365691045655,0.424454134817,0.425495334435,0.420263222419
39,0.373443577879,0.414543845906,0.414917070419,0.432842789218
40,0.377498310861,0.407224343373,0.419845238328,0.427674335428
41,0.370367165365,0.424134278527,0.427983806469,0.415502742864
42,0.380763623606,0.396559089995,0.426400647033,0.423523839563
43,0.383516873576,0.401730237099,0.428507990204,0.41750235064
44,0.398100211963,0.381827185933,0.42128610285,0.414758694824
45,0.400836238566,0.37305598706,0.426759177819,0.419186438899
46,0.405518250296,0.376816222301,0.424715327565,0.414156378247
47,0.393679763039,0.387119688667,0.416507523973,0.419103698805
48,0.389655492835,0.395187442119,0.420082587283,0.417356775142
49,0.391866662614,0.379829478378,0.422111335676,0.412126259878
50,0.379506213317,0.399834939494,0.416861319449,0.417389502749
51,0.393235039589,0.385191291571,0.434307967313,0.404130165931
52,0.401365553396,0.371752969348,0.438854602166,0.399269758724
53,0.406608534381,0.371082591323,0.438203854952,0.397965593264
54,0.39014806499,0.387558381145,0.422435016837,0.416010601446
55,0.403109847534,0.371855451511,0.429042485543,0.414856940042
56,0.39635309663,0.381840370595,0.437139684334,0.402291161008
57,0.377401439711,0.399730842847,0.43142181728,0.398206075653
58,0.403773406993,0.369395027367,0.42714380566,0.407181965187
59,0.400263007702,0.368358649313,0.442272245884,0.39002089249
60,0.399910833767,0.366479059825,0.422013395699,0.41008244548
61,0.396605507946,0.375470121893,0.429426938761,0.408481112216
62,0.401282866686,0.373922968713,0.42279284494,0.417070082854
63,0.384684017323,0.392699684088,0.441431466956,0.393580447882
64,0.398502094003,0.377838227611,0.424973058514,0.409433466848
65,0.386257454133,0.380812749267,0.434140584199,0.394392644987
66,0.412447402203,0.35764277841,0.442458831705,0.391476893798
67,0.401438121289,0.369465412429,0.441398241092,0.38978203712
68,0.381789190132,0.384464379687,0.437920441385,0.398243051954
69,0.389412621525,0.379235594318,0.420283692889,0.417650893796
70,0.385485776512,0.376935755977,0.442528038286,0.39104685979
71,0.402741040324,0.357001089133,0.428159354255,0.412639752962
72,0.391781844204,0.370285933407,0.437276719138,0.397245861124
73,0.396437930035,0.36671813864,0.436632601079,0.393037156202
74,0.3999908607,0.361758275101,0.425861408003,0.405628320761
75,0.39707285795,0.366716986092,0.445377802476,0.390254838392
76,0.432545094393,0.330415870135,0.436955092009,0.398659265134
77,0.402471837751,0.359952210234,0.450607822277,0.380080480129
78,0.423481930701,0.335466377437,0.439114188775,0.394210536499
79,0.394565710072,0.368789702081,0.44202703191,0.391054664738
80,0.41709511509,0.342761052916,0.444713965058,0.38902444113
81,0.411816004203,0.351378517082,0.446201766841,0.384214438032
82,0.395556500104,0.367556257317,0.433701662812,0.398128329311
83,0.405807450563,0.354123192338,0.444322943222,0.380306754261
84,0.412354337299,0.343815538173,0.430515676038,0.39795970777
85,0.425457691564,0.338029600107,0.450242916588,0.380904622376
86,0.425694741802,0.334808454491,0.434910526266,0.392813667189
87,0.393769538474,0.368393875085,0.45273842942,0.377185276244
88,0.427721508281,0.332309592229,0.445747061167,0.384043228347
89,0.410160632562,0.350086442267,0.43943424942,0.393391737714
90,0.416880040687,0.339965310807,0.435733466875,0.395233869553
91,0.439633944317,0.321099441785,0.442410540767,0.391898549628
92,0.40884059222,0.345939108672,0.450025171973,0.392338338774
93,0.413277328233,0.343452993494,0.447798305191,0.381915095728
94,0.417204993036,0.340722911346,0.439737266395,0.39477248583
95,0.417973665822,0.331503330515,0.446746711619,0.386452288833
96,0.42096119729,0.33296026662,0.420792835066,0.415245831013
97,0.411630926737,0.339932180941,0.445557793602,0.388068142813
98,0.414118713167,0.338659734394,0.451091900934,0.386229832657
99,0.445482971755,0.309682389005,0.441204457544,0.397466399241
100,0.435734826156,0.315712055908,0.450668373611,0.385316245025
101,0.432094823007,0.335032183964,0.442581874784,0.395672757179
102,0.420445860582,0.34363802809,0.444732024334,0.39415358752
103,0.432894878089,0.320748921197,0.444929896388,0.390818216372
104,0.416209490444,0.336980748635,0.453817483969,0.381796789588
105,0.429291684047,0.32240428575,0.443610694725,0.398736365139
106,0.436413471623,0.31854855785,0.441748292651,0.392413611989
107,0.427466158949,0.325614410524,0.455486300867,0.382165330928
108,0.445099698155,0.308570146561,0.449564304203,0.382045337697
109,0.409066677705,0.335864970317,0.454713813495,0.375841508619
110,0.427558321161,0.320842963572,0.45590038877,0.373064516811
111,0.429163065462,0.316911334602,0.453907370102,0.381945757428
112,0.433789822667,0.311757527292,0.453850590158,0.379627073882
113,0.445903219895,0.302032818588,0.449702872429,0.382457232103
114,0.443000083843,0.302549284238,0.448259916157,0.382836039178
115,0.435104018279,0.313028040414,0.451520046219,0.37889280729
116,0.447499347021,0.299798683192,0.456793410704,0.374911506195
117,0.434704836755,0.309460895566,0.457349988166,0.374889084604
118,0.440305442567,0.310286798443,0.455062428489,0.379282308277
119,0.442074621247,0.30597917535,0.439303212333,0.396514220629
120,0.427944954955,0.315274202193,0.449796439614,0.384012296796
121,0.446565214476,0.2992089087,0.456710333936,0.379167858511
122,0.45905700212,0.291648035726,0.458879731596,0.377659324789
123,0.441848636682,0.306361161172,0.453907430638,0.383691896219
124,0.444617117704,0.303086563945,0.453822162934,0.382491413504
125,0.442953685508,0.305630340313,0.458428182174,0.381213277346
126,0.43744214325,0.308712593925,0.450110024773,0.390271084849
127,0.435759932182,0.31823906675,0.440764934057,0.394384209299
128,0.434728977429,0.308011608628,0.451511814259,0.385595601285
129,0.429338929299,0.311909268109,0.459841046482,0.372278968338
130,0.424484253308,0.322504723588,0.449235611828,0.3829369999
131,0.442621030207,0.300787878724,0.460095366463,0.375481839525
132,0.43968362666,0.303020773599,0.455830557272,0.378097666893
133,0.43073521533,0.311860332122,0.459788016975,0.375086021377
134,0.45505432479,0.290461469442,0.462503184099,0.373102529906
135,0.447290187907,0.29776972389,0.461622455623,0.372158353217
136,0.43608775825,0.300786415258,0.459229511209,0.377352873329
137,0.44946871913,0.296143418035,0.459891646169,0.376258788398
138,0.419900474265,0.323714997333,0.456082656514,0.377486125333
139,0.438097763369,0.309423784797,0.458475532476,0.377635295037
140,0.454442964132,0.290187970377,0.459161028732,0.377693478484
141,0.445039918013,0.298333959511,0.459891746752,0.376622651936
142,0.437802154682,0.303790270996,0.456090237945,0.378112718696
143,0.458080242657,0.286240336987,0.458306138869,0.377410201589
144,0.45382716785,0.292104337938,0.466792370658,0.368072154466
145,0.445036244673,0.298918705434,0.45612061955,0.379601464607
146,0.448505260074,0.291426662929,0.460197195411,0.37745549134
147,0.441754785929,0.299260228299,0.450998763554,0.381471325178
148,0.429387805382,0.311789042675,0.454698243178,0.381249738857
149,0.458782956026,0.286446006252,0.460546961986,0.37762151286
150,0.457981772952,0.287224007341,0.456074059941,0.377209354192
151,0.443592053006,0.295686569638,0.460079829209,0.377754083835
152,0.437133327901,0.303861065839,0.460278487764,0.378815689124
153,0.457368078622,0.289331755673,0.46213441994,0.37834702502
154,0.444258432387,0.296438706609,0.463812441099,0.376167619601
155,0.433782170017,0.302294166042,0.459637924097,0.379287873628
156,0.456118437985,0.286207083899,0.460155318491,0.378646885045
157,0.442646044199,0.301426733916,0.460020154715,0.377927087713
158,0.449072895806,0.292685075162,0.459685103968,0.380470641889
159,0.473031689028,0.276982351851,0.451362581924,0.389568099286
160,0.46266557613,0.280912099263,0.459705720656,0.381482553668
161,0.448403605412,0.2927392128,0.449269176461,0.393358888803
162,0.442768321811,0.300173806456,0.464582796209,0.378190468764
163,0.462343659016,0.282816198583,0.459780715872,0.381084742025
164,0.45263539379,0.289011149739,0.464931294788,0.374409987126
165,0.469687861859,0.280411341156,0.454892652109,0.381022629328
166,0.457558414881,0.283020178572,0.460252837744,0.377598536666
167,0.452457408055,0.288126358619,0.457068808842,0.38103798707
168,0.44202771488,0.297588971658,0.461720166728,0.375150126871
169,0.465348219421,0.28308934002,0.455504589248,0.381135672564
170,0.437578345943,0.300233863867,0.462266597897,0.376866134582
171,0.462769690544,0.283158036092,0.46088795783,0.37852948159
172,0.454769887847,0.286418886425,0.459477541037,0.379764129873
173,0.443774630053,0.297907177645,0.454690895975,0.382941538701
174,0.445014808018,0.291680652362,0.459698486142,0.378487360431
175,0.458037287764,0.284428061201,0.458959751762,0.381147589069
176,0.411277568178,0.323836239198,0.460531189572,0.376743041445
177,0.431368618353,0.304215900027,0.457861488219,0.379707997199
178,0.440357100436,0.298085747717,0.460081962403,0.378497546306
179,0.460994816887,0.282268521591,0.458512552548,0.379904617323
180,0.458401342656,0.28392684431,0.458158415277,0.380101632793
181,0.448021482239,0.291832120946,0.462140036747,0.37729273946
182,0.463117487531,0.280502929424,0.463562893216,0.376557826065
183,0.475689315882,0.274379122716,0.457374577411,0.380706004798
184,0.451405039899,0.289133839596,0.458854853641,0.378415436018
185,0.44501078439,0.301705168417,0.462726056576,0.375390391564
186,0.476838538566,0.268812222263,0.46260339953,0.375004310627
187,0.434975557525,0.302638181414,0.465318276547,0.372651947662
188,0.452568998588,0.288020896797,0.461665633135,0.374022405827
189,0.45984886235,0.282073219235,0.463332531974,0.372884281212
190,0.465900342482,0.27691379648,0.463136412203,0.373812149977
191,0.470498017669,0.276445094496,0.462640992366,0.373643310741
192,0.478458804934,0.268982411291,0.463837056421,0.37352967239
193,0.457767680992,0.291260609547,0.463071091566,0.375100895762
194,0.463534674938,0.279405639149,0.463147178758,0.375300290994
195,0.467768679338,0.276562317919,0.464041718282,0.374640584225
