epoch,jaccard,loss,val_jaccard,val_loss
0,0.00645080728913,0.510746385902,0.00305238492183,0.43604221195
1,0.00729988075375,0.434712085873,0.00326784245021,0.422877468169
2,0.00827378674643,0.42226267606,0.00374987720079,0.411827020347
3,0.00924815267535,0.411180078983,0.00421859928474,0.401960715652
4,0.00999180486036,0.401115067303,0.00437803643763,0.392691537738
5,0.0104893271745,0.392000682652,0.00451783066683,0.384004384279
6,0.0107697347217,0.383339073509,0.00449733066193,0.375899612904
7,0.0112584858529,0.37503596954,0.00479218781425,0.368187367916
8,0.011627838965,0.367162851617,0.00505201795681,0.360704377294
9,0.0117497262825,0.359598167241,0.00544847207675,0.354020953178
10,0.0124077007256,0.352323658764,0.00539511402212,0.346339702606
11,0.0127906781674,0.345234246925,0.00520418785595,0.339277520776
12,0.0129933098318,0.338332140818,0.00555678622709,0.332598358393
13,0.0131390346341,0.331569936126,0.00563648948742,0.32601159066
14,0.0135855012846,0.325030907989,0.00585505471304,0.319671697915
15,0.0141524762881,0.318647408858,0.00605299745507,0.313373610377
16,0.0145980532515,0.312309514731,0.00650914438916,0.30727878958
17,0.0151605770653,0.306153742597,0.00671087825208,0.30139349401
18,0.0157232975127,0.300146885216,0.00656638161604,0.295370534062
19,0.0159697862224,0.294394239783,0.00699475806732,0.28969065845
20,0.0166059586254,0.288619151339,0.00759713251682,0.284143567085
21,0.0170154852176,0.283138846979,0.00707395454242,0.278881527483
22,0.0174193389819,0.277755621821,0.00770313926614,0.273499675095
23,0.0180056234087,0.272540524602,0.00746136463749,0.268472105265
24,0.0181646417571,0.267530502751,0.00800279107125,0.263419233263
25,0.0182021978573,0.262759862468,0.00809785472825,0.258584462106
26,0.0191515577071,0.257839048281,0.00834642925861,0.253930211067
27,0.0194729277617,0.252966111526,0.00848953363834,0.249304395169
28,0.020118167968,0.248304047622,0.00879246720524,0.244758687913
29,0.02040637736,0.243824939243,0.00894833053439,0.240306995809
30,0.0210889567664,0.239371961914,0.0092205223084,0.236003309488
31,0.0215174285029,0.235057125799,0.00958582394378,0.231886547059
32,0.0219787861734,0.230884377845,0.00989789038931,0.22773116827
33,0.022373034108,0.226805401966,0.0101819548333,0.223830264062
34,0.0229721391831,0.222813085653,0.0100797297196,0.219805132598
35,0.0230083190114,0.219025301747,0.0103290222391,0.216054666787
36,0.0235138723326,0.215433992445,0.00996239424353,0.21239970997
37,0.0231623579029,0.211710775271,0.010964389576,0.208743609488
38,0.0243205331398,0.208023364656,0.0111533950908,0.205195892602
39,0.0248796801424,0.204388653859,0.0110403769306,0.201654620469
40,0.0253853826889,0.200840850361,0.0112709103139,0.198154076934
41,0.0255411186139,0.197492321022,0.0119691959135,0.194941081107
42,0.0263892959922,0.194340001792,0.0124489786867,0.192131292075
43,0.0257869917918,0.191553247161,0.0101593839754,0.18881945312
44,0.0257127612182,0.188616037369,0.0110160637551,0.185539729893
45,0.0275247918139,0.184964993037,0.0123344637268,0.182373743504
46,0.0280698809228,0.181820695288,0.0120772598648,0.179404743016
47,0.0284343544383,0.178931417875,0.0123080292847,0.176461443305
48,0.0293722412363,0.175971154124,0.0132058674062,0.173640716821
49,0.0290941702132,0.173252815381,0.012889341001,0.17087174207
50,0.0301297833013,0.170447262004,0.0134383278378,0.168098401278
51,0.0307696646994,0.167613725178,0.0136944450419,0.165433276445
52,0.0306776633547,0.165070974268,0.0140815850796,0.162917282432
53,0.0314696050401,0.162578405812,0.0147440764008,0.160552509129
54,0.0311418772003,0.160384413786,0.0150911679125,0.158374968916
55,0.03245744894,0.157669312321,0.0152168471186,0.155371647328
56,0.0330651271011,0.15508100763,0.0143227864187,0.152997191995
57,0.0333260340846,0.152754687704,0.0150422545762,0.15059832111
58,0.034560378646,0.150360892527,0.0149181718789,0.148270629346
59,0.0343479369734,0.148128739558,0.0155425974335,0.146007865667
60,0.0357899047784,0.145795846358,0.0160428387012,0.143781915307
61,0.0364470073359,0.143580816686,0.01542670444,0.141764990985
62,0.0364593465857,0.141546398401,0.015552309867,0.139648389071
63,0.0364144247524,0.139453180134,0.0165841148651,0.137521047145
64,0.0371205757721,0.13739588391,0.0166956067196,0.135474812239
65,0.0374254447829,0.135373050347,0.0175064616042,0.133485969156
66,0.0387105717047,0.133489264175,0.0166502210882,0.131642766297
67,0.0388455364165,0.131550259888,0.0176460271923,0.129638049752
68,0.039298981742,0.129601315595,0.0170957842502,0.127810869366
69,0.0404023612606,0.127691179514,0.0181397483093,0.125986889005
70,0.0409578853304,0.125851943158,0.0192953017595,0.124353077263
71,0.0418507244785,0.124143450987,0.0190241625351,0.122493714094
72,0.041877705126,0.122345385142,0.0193765783051,0.120777027681
73,0.0418379215541,0.120730451308,0.0183296157188,0.119022812694
74,0.0431968251177,0.119143012445,0.0183626266676,0.117404878139
75,0.043653002881,0.117319738492,0.0195731384824,0.11576211825
76,0.0442118290177,0.11562964553,0.0204992731665,0.114178145304
77,0.045182729688,0.114021487068,0.0210971962383,0.112576253712
78,0.0451502693102,0.11254245555,0.0198576370144,0.110986085609
79,0.0442335406724,0.111298347358,0.0189679356981,0.109795672819
80,0.0433134396701,0.110761709977,0.0212152344302,0.108947474509
81,0.0420629220231,0.109738423023,0.0174153627418,0.10773460567
82,0.0438360468131,0.107996541075,0.0196160938995,0.105740945786
83,0.0457245278932,0.105941833928,0.0202940895524,0.10396907106
84,0.0464958312489,0.104359622113,0.0203340598205,0.102881480008
85,0.0467826975084,0.103205736261,0.0216174550969,0.101364087313
86,0.049329039735,0.101519493386,0.02266194601,0.0998206473887
87,0.04931508704,0.100014452357,0.0230908708704,0.0985349249095
88,0.0520221208822,0.098610653542,0.0239446486535,0.0971897635609
89,0.0520340208,0.0972995022312,0.0236637410858,0.0958984494209
90,0.053492864545,0.0959989908151,0.0234325605434,0.0946695208549
91,0.0546218238268,0.0947271869518,0.0238795420883,0.0933975502849
92,0.0542038313149,0.0935287168249,0.0247536085899,0.0922007113695
93,0.0556121413231,0.0922783329152,0.0256574301475,0.0910668093711
94,0.0558397108432,0.0912502305582,0.0232559600963,0.0900367107242
95,0.0559550891887,0.0901521584019,0.0249572511048,0.0888671241701
96,0.0554476179375,0.0890480964445,0.0263853933366,0.0877932067961
97,0.0552349734844,0.0879969731905,0.0265980338072,0.0865638833493
98,0.0591948805461,0.0867017852142,0.0268087763816,0.0854413434863
99,0.0598810614645,0.0856058811769,0.0266720378422,0.0843813680112
100,0.0602761323928,0.0845339838415,0.0279217181815,0.0833700504154
101,0.0607806383466,0.08351346571,0.0290500787587,0.0825175382197
102,0.0609907057199,0.0826133843511,0.0283638969522,0.0813752152026
103,0.0626390249624,0.0815564109944,0.0275077284714,0.0804071798921
104,0.0619689045639,0.0805886909366,0.0278391796774,0.0794865395874
105,0.0627872685382,0.0795663935132,0.0295573735066,0.0784475114197
106,0.0639806801989,0.0786670353264,0.0281814035861,0.0775143764913
107,0.0613084813967,0.0777968424372,0.0310338439949,0.0772150941193
108,0.0646183200208,0.0769697390497,0.0300485330145,0.075760871172
109,0.065967634891,0.0759087735787,0.0310686342027,0.0749047398567
110,0.0678146458706,0.0750090410002,0.0302432846001,0.0738812610507
111,0.0677126861292,0.0741502083838,0.0289998630205,0.0731863416731
112,0.0684197153023,0.0732223400846,0.0311470590914,0.0722350403666
113,0.0703138445449,0.0723278205842,0.0322475469366,0.0713431406766
114,0.071075354251,0.0714782699943,0.0319424911404,0.0705094914883
115,0.0725281981049,0.0706127989106,0.0322844183311,0.0696829818189
116,0.0718281363374,0.069793142844,0.032503574188,0.0688122920692
117,0.0721192245901,0.0689996168949,0.0328771382301,0.0680733080953
118,0.0745203605375,0.0681987749413,0.0336691491739,0.0673302076757
119,0.0726898490657,0.067431804724,0.0339522010618,0.0666216276586
120,0.0752622048585,0.0666360389441,0.0341067500412,0.0657855998725
121,0.0757994051094,0.0659166509286,0.0347390278484,0.0650743041188
122,0.075582731826,0.0652554249391,0.0338457459775,0.0643736571074
123,0.0752821896438,0.064618863631,0.0347821580126,0.0636248085648
124,0.0799917238116,0.0637831892818,0.0348598716091,0.0630100890994
125,0.0792024544137,0.0631054644473,0.0332870849033,0.0623329849914
126,0.0713897237626,0.062878521625,0.0358674126755,0.0615601148456
127,0.0796022660838,0.0620496827178,0.0384770349665,0.06102695968
128,0.0815213043193,0.061444595689,0.0377230839413,0.0607234956697
129,0.0785386156044,0.0606291058939,0.0364892697608,0.0595687553287
130,0.0816000722523,0.0598362036981,0.0379028863999,0.0588535349816
131,0.0842126683099,0.0590201495215,0.0384273608433,0.0582025190815
132,0.0837838669945,0.0583567495923,0.0385605852589,0.0576021233574
133,0.0832407076334,0.0576974023134,0.0402557484522,0.0570018012077
134,0.0881950841097,0.0571795669384,0.0406705428622,0.0563666317612
135,0.0863398516276,0.0565710463561,0.0394429709158,0.055818987079
136,0.0893342984612,0.0559219866991,0.0403491376655,0.0551774352789
137,0.0840849374031,0.0552860666066,0.0409286636132,0.054589969106
138,0.0880013844696,0.054693965707,0.0410495808401,0.0540202241391
139,0.0899304770214,0.0540961646475,0.0412609022806,0.0533868651837
140,0.0884742561523,0.0535812755115,0.0411021646132,0.0529865864664
141,0.0907388021244,0.0530820088461,0.0407384904147,0.0524450866506
142,0.0912026984649,0.0524894241244,0.0423887357219,0.0517496513203
143,0.0945110965295,0.0518718131352,0.0435961242647,0.0512141259387
144,0.0934191939432,0.0513566778973,0.0444005839199,0.0506826136261
145,0.0947137881615,0.0508205578662,0.046354400929,0.0502749979496
146,0.0957859773857,0.0503885140643,0.0447161484399,0.0497927796096
147,0.0924292057177,0.0498666546773,0.041762389701,0.0493052927777
148,0.097018319673,0.0493582792114,0.0455879551482,0.0486771445721
149,0.0967643055808,0.0487719145603,0.0465720612274,0.0481731230393
150,0.101009668758,0.0481781344861,0.0467088855112,0.0476446077228
151,0.0973048048688,0.047730346676,0.0478209838102,0.0471805110574
152,0.101819808293,0.0472219516523,0.0486779572648,0.0467427447438
153,0.102194759674,0.0467557550874,0.0474492743961,0.0463521834463
154,0.100499668614,0.0462943809107,0.0490762862319,0.0456973072141
155,0.103280004963,0.0458098836243,0.0480361585542,0.0452768718824
156,0.10371605441,0.0453948704526,0.0475908161152,0.0448868684471
157,0.107623997552,0.0449321623892,0.0482599606585,0.0444383975118
158,0.106069246383,0.0444934554398,0.0494582379906,0.0439299372956
159,0.108620143872,0.0439935845789,0.0513776218486,0.0435354616493
160,0.109567011541,0.0435849044006,0.0527148106958,0.043087108992
161,0.111344453163,0.0431202782784,0.0522428834229,0.0426328303292
162,0.112712024245,0.042694703443,0.0534023832861,0.042220111005
163,0.109676554019,0.042342484463,0.053254560411,0.0418603383005
164,0.106155882704,0.0419964909088,0.0521236632794,0.0413720952347
165,0.106508725522,0.0416840210091,0.048532794066,0.0413708379492
166,0.113400863642,0.0412530077156,0.0519665699776,0.0405987659469
167,0.114275224303,0.0408552656882,0.0514493015053,0.0402475176379
168,0.115294828846,0.0404592738487,0.0540706690117,0.0398388225585
169,0.113664984432,0.0399713802617,0.0572081412665,0.0395261663944
170,0.119772140481,0.0395785996225,0.0562047446019,0.03910393361
171,0.12239367613,0.0391177043784,0.0567341932328,0.0387619100511
172,0.113596538883,0.0387419841718,0.0574204100103,0.0383924404159
173,0.118760691795,0.038464857731,0.0552200708062,0.0380297983065
174,0.116122563148,0.0381074522156,0.0578155607891,0.0378274023533
175,0.115020503834,0.0377111544367,0.0580515579804,0.0372520731762
176,0.0848899413031,0.0411852030084,0.0259731847618,0.0406824890524
177,0.0887935188525,0.0428203153424,0.0477217987245,0.0382548337802
178,0.10954536164,0.039329808671,0.053036236226,0.0372359836474
179,0.110528518012,0.0382442430127,0.0508642643799,0.0366374412552
180,0.110726812406,0.0375836053863,0.0564141333543,0.0359211685136
181,0.119423800124,0.0365366889164,0.0590067303092,0.0354820871726
182,0.124167277645,0.0360450895969,0.0603899937651,0.0350387375802
183,0.12758238891,0.0355526800267,0.0622997654264,0.034807709977
184,0.117814911558,0.0352746981662,0.0604765985699,0.0343403397128
185,0.129993247674,0.0347636674996,0.0630909297452,0.0340754007921
186,0.122390364678,0.0344581543468,0.0653458977013,0.0337391095236
187,0.116029331943,0.0341977423523,0.0658471331863,0.0335558801889
188,0.127509358387,0.0338191054761,0.0665236725617,0.0332119595259
189,0.132431622828,0.0334033609834,0.0648165254424,0.0327909365296
190,0.135243435613,0.0329941019882,0.0657875018369,0.0324216876179
191,0.127503352013,0.0327085137833,0.0667167814208,0.0320961158723
192,0.136934775177,0.0323673102539,0.0683087297766,0.0318495025858
193,0.142260074797,0.0321212232811,0.0674154972094,0.0315662678331
194,0.132599676484,0.0318592253607,0.0684074560977,0.0312998411246
195,0.143282526853,0.0315073090605,0.0688922891077,0.0310520725325
196,0.144966014835,0.0312446398893,0.0682504471752,0.0306901899166
197,0.135927988077,0.0309153377311,0.0687896554391,0.0305325477384
198,0.130825233354,0.0307721550344,0.065968852723,0.0303321117535
199,0.149776622055,0.0304035799345,0.069108016467,0.0300279953517
200,0.1436959979,0.0300896712579,0.0710459523216,0.0297065200284
201,0.139392308137,0.0298041997012,0.0713494364154,0.0293809454888
202,0.139498410108,0.0295626998413,0.0723824307515,0.0292931254953
203,0.154511945574,0.029245392303,0.0735165954356,0.0288795493543
204,0.158352724674,0.028947475017,0.0737695723783,0.0285653560422
205,0.136911086989,0.0286989584565,0.0738899047046,0.0284408582374
206,0.152931910831,0.0286894009914,0.0688704976565,0.0283382856287
207,0.152695270901,0.0283969308948,0.0743646427491,0.0278866714798
208,0.156472975574,0.0279922744958,0.0768767850332,0.0278102802113
209,0.143170060106,0.0277866738616,0.0783508018321,0.0274891792797
210,0.156862814916,0.0275000844849,0.0759465611918,0.0272089666687
211,0.156653782672,0.0272651524283,0.0770738702449,0.0270266723819
212,0.165150034446,0.0269913958618,0.0787402280585,0.0267363241874
213,0.160629897722,0.0267387238564,0.0777895882857,0.0265698111616
214,0.164458296381,0.0264904362848,0.0780793780614,0.0263069807552
215,0.16594836506,0.0262695919955,0.079668497583,0.0259751225822
216,0.16303317758,0.0260901056463,0.0819471293307,0.0258676074445
217,0.172429732067,0.0258061978966,0.0835903092848,0.0256840828806
218,0.174790336662,0.025580789079,0.083625061925,0.0253808032721
219,0.180115888696,0.0253566562897,0.0812643949739,0.0251242602244
220,0.169458323117,0.0251777757658,0.0785419190925,0.0251254476607
221,0.175732431367,0.0249576612841,0.0823331341035,0.0247438112274
222,0.161418577502,0.0247635617852,0.0862253205887,0.0247945021838
223,0.164192991649,0.0245776057709,0.0827231744279,0.0246359156445
224,0.175061234518,0.0243381852051,0.0827010107969,0.0243041091599
225,0.179960027112,0.0240678749979,0.0864902451995,0.023948345799
226,0.181792648415,0.0238498011604,0.0875792335501,0.023720568046
227,0.183661467281,0.0236457242863,0.0857033447137,0.0236018877476
228,0.179869061106,0.02344183682,0.0891480371502,0.0233154543675
229,0.183647014049,0.0232050037012,0.0893472559546,0.023151061032
230,0.174017488151,0.02304230351,0.0894945505715,0.0229631201364
231,0.180578996249,0.0229099409189,0.0897469124757,0.022790748626
232,0.176492069924,0.022941796924,0.0875500346447,0.0226405668072
233,0.18856386438,0.0226511217188,0.0919329056305,0.0225102114491
234,0.191561708304,0.0223880968988,0.0920934078349,0.0222644442692
235,0.194363612118,0.0221380790463,0.0929719255037,0.0219948529266
236,0.190808916512,0.0219071046449,0.0942557986964,0.0219246409833
237,0.193713253399,0.0217033749213,0.0948220428691,0.0216827322729
238,0.192703574457,0.0215051085688,0.0952209844982,0.0215158695355
239,0.185355532238,0.0213399976492,0.0948541090474,0.0213151825592
240,0.179471423712,0.021241469658,0.0967428601871,0.0213925684802
241,0.20263260602,0.0210781740025,0.0965076535467,0.0212009432726
242,0.19461728816,0.0208919318393,0.0965751727999,0.0208649002016
243,0.197285898137,0.020731441211,0.0958369793952,0.0206515169702
244,0.198416403472,0.0207172032678,0.0950417437743,0.020507701207
245,0.203049917866,0.0205282043898,0.0968187349099,0.0203707618639
246,0.204562667585,0.0202756960643,0.100166371929,0.0202982556075
247,0.197130073937,0.0200265196618,0.100258968087,0.0200089430436
248,0.194885103458,0.0198438048828,0.101242831846,0.019931237679
249,0.188729570688,0.0197302555898,0.102085067971,0.0196778806858
