epoch,jaccard,loss,val_jaccard,val_loss
0,0.0747983771591,0.763516797469,0.0751041378244,0.877018496394
1,0.0755446008765,0.717347757174,0.0821244638646,1.6698766686
2,0.073804610982,0.688720950714,0.0767168635502,0.854625281878
3,0.072698512831,0.673642627322,0.0828939130297,1.46683117189
4,0.0721401968398,0.666159186226,0.0846188137075,1.7732496094
5,0.07348594005,0.657775600369,0.0769976584706,0.705848190933
6,0.0738683506273,0.651130256745,0.0813082015375,0.816440894268
7,0.0752099279601,0.648243835339,0.0721853260766,0.636227491312
8,0.0759473805531,0.642150242741,0.0872057403903,1.05873428844
9,0.0762512563513,0.636342305403,0.0836306996644,0.784181452356
10,0.0754412999377,0.631297710996,0.0810354294954,0.708564549685
11,0.0763267083094,0.625470245114,0.0750121706515,0.620648749173
12,0.0770881532763,0.621149494098,0.0754054648569,0.602173239924
13,0.0785853809749,0.614158004522,0.0761074507609,0.604118499905
14,0.0779465744988,0.610628270186,0.0756669950206,0.577612292022
15,0.0785086955875,0.606787467232,0.0743287947262,0.584019307047
16,0.0772391370713,0.610571938065,0.0714565991075,0.586162776686
17,0.0775540293409,0.600624819215,0.0722089198534,0.5727802068
18,0.0779569760108,0.594865857409,0.0779821071774,0.576603705063
19,0.0777398686713,0.58937791563,0.0814511795761,0.589567198418
20,0.0801057978891,0.58320041574,0.0815575947054,0.57055075001
21,0.0801689065276,0.579145296262,0.083437642199,0.576040480286
22,0.0791302554023,0.57937847651,0.078140107682,0.587056593038
23,0.0796358317423,0.573875777997,0.0715397730819,0.534708468243
24,0.0808442087414,0.566560597374,0.0784031900112,0.539274063893
25,0.0808447984835,0.562055083422,0.082442634739,0.547588826157
26,0.0819796276494,0.556318740432,0.0847401396604,0.54089002125
27,0.0832873233236,0.552558550468,0.0858121135971,0.533248803578
28,0.0835368962099,0.548062458634,0.0887688721996,0.542431582697
29,0.0829183606861,0.544077798724,0.0859140831744,0.525190172717
30,0.0850189981552,0.537554936913,0.0907275214558,0.532341366634
31,0.0848778901765,0.537492734882,0.0872564755846,0.522169280797
32,0.0857421980741,0.531846759411,0.0882989341626,0.510553478263
33,0.0856647488589,0.526717574551,0.0912608050276,0.514020653442
34,0.0871103148048,0.523620851911,0.0910670820158,0.503407856449
35,0.08783069167,0.519171623083,0.0921607956989,0.499341705348
36,0.0879359573412,0.515872478485,0.0895247841254,0.489124543965
37,0.0892681478021,0.508986862806,0.0913832477527,0.496735056397
38,0.0900491284063,0.505042709983,0.0987377907149,0.51285463199
39,0.0917264622851,0.500988330405,0.0898511663545,0.475467476528
40,0.092507220948,0.497586626273,0.0959707184229,0.489011610858
41,0.0914232480125,0.491940954557,0.0939366804669,0.464766249526
42,0.0937368855453,0.48845767459,0.0980368026067,0.476134612225
43,0.0940279040772,0.485327458152,0.0920575313503,0.461640038993
44,0.0930930202684,0.483286920075,0.0995414453791,0.471391436178
45,0.094837726452,0.479390610296,0.0997507683933,0.475288337097
46,0.0954960386914,0.474831383389,0.0963318957947,0.449693298433
47,0.0971347314234,0.468772434844,0.102383633261,0.462174852379
48,0.0999348523239,0.464290748995,0.101962936227,0.457254291046
49,0.0989847160303,0.461666551347,0.106623401516,0.483609572984
50,0.0984605838043,0.459382663553,0.0994047668064,0.442450893112
51,0.100007377565,0.45630636582,0.100082182209,0.432261966169
52,0.102282080943,0.45285518754,0.102614746429,0.438839825336
53,0.100233453971,0.449995093621,0.100828921539,0.436432695948
54,0.0978767192708,0.448104378696,0.103462732979,0.442454044707
55,0.101281695928,0.444861256732,0.112726296997,0.461708048359
56,0.102030811831,0.441637029442,0.108591591124,0.456040514633
57,0.102727564482,0.438771724701,0.10712025885,0.435499175917
58,0.102159812043,0.432985151616,0.113194666104,0.433621273376
59,0.107823154531,0.428296419864,0.11230611871,0.428158569615
60,0.108744813416,0.423061819604,0.118128291913,0.463649370708
61,0.105148535365,0.422334773036,0.116941520362,0.439218110405
62,0.110682691949,0.417002398234,0.112903610105,0.424766988028
63,0.107373087309,0.418377437271,0.115774523001,0.421829951927
64,0.108552834592,0.413246072829,0.118040040601,0.421245749108
65,0.110267817831,0.409197585514,0.120079784887,0.417101309635
66,0.113552598856,0.405390560627,0.119885888998,0.415213088971
67,0.115601149029,0.400266103446,0.123414795846,0.423190709669
68,0.115965813971,0.397958121048,0.121673956281,0.400114559568
69,0.113201266441,0.396583151932,0.125211980776,0.403739660047
70,0.116597682238,0.391468657324,0.122427648283,0.409541970119
71,0.119535512792,0.387714764247,0.125077914679,0.40457868902
72,0.120633438373,0.384973844657,0.125475396286,0.403925080318
73,0.117755459335,0.384667928402,0.125953443116,0.393040611409
74,0.119331827244,0.381029256261,0.122092474601,0.39416951593
75,0.121234132407,0.377668768167,0.131365924375,0.384397346526
76,0.12500793845,0.372464892383,0.128254849114,0.372765555978
77,0.125985693473,0.369232879808,0.127433315851,0.383608515374
78,0.126271687448,0.367565114338,0.130035531358,0.374015560374
79,0.12997722812,0.361259748729,0.13099672657,0.374122103676
80,0.130935375221,0.3592935663,0.131485979655,0.365785164759
81,0.128661243245,0.358819497319,0.127821478061,0.36719109118
82,0.129811745853,0.355503239311,0.135391263524,0.367048008367
83,0.131218257862,0.35200982197,0.126181252301,0.364414100535
84,0.13635953,0.348969289317,0.135012067389,0.367620504927
85,0.132977154392,0.346837511429,0.13952091767,0.367453968152
86,0.136835610064,0.343863146809,0.126774280565,0.347228053026
87,0.134859474089,0.342177745815,0.136884261039,0.351651540492
88,0.140735274181,0.336537597844,0.141402044799,0.358720383141
89,0.142784135416,0.332994789458,0.14177058707,0.357761074323
90,0.142614270346,0.331666282163,0.140677584568,0.346883004997
91,0.142547015531,0.32961336294,0.144876132021,0.371330295689
92,0.142251888003,0.331172517286,0.135091667762,0.354073566385
93,0.140383164183,0.327828240509,0.138932989677,0.349051210564
94,0.144242719246,0.324406874868,0.145136306761,0.34740212746
95,0.144851830716,0.321067048953,0.143162701279,0.33479553042
96,0.153429248012,0.315122914429,0.141998120584,0.345051093493
97,0.152506215211,0.314417278537,0.139740062179,0.327805968467
98,0.150684954169,0.311997183813,0.148353856988,0.332811029628
99,0.156629242863,0.30741376831,0.1481982728,0.333484155592
100,0.154835040896,0.306090919444,0.151623299578,0.340784057975
101,0.157216661395,0.303741200612,0.150311509613,0.334863434546
102,0.160863510978,0.30023772556,0.145593716064,0.316156874876
103,0.160814996522,0.299312766355,0.148632053519,0.325195412152
104,0.162353787858,0.296191866008,0.144923890708,0.315113347955
105,0.163228515249,0.294214183894,0.143185196444,0.320740881376
