epoch,jaccard,loss,val_jaccard,val_loss
0,0.0982180065475,0.556608237326,0.101131271571,0.498335808516
1,0.104034351185,0.492331812158,0.110915573314,0.482587173581
2,0.108473329339,0.480637332425,0.114057844505,0.472974561155
3,0.110991757363,0.471141433343,0.115046272054,0.464543752372
4,0.113493634388,0.462172184139,0.118139278144,0.456134818494
5,0.114630238619,0.454438257962,0.117024473846,0.449152722955
6,0.11467470834,0.448594514281,0.11984273605,0.442853920162
7,0.116069045383,0.441234370694,0.114349450916,0.436651900411
8,0.116881653201,0.434737656265,0.124737191945,0.430359922349
9,0.119397752918,0.428354715928,0.124025763944,0.425781220198
10,0.119951521512,0.423528831452,0.114172484726,0.421934708953
11,0.119208011311,0.418187558651,0.118524981663,0.4140015468
12,0.122519854456,0.41123778373,0.123602185398,0.407991431653
13,0.123261910398,0.406108405441,0.129339568317,0.403597183526
14,0.124138850253,0.401448305696,0.12876678817,0.398037046194
15,0.126044164877,0.396421380341,0.129666758701,0.393584221601
16,0.126977233682,0.391600940377,0.13139301911,0.388665519655
17,0.128424631432,0.386967536062,0.131416654214,0.385020963848
18,0.127386243083,0.383893597871,0.136344892904,0.382258422673
19,0.130516233854,0.379401035607,0.127901677042,0.378813125193
20,0.130345253274,0.375385744497,0.132915768772,0.374361813068
21,0.1323843305,0.371263029054,0.128152225167,0.37015927583
22,0.129768154118,0.369733043015,0.126238131896,0.369649842381
23,0.129547127057,0.366335006431,0.134364651516,0.363611146808
24,0.132724225987,0.361733466387,0.133672147989,0.359519913793
25,0.136216546874,0.356715094298,0.136133506894,0.356240190566
26,0.137374069076,0.353209106252,0.144382439554,0.353218086064
27,0.140098907053,0.349840227515,0.137827724218,0.34887214005
28,0.138867872767,0.346906999126,0.133111685514,0.349704690278
29,0.138278332073,0.345029707998,0.138994395733,0.344036109746
30,0.1402717405,0.342151079327,0.143545260653,0.34163274616
31,0.141223082785,0.339107234031,0.141404572874,0.337922059
32,0.144624756649,0.33440679498,0.145894402638,0.334579564631
33,0.144176012371,0.332795778289,0.149543628097,0.333190798759
34,0.146986088715,0.329573661089,0.143142387271,0.330495320261
35,0.147854029201,0.326722383499,0.14616330713,0.327573858202
36,0.148247336969,0.323936477304,0.148848637938,0.324845410883
37,0.151457787491,0.32147494331,0.149626776576,0.322721146047
38,0.15121312812,0.31865577586,0.156124699861,0.319934368134
39,0.151294987183,0.317511864007,0.14756963402,0.318784072995
40,0.15343206469,0.313842300326,0.160060409456,0.31591951102
41,0.151241063606,0.314010119066,0.161788552999,0.316721789539
42,0.152209147811,0.313655598089,0.140038108453,0.315269738436
43,0.152382510714,0.310207748786,0.15891200304,0.311660639942
44,0.156444300432,0.307117914781,0.161406654865,0.307906620204
45,0.15880151419,0.304346881807,0.154756039381,0.305700518191
46,0.160610029474,0.301420187578,0.160934213549,0.304002597928
47,0.156829106621,0.302050642669,0.164483457804,0.303041853011
48,0.16197493393,0.298094687983,0.166947111487,0.30016285181
49,0.159446910489,0.298689486459,0.162081051618,0.299484826624
50,0.166119525209,0.293635427952,0.167949143797,0.29658087343
51,0.16274312418,0.293798035011,0.174879804254,0.297548674047
52,0.166101002134,0.291677389294,0.168307092041,0.29371085763
53,0.167711606249,0.289436871186,0.166973806918,0.293048597872
54,0.167887951247,0.287942944095,0.17288024351,0.291744500399
55,0.169183671474,0.286269498058,0.168420724571,0.290139697492
56,0.171769131906,0.284109272063,0.173396836966,0.288504220545
57,0.175206616521,0.281775585376,0.168294079602,0.286072980613
58,0.172872130759,0.280931791291,0.174131587148,0.284652814269
59,0.175138982944,0.279105320573,0.177241712809,0.283417463303
60,0.173436598852,0.279876733199,0.173168640584,0.284566987306
61,0.1779460283,0.276793785393,0.176248013973,0.281190671027
62,0.176759702154,0.275459061377,0.185282401741,0.278848744929
63,0.178239443339,0.275589639321,0.169661138207,0.279700305313
64,0.179189504124,0.272777216509,0.177317500114,0.276878006756
65,0.183391692117,0.270822106861,0.177718430758,0.274967778474
66,0.184551903978,0.268115732819,0.184004116803,0.27398589626
67,0.183787604794,0.26839241758,0.191107027233,0.27355440706
68,0.186169708148,0.267242111266,0.180408347398,0.272963237017
69,0.186851788312,0.265343345702,0.194143440574,0.272053204477
70,0.186080877669,0.265639730729,0.18941706419,0.27151042223
71,0.184947757982,0.265245448798,0.189104791731,0.269404303282
72,0.186076704413,0.263622275554,0.181441761553,0.269055776298
73,0.190352635458,0.262925894,0.185440480709,0.266960345209
74,0.187385730445,0.26136439573,0.178114976734,0.265973817557
75,0.190748412162,0.260531807318,0.183611832559,0.266542315483
76,0.194157987833,0.257952752523,0.177586112171,0.265909221023
77,0.18875801377,0.257818255574,0.192995112389,0.262957338244
78,0.197613149881,0.25482511986,0.200269527733,0.262419063598
79,0.199180505238,0.253749311902,0.194269809872,0.260340072215
80,0.202658022754,0.250689951703,0.202753335238,0.25930390507
81,0.197525754571,0.253927607089,0.193925809115,0.260262019932
82,0.200906028971,0.25136888586,0.197740353644,0.259221341461
83,0.203088071197,0.249748660251,0.189341291785,0.258199445903
84,0.206032271497,0.246934438124,0.19992171973,0.256137374789
85,0.207679706626,0.245295212604,0.209639746696,0.255384813994
86,0.207152035087,0.245590799488,0.210492204875,0.255378589034
87,0.210678548552,0.244436809793,0.202420540154,0.253208447248
88,0.208860288374,0.244486671872,0.210593633354,0.253940876573
89,0.210975829512,0.243059403263,0.199489861727,0.253861796111
90,0.199581721798,0.247230360284,0.211115796119,0.25455366075
91,0.210100843571,0.243301128037,0.204691648483,0.2510917373
92,0.211305675097,0.241861576214,0.212542776018,0.250150062144
93,0.216021608561,0.239208489656,0.209028113633,0.24918858707
94,0.216712714173,0.238038016483,0.203477155417,0.248502500355
95,0.217568972148,0.238237525336,0.19571185112,0.250089626759
96,0.21329711657,0.238756518811,0.212451796979,0.247185904533
97,0.220415906049,0.235225176439,0.210690815002,0.245837591588
98,0.219200663269,0.23671047762,0.210728842765,0.246561855078
99,0.217685525306,0.235385422595,0.224108211696,0.246809992939
100,0.22370876465,0.233036164194,0.210921246558,0.243917588145
101,0.225047773682,0.231970725581,0.216212384403,0.243554092944
102,0.229416182265,0.228733289987,0.215597212315,0.242559440434
103,0.228243415244,0.229745555669,0.221196945757,0.243903771043
104,0.229312006384,0.229513577186,0.216859124601,0.24200533703
105,0.224521588534,0.23100714013,0.214684095234,0.242099583149
106,0.227739774622,0.229018960148,0.229009825736,0.24149229005
107,0.22898380924,0.227794562466,0.238416135311,0.242361839861
108,0.233042438515,0.228143810295,0.210778985173,0.243074737489
109,0.225309791043,0.227861105464,0.230420388281,0.23991047591
110,0.236653680913,0.224800235592,0.216399867088,0.238343827426
111,0.236247885041,0.223530547693,0.207011383027,0.238689303398
112,0.237171424553,0.221461171284,0.23723488301,0.23832654953
113,0.238065389916,0.222293421626,0.234658461064,0.237067185342
114,0.241041959263,0.22096047271,0.2295637317,0.234980791807
115,0.239864291623,0.22114827577,0.220738403499,0.235477283597
116,0.240205507725,0.220268672332,0.240539330989,0.235760569572
117,0.23911552038,0.221683308482,0.234702121466,0.23691097647
118,0.240357472561,0.220258195885,0.225955680013,0.234441448003
119,0.244586481713,0.218645241112,0.212107032537,0.236190117896
120,0.245820781216,0.216314786114,0.236619740725,0.232324231416
121,0.245069084689,0.217200336978,0.227857545018,0.233146637678
122,0.244537107646,0.217656962574,0.226532563567,0.234261110425
123,0.245880662464,0.216870909557,0.225670579821,0.231313936412
124,0.251651046798,0.213128437288,0.233238924295,0.23042595759
125,0.253421633504,0.211901812814,0.244951121509,0.232145499438
126,0.257718957961,0.212220029905,0.23354813084,0.2308781147
127,0.253839331679,0.212419662625,0.215860489756,0.232911877334
128,0.252974739298,0.212430812418,0.242841217667,0.230153221637
129,0.255485028028,0.210711299442,0.23768632859,0.22911324352
130,0.25878237281,0.209440812469,0.245130069554,0.229623083025
131,0.256096818484,0.210920446552,0.237940181047,0.230523705482
132,0.260851594619,0.209024027921,0.23504159227,0.226940080523
133,0.264323540032,0.20654786285,0.241847835481,0.228480271995
134,0.263587577268,0.206537833437,0.240058980882,0.22766122967
135,0.264776993543,0.206415388733,0.249902039766,0.225278198719
136,0.266118948348,0.206066089682,0.232482932508,0.22647132352
137,0.265588521957,0.205320165493,0.245787590742,0.225807495415
138,0.264683999121,0.205782947131,0.227482929826,0.227800399065
139,0.264625166543,0.204502393492,0.244610376656,0.225433573127
140,0.26672253944,0.204805991612,0.253487452865,0.226649347693
141,0.26807457488,0.204563428648,0.246738240123,0.226613886654
142,0.269039058127,0.203149016015,0.247102420777,0.223906815052
143,0.273268014193,0.201652991585,0.251319259405,0.224688790739
144,0.272836392745,0.201813893393,0.246492817998,0.225268568844
145,0.276083957404,0.200022152625,0.253205470741,0.223223611712
146,0.275163639337,0.199563677423,0.256451997906,0.222607795149
147,0.278079899028,0.199816169217,0.253382898867,0.224702548236
148,0.273732158355,0.200871343724,0.249200239778,0.223477460444
149,0.275976715609,0.200156551786,0.254385575652,0.223502516747
150,0.275307141244,0.20038861502,0.239705953747,0.223830480129
151,0.273792495951,0.199278574437,0.264347944409,0.224033456296
152,0.282037520781,0.19825655967,0.255839798599,0.222188670188
153,0.279717489146,0.196493513882,0.263948928565,0.220586013049
154,0.283924135379,0.1956368424,0.267860006541,0.221886664629
155,0.28608285822,0.19489186164,0.262558199465,0.22183701396
156,0.286433059722,0.194825349376,0.257772538811,0.220801733434
157,0.284362057224,0.195211959071,0.266298666596,0.221742298454
158,0.288389235735,0.193112721667,0.254328206182,0.219220340252
159,0.281557702459,0.194877943024,0.265634737909,0.220193549991
160,0.286604281515,0.196269032545,0.256139036268,0.220981776714
161,0.286046054214,0.194525165483,0.255219645798,0.220265202224
162,0.289535576478,0.193124325946,0.259074632078,0.217892020941
163,0.292001828551,0.19109025877,0.252012979239,0.218791469932
164,0.292455811054,0.191019590944,0.267421871424,0.21923590824
165,0.294463379309,0.19051374495,0.262062672526,0.217657804489
166,0.2929180637,0.190931783058,0.258103754371,0.21947427094
167,0.289800591767,0.192188774236,0.271854516119,0.21824157238
168,0.292290253565,0.192161026411,0.254351262003,0.220927298069
169,0.295098051429,0.189439195208,0.26093961671,0.216329552233
170,0.29718961753,0.18838178739,0.270118996501,0.216495487839
171,0.2958573699,0.189653049223,0.245177533478,0.219772823155
172,0.29708854109,0.189579914324,0.263286575675,0.218091957271
173,0.29336386174,0.190844226629,0.275510810316,0.219777464867
174,0.300916466862,0.187505783513,0.260183818638,0.216279320419
175,0.302729612216,0.186335801147,0.260377816856,0.216758266091
176,0.305490614846,0.18503160309,0.258724756539,0.216797117144
177,0.30242164433,0.185614632443,0.267799824476,0.214978355914
178,0.307696536183,0.183654601686,0.274912282825,0.215696886182
179,0.307726364583,0.184873540886,0.270512826741,0.216896329075
180,0.304115590639,0.184899895452,0.28056345135,0.217798538506
181,0.303636509925,0.186794046313,0.268343247473,0.215330444276
182,0.306792424992,0.183359283023,0.270556107163,0.215498179197
183,0.30822635442,0.183509623632,0.269990198314,0.218531854451
184,0.309249248356,0.183652832173,0.261385709047,0.217099886388
185,0.311383428052,0.181756319478,0.276458203793,0.21453442052
186,0.313706565648,0.182641894557,0.263440951705,0.215046428144
187,0.305851360783,0.183886514045,0.262717999518,0.215083047748
188,0.308405861259,0.183058622293,0.254574473947,0.217727817595
189,0.314491834491,0.180596153252,0.267678700387,0.213796783239
190,0.311311891302,0.181721243076,0.265883523971,0.214431386441
191,0.316156523302,0.180162105709,0.257951471955,0.215182688087
192,0.315003430471,0.180532549508,0.252192504704,0.217122428119
193,0.311173968017,0.18076432962,0.269042678177,0.214000146836
194,0.316261863336,0.17936647404,0.276517249644,0.211682792753
195,0.315424537286,0.18014394585,0.284318029881,0.212037324905
196,0.319667644799,0.178464508615,0.273780792952,0.213514264673
197,0.322873882949,0.176476287656,0.283940121531,0.212806671858
198,0.322271136567,0.177178940736,0.280152179301,0.213343724608
199,0.325081875548,0.177318176255,0.268600694835,0.214164156467
200,0.319147916511,0.178366064094,0.273762315512,0.213748347014
201,0.321710549295,0.178295581602,0.270301327109,0.215309549123
202,0.317178305238,0.178992981091,0.264328435063,0.21354739368
203,0.320822138339,0.178803309798,0.27651771903,0.213597547263
204,0.322786118835,0.176054653712,0.272372022271,0.214664407074
205,0.323804242536,0.176178812515,0.271671690047,0.214302428067
206,0.326179258525,0.175203523599,0.277947187424,0.212327092886
207,0.327526405454,0.175470042042,0.285164035857,0.2133773081
208,0.326942510903,0.175738030113,0.277442775667,0.214374233037
209,0.328230993822,0.173901448958,0.288905069232,0.211883682758
210,0.329427860677,0.173846000805,0.286020204425,0.210725206882
211,0.332732224837,0.173033928964,0.280702896416,0.210648018867
212,0.327789556235,0.173619012348,0.283684059978,0.212039310485
213,0.331990476698,0.172599297017,0.29658728838,0.211887542158
214,0.331400087103,0.174072865397,0.272854059935,0.21390863508
215,0.329600052908,0.175199362449,0.268687300384,0.215311031789
216,0.321035407484,0.177913194057,0.280272170901,0.216243099421
217,0.320667307824,0.176352139562,0.278873741627,0.212144795805
218,0.331877708435,0.173745994456,0.27962077409,0.211054004729
219,0.33528264612,0.170688063372,0.291497178376,0.21076560393
220,0.338099699467,0.170667819679,0.293078541756,0.211494151503
221,0.336963413283,0.170061731711,0.289607398212,0.210734765977
222,0.337535006925,0.170728496276,0.29224152863,0.209690779448
223,0.34281501174,0.168022016063,0.291828431189,0.210167545825
224,0.340015001595,0.169297314249,0.296499922872,0.209869459271
225,0.341789873317,0.168401238509,0.279180541635,0.21150400117
226,0.340543344617,0.169015562162,0.285086005926,0.210840374231
227,0.332972502336,0.17213284038,0.272683605552,0.21392955631
228,0.33537844941,0.171094550751,0.293047554791,0.209763083607
229,0.342650156468,0.169453278184,0.28929553926,0.211315531284
230,0.341475566849,0.168398818932,0.283463075757,0.208680484444
231,0.343731336296,0.16771352198,0.28944491595,0.208983920515
232,0.346668234095,0.166356231086,0.289744533598,0.209776829928
233,0.344579257071,0.167717248667,0.294402986765,0.21064504981
234,0.346152259037,0.165973890573,0.288948409259,0.209303174168
235,0.348021619022,0.166904896963,0.285551279783,0.209163505584
236,0.341870032251,0.167210859712,0.30311922729,0.208368789405
237,0.346444312483,0.166819014587,0.299405455589,0.209025945514
238,0.347208393738,0.16740251286,0.290729783475,0.208479300141
239,0.348974645138,0.165375674143,0.295875877142,0.208370279521
240,0.351529598236,0.164605275728,0.29749212414,0.208698034286
241,0.352316265926,0.163827435113,0.298648148775,0.208765435964
242,0.349647354335,0.164582610596,0.299898818135,0.208240825683
243,0.353646568954,0.164055157453,0.305853903294,0.209362491965
244,0.35197920911,0.164584502578,0.294766530395,0.209192302078
245,0.355390794575,0.162724115886,0.293229624629,0.209651269019
246,0.354072324932,0.162693739869,0.301269955933,0.208226505667
247,0.360056480393,0.161227478646,0.299331694841,0.208412136883
248,0.358142962679,0.162220343016,0.289407007396,0.211377508938
249,0.352620527148,0.163809600752,0.291268207133,0.210018303245
250,0.350115427747,0.165267863311,0.297130465508,0.209317218512
251,0.356269124895,0.162343374919,0.302497856319,0.207502584904
252,0.355268348008,0.162310711574,0.297366656363,0.208680190146
253,0.359049636871,0.16150473617,0.295838795602,0.208937924355
254,0.360873337835,0.160504892468,0.291804917157,0.20969453454
255,0.358243782073,0.161398520228,0.300062552094,0.20877103135
256,0.360236991197,0.160688425414,0.298917882144,0.206837669015
257,0.36222794652,0.160658680834,0.306987278163,0.208409883082
258,0.361676448956,0.160262229387,0.298936337233,0.209032043815
259,0.359819412231,0.160800516605,0.305799990892,0.207931447774
260,0.362098604441,0.160877793096,0.298400588334,0.207860227674
261,0.360796671361,0.160905768164,0.282874576747,0.209328725934
262,0.356468811631,0.164170922711,0.293742880225,0.209163501859
263,0.357269043103,0.160950778052,0.305247470737,0.206875987351
264,0.363967847079,0.159281210974,0.304114326835,0.207446720451
265,0.366789007559,0.158280470408,0.298683576286,0.207892164588
266,0.364564418793,0.158978654072,0.303568944335,0.207249689847
267,0.365802619606,0.158482678235,0.306919395924,0.207455847412
268,0.368804765865,0.15719399089,0.302870064974,0.206772293895
269,0.369432585314,0.157401742879,0.301253780723,0.207901965827
270,0.369914127514,0.157507036347,0.290971651673,0.209459412843
271,0.364304134622,0.159093901981,0.30931609869,0.207372184843
272,0.372525000945,0.156963304617,0.302578315139,0.207210950553
273,0.370499102399,0.157424802426,0.300933547318,0.208135422319
274,0.368256699294,0.157198092435,0.311389803886,0.20953387022
275,0.368981430307,0.157698952593,0.297573804855,0.210830226541
276,0.368035055697,0.157973694149,0.290026023984,0.211091287434
277,0.355714859441,0.164274741895,0.295476198196,0.209912247956
278,0.354697311297,0.162799974438,0.308021813631,0.211019884795
279,0.366009173915,0.158418161795,0.303897418082,0.208095490932
280,0.370363861322,0.157122680917,0.302739180624,0.206282559782
281,0.374722905457,0.154977968428,0.318018555641,0.207385987043
282,0.374090479687,0.155537606683,0.30777271837,0.207126937807
283,0.373823277652,0.155769157223,0.303244523704,0.2083472386
284,0.376214891672,0.155546704773,0.305659927428,0.209082581103
285,0.373827427626,0.154859786388,0.313794076443,0.206830125302
286,0.37715115957,0.15506987134,0.31490085274,0.208663865924
287,0.374501280487,0.154822414741,0.320712126791,0.209565810859
288,0.379411267117,0.15405335743,0.303475640714,0.208350386471
289,0.37947149761,0.154234936461,0.304068878293,0.210308108479
290,0.37291575782,0.15594794834,0.295727923512,0.209391243756
291,0.376252507791,0.154132349882,0.312136560678,0.207714118063
292,0.380098707974,0.153654552996,0.290027678013,0.211885176599
293,0.375363619998,0.154731337912,0.317371234298,0.207694280893
294,0.383674288169,0.152724949177,0.302088044584,0.209418401122
295,0.382099051028,0.152581742033,0.311435841024,0.209261454642
296,0.378536807373,0.154633176979,0.30821070075,0.209359120578
297,0.382213557139,0.154108464252,0.297883942723,0.210167806596
298,0.381896408275,0.15208403673,0.31105414778,0.209431607276
299,0.381395066157,0.153258158825,0.313085339963,0.207538891584
300,0.379842398688,0.154067174997,0.305698037148,0.209065064788
301,0.376163030043,0.154055943247,0.316252827644,0.21034488827
302,0.375607840717,0.156878911424,0.31150649488,0.212669786066
303,0.377973167226,0.153418219648,0.310851208866,0.209397580475
304,0.384353412315,0.151574286632,0.317925535142,0.208649862558
305,0.388030132279,0.150266188197,0.320439219475,0.208792120218
306,0.391457479447,0.149395845365,0.309986121953,0.207029052079
307,0.387960495427,0.150596369524,0.313751444221,0.207169730216
308,0.384233858436,0.151219741907,0.331439569592,0.210154201835
309,0.384682286531,0.15192696359,0.311106279492,0.211782589555
310,0.385337134823,0.151198539417,0.311287291348,0.208341896534
311,0.390156600624,0.150341722649,0.309835784137,0.208986569196
312,0.386223269626,0.150429162662,0.313259772956,0.207650646567
313,0.391247939318,0.149204733782,0.317102998495,0.207502450794
314,0.392791967839,0.148370507639,0.318537175655,0.205745846033
315,0.391483992338,0.150064072106,0.315149597824,0.209239095449
316,0.387756068259,0.150337441359,0.309634149075,0.208059325814
317,0.393397681415,0.148904867936,0.306116595864,0.209148794413
318,0.392413308844,0.148165578023,0.318265013397,0.206600695848
319,0.389432473108,0.150381285232,0.319959722459,0.207170419395
320,0.39145616442,0.150250989478,0.311217844486,0.210636645555
321,0.392335569486,0.148762599099,0.307773649693,0.210260380059
322,0.392204064876,0.148313221987,0.314530283213,0.208054937422
323,0.397537760437,0.146912053693,0.322578899562,0.208365421742
324,0.385839994997,0.15197358327,0.309492968023,0.209122199565
325,0.380800720304,0.15711550368,0.299493536353,0.211482290179
326,0.378526831046,0.153189231176,0.322212301195,0.207454446703
327,0.393384402618,0.148676187731,0.313415944576,0.210073344409
328,0.390087587759,0.152414641809,0.326464816928,0.221067462116
329,0.375283364207,0.154135261662,0.316834971309,0.209988933057
330,0.392998475581,0.149169463199,0.322444826365,0.208969112486
331,0.394858468324,0.148521079216,0.304159067571,0.21085420996
332,0.389051873237,0.149352037814,0.324903599918,0.208576355129
333,0.394853221253,0.148458374199,0.320820912719,0.209102578461
334,0.397364998236,0.146459999494,0.330602116883,0.207975640893
335,0.399528304115,0.148653321899,0.312033064663,0.210764668882
336,0.392984814942,0.147478697821,0.319000788033,0.208450462669
337,0.397948820144,0.146741658915,0.325951382518,0.209399614483
338,0.399689337239,0.146598672029,0.323147371411,0.207319904119
339,0.402887867764,0.14649947267,0.317529059947,0.207434106618
340,0.401052596048,0.145463317167,0.31796707958,0.208351500332
341,0.401207556948,0.146053422242,0.328110903502,0.207289356738
342,0.39905334264,0.145787769929,0.329259864986,0.207339078188
343,0.399791656062,0.145840212237,0.321864753962,0.210648264736
344,0.403527665883,0.144518374931,0.32379193604,0.209176834673
345,0.404559085146,0.145755298436,0.313732035458,0.210044879466
346,0.400434251875,0.145616562571,0.321971669793,0.210465785116
347,0.405557066202,0.144211484585,0.313224196434,0.212134044617
