epoch,jaccard,loss,val_jaccard,val_loss
0,0.0105444289422,0.762383137758,0.00659857259029,0.716835139319
1,0.0104070731636,0.710489500027,0.00703743193912,0.690908376127
2,0.0105537850625,0.688776470148,0.00700601864207,0.681076802313
3,0.0105662471436,0.67891811866,0.0075365625222,0.675969833508
4,0.0112947868541,0.671893149614,0.00964777258514,0.669324064627
5,0.0122280887042,0.667090901962,0.00683407167639,0.668551903218
6,0.0116270939067,0.661702637489,0.0101111675342,0.657282209024
7,0.0128547124959,0.656836271286,0.00941374260401,0.652234824374
8,0.013239418246,0.649380858128,0.0106516919153,0.63606191054
9,0.0135319237597,0.637965314663,0.0102643585561,0.629123158753
10,0.0138068584761,0.628471195698,0.010428560044,0.623973200098
11,0.0148246656888,0.621128043303,0.0107645667154,0.619117334485
12,0.0151470564127,0.615460735101,0.0107313989323,0.616036416963
13,0.0153240000632,0.613457718721,0.0109118505021,0.611203474924
14,0.0155816024098,0.60510254594,0.0109387260735,0.606067705899
15,0.0156881457481,0.602676510811,0.0110502188766,0.602234760299
16,0.0160050150903,0.597153007984,0.0111670567064,0.597829207778
17,0.0163204267334,0.592008148248,0.0113151943594,0.593501888216
18,0.016709326659,0.586979561127,0.0113755791779,0.589875528589
19,0.016778713522,0.581638696102,0.0115974636111,0.586991224438
20,0.0174258198732,0.577144143673,0.0116878296227,0.582747846842
21,0.0174896756563,0.572868205034,0.0118658015457,0.578754143789
22,0.0173754490052,0.569895767249,0.0117853516613,0.575315311551
23,0.0182592598005,0.564874841617,0.0121429599071,0.572263862938
24,0.0179992076368,0.562520290797,0.0119819575427,0.567845085636
25,0.0184588278644,0.556669764794,0.0124548254801,0.563747063279
26,0.0183349750542,0.555768863513,0.0118880800562,0.559350624681
27,0.0183431412308,0.551534815476,0.0119695532527,0.557339476421
28,0.0185731519014,0.546498232163,0.0122625238865,0.550534183159
29,0.0186571785822,0.542037177544,0.0122600141628,0.548671238124
30,0.0192838534713,0.537541238161,0.0124076266326,0.545616712421
31,0.0195826266964,0.532816854807,0.0122554555115,0.54238287732
32,0.0195151385493,0.529747616786,0.0124441661792,0.536534922197
33,0.0198443041971,0.527625909218,0.012364801696,0.535619895905
34,0.0180953242637,0.526323715082,0.0124182576243,0.528028378263
35,0.0189449706545,0.521723719744,0.0125533044096,0.523184986785
36,0.0193505154636,0.518837047311,0.0126804440157,0.524001533166
37,0.0196091918848,0.513918239337,0.0123937096014,0.519090408459
38,0.0182371752408,0.513290455708,0.0126452352672,0.514167722315
39,0.0199965401015,0.506712506597,0.012887681148,0.51322597824
40,0.0195394498833,0.502187495048,0.0131741285396,0.510443032719
41,0.0205098491234,0.497728468134,0.0129399470392,0.505988908932
42,0.0203811360451,0.494842112064,0.0133776795876,0.504832129925
43,0.0206167885604,0.490543010143,0.0131138046927,0.501077992842
44,0.0210206463861,0.486501916097,0.0133368291141,0.496019680984
45,0.0211641448192,0.481689732808,0.0137619660194,0.495268550701
46,0.0214584561136,0.479250319875,0.0130439542513,0.49033267051
47,0.0212199337727,0.477433680342,0.0140578943219,0.49370315019
48,0.0215358030624,0.474833074671,0.0130455838429,0.483802022412
49,0.0216813314921,0.469793873338,0.0144136313376,0.482043521479
50,0.022284309785,0.472843927833,0.0138540463296,0.48033806216
51,0.0208732963074,0.467939461653,0.0141633361194,0.474928522483
52,0.0218273296666,0.460719885734,0.0135271002893,0.467927064747
53,0.0213006611985,0.460621193051,0.0141540266238,0.467391837388
54,0.0218028242503,0.458117088446,0.0140196674625,0.473731405102
55,0.0221482251699,0.451407094414,0.0142189213727,0.459549932741
56,0.0223363925918,0.448584185197,0.0141866362281,0.455178038217
57,0.0219965162329,0.445544396455,0.0144408915694,0.454494950362
58,0.0225916639185,0.442553710479,0.013889631605,0.450912008993
59,0.0226535215401,0.439632078776,0.0145784640185,0.447184559889
60,0.0226634522685,0.437315051372,0.0146207591519,0.443481405266
61,0.0222740359963,0.433766930149,0.0154992026199,0.445281291381
62,0.0235447725639,0.429657094754,0.0146922649486,0.437527116388
63,0.0235097714915,0.426849921162,0.0153153534093,0.437108987011
64,0.0238171205677,0.424344629049,0.0150315923056,0.433473310433
65,0.0235424685077,0.421839571916,0.0157613524067,0.432850859128
66,0.0243233587736,0.417649281713,0.0144688269532,0.429764389992
67,0.024192244101,0.414588373441,0.0156992343728,0.425683205947
68,0.0243258540375,0.412432928498,0.0153131408167,0.423387032002
69,0.0244136640551,0.410416501073,0.0154703564912,0.420639370568
70,0.0238502010918,0.407868990531,0.0150069484342,0.418257794343
71,0.0247549531766,0.405008682838,0.0154115184376,0.415670442395
72,0.0243909790969,0.402121260762,0.0163529526221,0.41401347518
73,0.0255547117872,0.398965342687,0.015029176041,0.409647684544
74,0.0243297156591,0.396806737551,0.0157244540435,0.410087618046
75,0.0260594509041,0.39287092594,0.0162258500488,0.409208539873
76,0.0257582687773,0.390174748806,0.015526796407,0.403869816102
77,0.02605848403,0.389182863327,0.016447550151,0.400312282145
78,0.025867048651,0.384870286171,0.0164452739682,0.398924507201
79,0.0265042147814,0.382237038933,0.0160963843297,0.395084900782
80,0.0258021257961,0.380788080967,0.0165356654004,0.395358748734
81,0.0269149081746,0.378538769025,0.0155485861379,0.389392158017
82,0.0256313321252,0.376570272904,0.0165944071172,0.387928588316
83,0.0267802541001,0.374545804583,0.0163551441055,0.385070345365
84,0.0265866357547,0.370976834343,0.0160462506158,0.386998903006
85,0.0270383761694,0.367703303695,0.0167732457796,0.386959304102
86,0.0274748507386,0.365596793019,0.0165551162745,0.378616861999
87,0.0278557384243,0.362942504195,0.0170803718318,0.380570665002
88,0.0278073395602,0.361328819623,0.0169169910498,0.376430927776
89,0.0282274852529,0.36824331146,0.0178952346516,0.400148569606
90,0.0263208393724,0.362388377006,0.015591428772,0.370337315835
91,0.0232242840844,0.36260790779,0.015314308087,0.371254763566
92,0.0227049434952,0.362227514386,0.0162169212874,0.367016287521
93,0.0254808178243,0.357513693663,0.0164896332469,0.369942510501
94,0.0260560623585,0.352523444937,0.0162784055672,0.363913130015
95,0.0262236735927,0.357011043108,0.0172263985073,0.364344944246
96,0.0260577166023,0.351586747628,0.016344496197,0.35809394531
97,0.0271149966149,0.345600718489,0.0166105028247,0.357277419418
98,0.0269869660887,0.343710732002,0.0170457306886,0.354434775189
99,0.0274358996763,0.339336392971,0.0169116318743,0.3506315751
100,0.0279586636461,0.337801313171,0.0165097393995,0.350885392167
101,0.0282224425688,0.336261764169,0.0183542523389,0.346366061829
102,0.028343162177,0.332303242042,0.017225834707,0.341902112588
103,0.0284900728327,0.329554850092,0.0187131823493,0.346529410221
104,0.0291892196804,0.32891466182,0.0174366841102,0.342278601602
105,0.0295012384796,0.324441192242,0.0186144895449,0.339361950755
106,0.029972738658,0.322569519281,0.0180660123854,0.335873189382
107,0.0297034619591,0.321118331872,0.0190376359901,0.336039937101
108,0.0303809349067,0.31927519349,0.0181703504793,0.330646260642
109,0.0304553525594,0.316679546466,0.0194889978334,0.332600399852
110,0.0301823834889,0.315591604664,0.018131925071,0.32896538917
111,0.030889260511,0.312385341296,0.0189961374786,0.326401864178
112,0.0313244721351,0.309798092796,0.0189391279034,0.324940307066
113,0.0317096217321,0.30775338526,0.0196982205644,0.325437058695
114,0.0313277227374,0.306827819118,0.0201332818961,0.316206505522
115,0.0316307932998,0.305365638091,0.0204795408733,0.316907153465
116,0.0318132815166,0.303301408887,0.0192319447322,0.321203614585
117,0.031169620056,0.302597021827,0.0188789422484,0.316840603948
118,0.0319951725407,0.298556427543,0.0195247795982,0.31353562884
119,0.0327578534444,0.296916764516,0.018844916875,0.310892940499
120,0.0323299825048,0.295606238338,0.019933055632,0.307233733125
121,0.0333143383121,0.292900915329,0.0207557050171,0.305963648483
122,0.0330541101643,0.29151417315,0.0198071006973,0.303551586345
123,0.0339397210852,0.291540748798,0.0201447220122,0.307019588538
124,0.0308939429143,0.291551421468,0.018640759158,0.299992922693
125,0.032063407107,0.289664180233,0.020133673002,0.301500041969
126,0.0312709846677,0.288268668147,0.0211703747898,0.298487944528
127,0.0332640597883,0.285452292516,0.0198228701936,0.295537491329
128,0.0330921709538,0.281856745481,0.0211323980457,0.295154248364
129,0.0335345982144,0.280287147715,0.0205207744557,0.293367904611
130,0.0344663417468,0.277421785089,0.0207812908022,0.28854977712
131,0.0342999382947,0.275316817256,0.0212426826306,0.288839006796
132,0.0352270165458,0.273727678336,0.0208799616564,0.287056583911
133,0.0353175301391,0.27184017805,0.0213382068157,0.284508146346
134,0.0354202304465,0.269514012795,0.0216121219587,0.282715821639
135,0.0355924006122,0.268546466644,0.0214399122399,0.280719310977
136,0.0361312948024,0.267172697645,0.0212079174589,0.280707754195
137,0.0361046186433,0.264632396973,0.0219741675787,0.278716653585
138,0.0364978986506,0.264621909994,0.0216356571686,0.274464632384
139,0.0362010093836,0.261448144913,0.022676212875,0.277701445855
140,0.0372803648217,0.259564584838,0.0217640369694,0.271444777958
141,0.0363990779465,0.2593593265,0.021026377749,0.274209889583
142,0.0375097369632,0.256678846593,0.0229895141376,0.271135148592
143,0.0373967499315,0.258367857681,0.0219860592308,0.265840629116
144,0.0368476599598,0.253797889902,0.0232029723995,0.269974327646
145,0.0378289176868,0.252239208955,0.0225865004363,0.263231092133
146,0.0373616471457,0.251187968139,0.0227004566402,0.268457465805
147,0.0377249575507,0.250447818866,0.0219681648164,0.263797621243
148,0.0386355648247,0.247147737214,0.023096632169,0.263171651401
149,0.038602477441,0.246666646921,0.0225734017754,0.260002605617
150,0.0388836476665,0.246156227703,0.0231704526816,0.258199812844
151,0.0379847505202,0.244029757495,0.0220734031989,0.25602565147
152,0.0390216516008,0.243675882427,0.022609538262,0.255102967843
153,0.0389029985258,0.241971591917,0.0223330299498,0.25397880841
154,0.0396933043017,0.239501294608,0.0233671473879,0.25314120017
155,0.0399567162475,0.237568486195,0.0238734089762,0.251489311457
156,0.04045307767,0.236856770057,0.0233494703291,0.250193304848
157,0.0396602715079,0.236461129899,0.0246459359314,0.252166913822
158,0.0407811218801,0.234367537957,0.0227445182852,0.246599545702
159,0.0408746997038,0.232410310553,0.0243668818478,0.248523135204
160,0.0414530679093,0.232912897491,0.0238743018963,0.242184908129
161,0.0407334135559,0.229601024435,0.0243710617838,0.241512293462
162,0.0414838055149,0.227791171808,0.023871040325,0.242938990239
163,0.0412425021999,0.226107252905,0.0234337296665,0.241463854443
164,0.0422728758735,0.22675856604,0.0242612554778,0.237575600389
165,0.0415879436052,0.225038951979,0.0249228519115,0.239743062761
166,0.0424551535398,0.223014347828,0.0231950424197,0.235230437946
167,0.042142556228,0.222029570777,0.0259249270418,0.237924770918
168,0.0425496592115,0.220241713409,0.024948489302,0.238152801991
169,0.0432000757517,0.220978616522,0.0253739938587,0.229232066311
170,0.0428887809304,0.219102951197,0.0247267193054,0.233567692339
171,0.0433614222476,0.216310294775,0.0247268556234,0.234665022697
172,0.0439151769791,0.214877816347,0.0242517539184,0.234062400647
173,0.0439228294059,0.214069251258,0.0259147181673,0.233083954547
174,0.044019239095,0.212801286234,0.0248577151613,0.226496159565
175,0.0432934608633,0.214081351574,0.0261973758375,0.226546145976
176,0.0451165253225,0.21134184874,0.0250229036756,0.224100920837
177,0.0447077593551,0.208986587249,0.0256318349718,0.22063285904
178,0.0450773705513,0.2077854568,0.026803504127,0.223232932854
179,0.0459307952283,0.205854184352,0.0262090661422,0.223096813541
180,0.0457461984255,0.205611946491,0.027555589051,0.220671945252
181,0.0465820467888,0.204283760717,0.0268361388687,0.217178732157
182,0.0455465960818,0.202841733511,0.0279613284879,0.220072554424
183,0.0469924404214,0.202195531474,0.0251928859454,0.216119718738
184,0.0461807875679,0.200958398099,0.027905752394,0.221080278512
185,0.0475188115827,0.199833887701,0.026622049794,0.212608183268
186,0.047184282484,0.19892713886,0.0275704656044,0.213581812102
187,0.0473858143848,0.196950290066,0.0279770193276,0.213806700427
188,0.048067538211,0.195611157096,0.0275385192717,0.209423955064
189,0.0477337859069,0.195511287222,0.0282467261366,0.212696740869
190,0.0489274284158,0.193671154861,0.0263695807387,0.208107090555
191,0.0481488765576,0.192634266156,0.0287440085845,0.211261361372
192,0.0485055073379,0.193398796595,0.0260084237873,0.203664664179
193,0.0466946642488,0.194975360082,0.0256029092843,0.203888390679
194,0.0452711919609,0.193045896406,0.027168806083,0.208509684075
195,0.0457158305754,0.193142671425,0.0246670253296,0.206886664964
196,0.0472868003238,0.190195912925,0.0281267161338,0.217152749654
197,0.0461743913877,0.19153565283,0.0267060661727,0.20091560157
198,0.0454951379305,0.190267837391,0.0250971706578,0.20049752621
199,0.0448278673172,0.190903456165,0.0275433030058,0.2005300452
200,0.0466224324101,0.187817320801,0.0289878300703,0.199261541478
201,0.0493752297301,0.184935463736,0.0286952703157,0.200374527369
202,0.0496081211246,0.182690614691,0.0305140830001,0.195985323749
203,0.0510077685691,0.181226631197,0.0304582510096,0.194994458463
204,0.0507931127213,0.180748072954,0.0303157570813,0.192170096561
205,0.0512863877588,0.179736073201,0.0285459005306,0.190252327826
206,0.0511799559284,0.178064682163,0.0307291589754,0.188873858191
207,0.0525495490919,0.177775925169,0.0308833658576,0.18942482397
208,0.0522053857835,0.175287526961,0.0308154672416,0.191587605979
209,0.0527265444398,0.175779559291,0.0284156601051,0.186413495801
210,0.0523596403117,0.174592999885,0.0320034295924,0.186807640828
211,0.0535909222582,0.172577036115,0.0314666954721,0.1874752203
212,0.0533526776932,0.172282153024,0.0322467152509,0.18597723823
213,0.0537969557425,0.171452213365,0.0311785887225,0.185409034137
214,0.0544201531089,0.170136553737,0.0295064818392,0.18209198676
215,0.0545703386172,0.169635924582,0.0311707147198,0.182182999793
216,0.054921523238,0.168275685838,0.0309180287625,0.181830320973
217,0.0556797792848,0.166841882926,0.0308912720179,0.180626587942
218,0.0552964124542,0.167118878319,0.0324125359973,0.181429109536
219,0.0557428087788,0.166184882132,0.0317835405081,0.178311657161
220,0.0563624408812,0.164736584402,0.0316779892064,0.178139692638
221,0.0565468932932,0.163641939943,0.0324538118625,0.179602508899
222,0.0571936224229,0.162972868635,0.0318549492199,0.175850335974
223,0.0569432406471,0.16189103287,0.0332613509811,0.174886988942
224,0.0579297836297,0.160459149915,0.0329832761799,0.173429240938
225,0.0572739523621,0.160385119227,0.0335052464206,0.172572528012
226,0.0581391811228,0.159119858765,0.0349038708882,0.173004481476
227,0.0579015775225,0.158742617529,0.0341330675783,0.169718556106
228,0.0590337449685,0.157670149436,0.0336105203851,0.170995153487
229,0.0584259270332,0.156266345428,0.0336800110717,0.171032045037
230,0.0598415478777,0.156332621208,0.0329368952096,0.168481967878
231,0.0590628942546,0.155797961813,0.0349785756491,0.168449911289
232,0.0606081412944,0.154796548761,0.0323543613597,0.166195255704
233,0.0601995785792,0.154186576032,0.0340170248605,0.166791675147
234,0.0605817148462,0.152594976127,0.0343557955732,0.163762027398
235,0.0609337125833,0.151889484089,0.0355169565601,0.162988744676
236,0.0612314897948,0.1510956786,0.0343646593096,0.163555803243
237,0.0618862852168,0.149644137575,0.0334488465519,0.161802683957
238,0.0621463082587,0.149397901618,0.0329196649045,0.162102600094
239,0.0618250874373,0.148032237131,0.0346151024692,0.160767475609
240,0.0624222953159,0.147031069375,0.0341551381598,0.160479643382
241,0.0631937621018,0.146657927105,0.035191249412,0.162343799137
242,0.0631294461827,0.145494044973,0.0351421361906,0.159863532521
243,0.0632757666306,0.146141242522,0.0360670077325,0.157999808434
244,0.0642619406661,0.144071573248,0.0350877742271,0.155982649419
245,0.0645080948105,0.143197995539,0.0364087564308,0.158582402393
246,0.0647768383989,0.142472492961,0.0364461471572,0.158227726351
247,0.0651955361693,0.14234653058,0.0367802683763,0.159447232261
248,0.0654102879791,0.141454334442,0.0355676490303,0.155170737766
249,0.0654209526256,0.140313655711,0.0372513171274,0.156611884944
250,0.0667856981835,0.139842805954,0.0353434579401,0.15373177873
251,0.0662549756324,0.138625625234,0.0373736342985,0.152295621112
252,0.0673280294555,0.139050908387,0.0362315232919,0.152053176891
253,0.0669467685601,0.137537659934,0.0382034782415,0.153498630971
254,0.0678186734708,0.136448050348,0.0364286191179,0.149315916933
255,0.0680834361567,0.136114495305,0.0376954722333,0.150462941732
256,0.0681358840531,0.135320044481,0.0387455502046,0.14952937793
257,0.0685453291696,0.134008825398,0.0380344821615,0.148698352743
258,0.0689488703098,0.133645798724,0.0371620912506,0.150159105659
259,0.0694119957491,0.132890082896,0.037546327309,0.149416743312
260,0.070009170315,0.132015742648,0.0377245528966,0.146834251937
261,0.0699525171748,0.13118074949,0.0384635159708,0.14654287044
262,0.0704890996074,0.131416974159,0.0375699767833,0.145982997492
263,0.0703941073555,0.130918589922,0.0355939691058,0.146657845005
264,0.0705677983709,0.130833322612,0.039891841579,0.14487202093
265,0.0707548872496,0.129458502222,0.038713584755,0.141836579423
266,0.0703989930737,0.129325254892,0.0400999339508,0.144490095787
267,0.0690035014055,0.12947729803,0.0385847202838,0.142475000117
268,0.0707156706172,0.128507231864,0.0382797112943,0.143375775777
269,0.0717708563002,0.127299599636,0.0383146579375,0.145318314433
270,0.0726902228422,0.126095566039,0.0401077107226,0.141125928145
271,0.0726037501143,0.125769233761,0.0422973902282,0.144688868895
272,0.073270361584,0.124893145206,0.0400089094328,0.139804915525
273,0.0738463625312,0.124739412218,0.0418609311059,0.138858800754
274,0.0740530297447,0.123554547246,0.0422827502734,0.138186501805
275,0.0742459755677,0.122684506556,0.0419379342707,0.138474421576
276,0.0744713592128,0.12244582864,0.0411353785639,0.138742461335
277,0.0757067970072,0.121237814426,0.0409249213571,0.136475717649
