epoch,jaccard,loss
0,0.0641183549538,0.746617159247
0,0.0631597034633,0.743394875526
1,0.0618511691689,0.683915373683
2,0.0618388760835,0.673742544651
3,0.0620309347287,0.660490715504
4,0.0628135282546,0.651735034585
5,0.0635155271739,0.642465880513
6,0.0639683760703,0.633992868662
7,0.0642621595412,0.626314067841
8,0.064761640504,0.617539188266
9,0.0648366482928,0.609913161397
10,0.0653416598216,0.602057519555
11,0.0657071648166,0.594242507219
12,0.0663479799405,0.586768087745
13,0.0664529023692,0.580200114846
14,0.0661856461316,0.57267934382
15,0.0668336495757,0.56561319828
16,0.067177259922,0.559380096197
17,0.0657155860215,0.554873862863
18,0.0661424186081,0.548479998112
19,0.0662792278454,0.541112664342
20,0.0676323205233,0.533860358596
21,0.0674787828699,0.527662456036
22,0.0682072294876,0.520901545882
23,0.0688730003312,0.514836034179
24,0.0688858075067,0.50923627913
25,0.069121908769,0.503683577478
26,0.0690942253917,0.49797103107
27,0.0686653064564,0.493847981095
28,0.0674781592563,0.489634394646
29,0.0676627576351,0.484153586626
30,0.0664515385404,0.480257487297
31,0.0638328449801,0.47945945859
32,0.0627620432526,0.47359161973
33,0.0645593155175,0.46740373224
34,0.0653261365369,0.461558833718
35,0.0656531047076,0.456242802739
36,0.0662958329543,0.451184630394
37,0.0673622014001,0.446031060815
38,0.067506104894,0.441498565674
