epoch,jaccard,loss,val_jaccard,val_loss
0,0.0724040392786,0.738770711422,0.0740336722229,14.7621322274
1,0.0735964965075,0.698511397839,0.0733356998535,12.3431480229
2,0.0750711940229,0.676385515928,0.0705302138813,4.21713979542
3,0.075118040666,0.669893604517,0.0704851230839,4.16411222517
4,0.0761191025376,0.665295708179,0.0704461610876,4.19627556205
5,0.0771970000118,0.659722107649,0.0705133508891,4.13620482385
6,0.076808912307,0.655199968815,0.0706192251528,4.13453797996
7,0.077221827209,0.649711281061,0.0722209089436,3.59442390501
8,0.0777159437537,0.646747088432,0.0702836874407,3.19551897049
9,0.0770336151123,0.641936016083,0.0707913282095,3.59602873027
10,0.077905703336,0.637223362923,0.0724141959799,3.33391221613
11,0.0769779905677,0.63211453557,0.0754928651731,3.52796371281
12,0.0789046037942,0.626930767298,0.072429033462,3.23532909155
13,0.0809156559408,0.622145980597,0.0726358215325,3.09703460336
14,0.0807971462607,0.619750005007,0.0740112515632,6.32882519066
15,0.0795994862914,0.618736934662,0.0728541091084,1.49747906253
16,0.0790819965303,0.611863154173,0.0716340824729,1.79985751957
17,0.0807858940214,0.607451450825,0.0775525958743,1.60515812784
18,0.0813647523522,0.601806652546,0.0780423509423,1.43739806674
19,0.0823911577463,0.598689955473,0.0785616505891,1.04963232577
20,0.0820209309459,0.593616735935,0.0829736012965,0.809051705524
