epoch,jaccard,loss,val_jaccard,val_loss
0,0.0240361369573,0.785808751216,0.0233847253996,0.768381943926
1,0.0277270696198,0.760128621872,0.0232481438464,0.749476065859
2,0.0266818296021,0.739334915693,0.0201093353544,0.735022578388
3,0.0241416457754,0.72365538432,0.0176540743489,0.716508546844
4,0.0230751252518,0.706579169402,0.017962269068,0.700400836766
5,0.0232798966149,0.70296723109,0.0177983530741,0.690797140822
6,0.0225521054549,0.69150358897,0.0173212799225,0.687683964148
7,0.0223621114229,0.685676182692,0.0174615323443,0.684358721599
8,0.022711006423,0.682202609686,0.0181618783565,0.676778063178
9,0.0227092159196,0.678002197009,0.0175752295368,0.674473602325
10,0.0225957096554,0.675696659547,0.0178221440564,0.673829065636
11,0.0228806765249,0.672828296056,0.0181554085791,0.67139942944
12,0.0229518159042,0.670985781229,0.0182472065634,0.670146247372
13,0.0230469742002,0.669273766188,0.0183216968844,0.667352698743
14,0.0231445636242,0.667636337189,0.0183081073951,0.667116483673
15,0.0231607017609,0.665283608895,0.0181566273949,0.664217444137
16,0.0230125724696,0.664390396613,0.0182261510422,0.663209792227
17,0.0232641375982,0.66297391057,0.0184237984264,0.663458000869
18,0.0233076696929,0.661868510338,0.0183186288009,0.662519009784
19,0.0234086077947,0.660317996374,0.0184907665156,0.661072254181
20,0.0234052112613,0.658680102,0.0186102254678,0.659702209756
21,0.0236120432114,0.657758772373,0.0186591735592,0.658385967836
22,0.0235055025237,0.656613370547,0.0188062633204,0.656818220392
23,0.0235246223612,0.655412942171,0.0187091118746,0.655547358096
24,0.0232049437383,0.65441440619,0.0184156900179,0.653862763196
25,0.023366460899,0.653039767192,0.0187048512671,0.65308935754
26,0.0237328966793,0.652035857622,0.0190699262804,0.651266083121
27,0.0239088139497,0.651022386092,0.0189852844198,0.649219980463
28,0.0238362914668,0.650076650656,0.0189710245036,0.647949455306
29,0.0239122759981,0.648829040619,0.0187877327345,0.651157189161
30,0.0236350737799,0.647935777903,0.018642282312,0.649285070598
31,0.0237191034338,0.646756740717,0.018943101002,0.647440960631
32,0.0239087002567,0.645723434595,0.0192145799945,0.644557176158
33,0.024189398624,0.6444821885,0.0188730165668,0.643495248631
34,0.0237547837628,0.644105558212,0.0188337953964,0.642961354926
35,0.0240427295749,0.642924576998,0.0191489795105,0.641783980653
36,0.0240484249706,0.641937631827,0.0191590109137,0.641612080857
37,0.0241050932986,0.640776127577,0.0192079809927,0.641153743491
38,0.0239651710726,0.639955300551,0.0190807915201,0.639539152384
39,0.0242756114413,0.638826890634,0.0191420854792,0.639260668308
40,0.024170878988,0.637968313236,0.0193077198672,0.640177393332
41,0.0243906954017,0.637301534414,0.0194887349495,0.636263556778
42,0.0242469034946,0.636166742215,0.0194554193166,0.635059155524
43,0.0244426188202,0.635262741492,0.0192307451084,0.634040173143
44,0.0242612517725,0.634411053016,0.0193683535093,0.633286312222
45,0.0243907896085,0.633600856249,0.0195075854842,0.632546419278
46,0.0246519184886,0.63301212971,0.0192091176079,0.632639693096
47,0.0241093826838,0.632131212033,0.0192358528886,0.632208049297
48,0.0243026799379,0.631960027493,0.0200153091299,0.630291048437
49,0.0247376157831,0.630298614502,0.0197910331866,0.629195788875
50,0.0244522367676,0.629785562937,0.0195250876797,0.628385003656
51,0.0245469863741,0.629015592428,0.0192098593791,0.628035748377
52,0.024269860596,0.628227726771,0.0195303741278,0.627264175564
53,0.0248402127136,0.627237432278,0.0196428308669,0.628434833139
54,0.0245379609987,0.627187538605,0.0195299419377,0.625933529809
55,0.0246252456967,0.626221762254,0.0198634919275,0.625420417637
56,0.0248894968715,0.625682814763,0.0199112050002,0.624650726095
57,0.0246427514805,0.624215701452,0.0192972924767,0.623574307188
58,0.0245015420593,0.623514324427,0.0193717893649,0.622607493773
59,0.024537898027,0.622888677395,0.0197496468177,0.621759105474
60,0.0249883419333,0.621749987969,0.0197945781124,0.621104510501
61,0.024978199114,0.621028994138,0.0193539267924,0.620482904837
62,0.0247051711194,0.62055936685,0.019578783617,0.619587669149
63,0.0251124475796,0.619771361351,0.0195614017944,0.618908490986
64,0.0246576811545,0.618996521601,0.019612186881,0.617993827909
65,0.0251698934545,0.617895859938,0.0195584906187,0.61719567515
66,0.0249695207637,0.61718830237,0.01946340304,0.616432985291
67,0.0249475149366,0.6166832768,0.0196544850032,0.615665551275
68,0.0252527329498,0.615664819112,0.019710879656,0.614964656532
69,0.0251006499793,0.615109695838,0.019612009505,0.6142491512
70,0.024936378038,0.61443614272,0.0195600004002,0.613549139351
71,0.0251893180136,0.613645993746,0.0196907653281,0.612838657573
72,0.024786311542,0.613338644688,0.0194628655495,0.612171187997
73,0.0246668916482,0.612587541342,0.0194121210669,0.611635824665
74,0.0253360854605,0.611569154721,0.0199237938234,0.610881533474
75,0.0255575559747,0.610835043284,0.0199685914378,0.610241213813
76,0.0253766511853,0.610095124978,0.01980939578,0.60958982259
77,0.0250909870419,0.609613537788,0.0196430138011,0.608944742009
78,0.0251510469243,0.608854550582,0.0197613810454,0.60822609067
79,0.0252461619675,0.608302662006,0.0200286216699,0.607520416379
80,0.0258109593191,0.607440146116,0.0198178129343,0.606968790293
81,0.0253437521079,0.607200462085,0.0197930940473,0.606388852
82,0.025270236871,0.606351297635,0.0198723691715,0.605698389933
83,0.0254139576394,0.605782054938,0.0199360527021,0.604985354468
84,0.0254164962814,0.605146128398,0.0197896916198,0.604217374697
85,0.0253565195375,0.604423756783,0.0200162904512,0.60360362567
86,0.0256212960857,0.603351492148,0.020228068591,0.603021053597
87,0.0255466653392,0.603155296582,0.0202078838786,0.602522775531
88,0.0254509075043,0.602485177609,0.0203421105174,0.60177276656
89,0.0258798302653,0.601722421554,0.0201299880155,0.601288288832
90,0.0253158539104,0.601281007895,0.0198625422076,0.60078812018
91,0.0257953326576,0.600430674278,0.020386457645,0.600009428337
92,0.0261175724176,0.599748847576,0.020262262341,0.599343566224
93,0.0259045760076,0.598892523692,0.0201299432782,0.598600860685
94,0.0255147205093,0.598568879641,0.0201765217946,0.597934518009
95,0.0261701177089,0.597924817067,0.0206560271237,0.59734335728
96,0.0258775864943,0.597362341789,0.0197523575779,0.59712195769
97,0.0255099327948,0.597541210743,0.020474933168,0.596690123901
98,0.0261128814533,0.596420109272,0.0206856096723,0.595615295693
99,0.0260646330336,0.595198211762,0.0198834800771,0.594923935831
100,0.0256422034895,0.595024331258,0.0201502313731,0.594131531194
101,0.0257454082155,0.594243017527,0.020575895873,0.593763776124
102,0.0264544921856,0.593505451312,0.0205551300446,0.593117527664
103,0.0262783758629,0.592582805799,0.0206217065193,0.592797193676
104,0.0259285145797,0.59249859819,0.020606530888,0.592228021473
105,0.0256831053143,0.59196677804,0.0203483921929,0.591542713344
106,0.0260902132409,0.591432990936,0.0209080584475,0.591069461778
107,0.0264099614623,0.590482640725,0.0206238231451,0.590279130265
108,0.0260856797059,0.58982955034,0.0205654680778,0.589425861835
109,0.0262690034623,0.5891284828,0.0207988074789,0.589012842625
110,0.0262170742409,0.588465206898,0.0208685227285,0.588628379628
111,0.0261857996766,0.58833105289,0.0205484792162,0.587761016563
112,0.0262844929328,0.587492401783,0.0207500754659,0.587104093283
113,0.0265678565663,0.586950753744,0.0205376824524,0.586517959833
114,0.026185477833,0.586474336111,0.0202795230495,0.585930008441
115,0.0262530312802,0.585480779409,0.020823137746,0.585364716128
116,0.0265580650706,0.585331421632,0.0208277310744,0.584749797359
117,0.0265344084742,0.584642570752,0.0206143105489,0.584343317896
118,0.0267122841369,0.583612396167,0.0209070287272,0.583595421165
119,0.0263438796123,0.583644192952,0.0206513459467,0.583039537072
120,0.0262949098833,0.582630361502,0.0210853157375,0.582470381632
121,0.0264765477668,0.582159448128,0.0208273588339,0.581974016502
122,0.0263629150219,0.58153501153,0.0211264828067,0.581350425258
123,0.0267653121398,0.581357767949,0.0209457933995,0.58092735149
124,0.0264686373994,0.580761251541,0.020612260122,0.580213269219
125,0.0263040604858,0.580176309897,0.0208841792395,0.579698560759
126,0.0268616605407,0.579580524793,0.0209094547117,0.579360889271
127,0.0263587740393,0.58119932734,0.0201244773317,0.580675479025
128,0.0258439680418,0.581117774432,0.0206573163343,0.579866483808
129,0.0263183736601,0.580347583844,0.020889267693,0.578345837072
130,0.026513055755,0.578291849448,0.0204803349145,0.577579494566
131,0.0259907982814,0.577382537035,0.0204100584456,0.576962398365
132,0.0265863802857,0.576518730475,0.0208906947527,0.576240139082
133,0.0263398423289,0.576361401723,0.0204426490718,0.575672220439
134,0.0262305343237,0.57583580338,0.0206437533575,0.5750531964
135,0.0264588018449,0.57481855154,0.0208505321416,0.574395099655
136,0.0267429947137,0.574501154514,0.020858612094,0.574007796124
137,0.0266679271769,0.573920071125,0.0210072297652,0.573436262086
138,0.0265481975646,0.573331963557,0.0206767772331,0.572959907353
139,0.026583884986,0.572718989391,0.0210770183448,0.572545085102
140,0.0270040473328,0.5720781661,0.0206967967976,0.571980595589
141,0.026682662491,0.571506383327,0.0209193867558,0.571316886693
142,0.0268674763636,0.571094584007,0.0209589469288,0.570830702782
143,0.0267735353241,0.570406480477,0.0206988642523,0.570097876713
144,0.027006805946,0.570023788856,0.0212070364975,0.569465868175
145,0.0271592483354,0.569339516071,0.0210995814665,0.568927111104
146,0.0270872047314,0.568499500935,0.0212889195958,0.568418422714
147,0.0268596177921,0.567997097969,0.0209557488713,0.567981410772
148,0.027196838807,0.567701619405,0.0212460011423,0.567426897585
149,0.0271525659527,0.567101714703,0.0213127608238,0.56690030545
150,0.0272214011146,0.566859130676,0.0208207827777,0.566297251731
151,0.0267564542592,0.566331675419,0.02116334459,0.565599037334
152,0.0271185612879,0.565728421395,0.0213643017314,0.565345641226
153,0.0271551227555,0.565212020507,0.021260554853,0.56488330476
154,0.0272648561603,0.564680567155,0.0213207868949,0.564234107733
155,0.027019994405,0.564192512861,0.0211557116634,0.563619241118
156,0.0272473323947,0.563416407659,0.0213568627887,0.563023477793
157,0.0274519543522,0.562923491001,0.0212975506564,0.562605846673
158,0.0273582321377,0.562485850774,0.0214367666156,0.562210600823
159,0.0274529379004,0.561700291359,0.0209768538724,0.561447972432
160,0.0271008756871,0.561365033572,0.0215446993534,0.561071351171
161,0.0275166691281,0.560683571375,0.0213835716249,0.560762679204
162,0.0273249531881,0.560162298954,0.0214120071219,0.560138974339
163,0.0277290317015,0.559441195084,0.0214601361448,0.559600999579
164,0.0274864260394,0.560539401495,0.0212314437309,0.5601351019
165,0.0272263937558,0.559700505092,0.0211268768268,0.559782210737
166,0.0271407842923,0.559573891071,0.0215280714456,0.558856880292
167,0.0276854876429,0.55852659849,0.0210599705879,0.558109613135
168,0.026552912206,0.558488987959,0.0207935176412,0.557671325281
169,0.0273470762544,0.557269142224,0.021849940176,0.557217346504
170,0.0277671861247,0.556393316159,0.0213812609036,0.556442111731
171,0.0273846311925,0.556130886078,0.0215538641614,0.555989572778
172,0.0274519641669,0.555617252221,0.0213009525178,0.55545136705
173,0.0271742624732,0.554973886563,0.0216068511356,0.55516369082
174,0.0275105442852,0.55438837409,0.0213951648641,0.554514434189
175,0.0276009886024,0.55414048525,0.0217732752685,0.553870489821
176,0.0274940421088,0.553404416029,0.0214033391062,0.553286885843
177,0.0271366390829,0.553149129336,0.0218616597926,0.552857054397
178,0.0282789674373,0.552428263884,0.0218579771907,0.552589496598
179,0.0276573492357,0.551864864735,0.0213598256603,0.551624726504
180,0.0272780383865,0.551271353777,0.0218650407094,0.551182402298
181,0.0280616998744,0.550902139682,0.0219526202783,0.5508385133
182,0.0277956077972,0.550594841058,0.0217096366566,0.550277868286
183,0.0275691873752,0.549665088837,0.0219077314765,0.549970656633
184,0.0278671109476,0.549254499949,0.0221062592907,0.549403514713
185,0.0277520756667,0.549007667945,0.021771126187,0.548932764679
186,0.0279168450059,0.548085460296,0.0216649802767,0.548321384937
187,0.0275603307841,0.54789896424,0.0215683741307,0.547857381403
188,0.0278763494526,0.547532322315,0.0217662540321,0.547536151484
189,0.0276843146779,0.547094982404,0.0216884564192,0.547053769231
190,0.0280487361866,0.546241294879,0.0220512847218,0.546432552859
191,0.027672297572,0.54622571285,0.021666120409,0.545751007274
192,0.0276681145367,0.545416852603,0.0215518263498,0.545409210026
193,0.0281145003839,0.544798706587,0.022037405127,0.544859295711
194,0.0280119647773,0.54432534713,0.0216934442402,0.54442367889
195,0.0283772165242,0.54394401266,0.0218736193935,0.544007364661
196,0.0273605267732,0.543819828675,0.0217013835947,0.543367644772
197,0.0281316218898,0.542877151416,0.0220619732518,0.543033931404
198,0.0283512915126,0.54210663988,0.0220183078998,0.542693005875
199,0.0278044317921,0.542170728628,0.021544291805,0.54219148308
200,0.0281015469764,0.541497260332,0.0224545265851,0.541947126389
201,0.0285898409784,0.541009563666,0.0215436195228,0.541115505621
202,0.027416682838,0.540670048732,0.0220685509927,0.540774965659
203,0.0289099586841,0.539924126405,0.0222521324687,0.540426636115
204,0.0273804952247,0.540155571241,0.0215644696841,0.539743969217
205,0.0282094019752,0.539200438903,0.0224884892648,0.539321055636
206,0.0284078208586,0.539142477971,0.0218856491514,0.538840159774
207,0.0280327498913,0.538420372284,0.02192887914,0.53846943751
208,0.0279843634568,0.537972248518,0.0217161025697,0.538014439866
209,0.0282038451674,0.537352451911,0.022102537666,0.537353171036
210,0.0284355676088,0.536520772255,0.0224095274166,0.537113483995
211,0.0286798106077,0.535993390358,0.0220326593152,0.536616964266
212,0.0283308734114,0.535531076101,0.0222870389199,0.536045694724
213,0.0288497592824,0.535268001831,0.0223374868152,0.535533390939
214,0.0283880538952,0.534668271358,0.0220295672407,0.534785749391
215,0.0280757530306,0.534722305261,0.0222731553828,0.534479735419
216,0.028682282696,0.533700262125,0.0220925231195,0.534211007878
217,0.0286093534042,0.533627892916,0.0224257647159,0.533549461514
218,0.0286374149414,0.533282800363,0.021990433561,0.532922923565
219,0.0278221172496,0.532637270597,0.0218673626098,0.532760268077
220,0.0288024420778,0.531810716941,0.0225608555256,0.532145511359
221,0.0292042411434,0.531530469656,0.0223840764007,0.531539825723
222,0.0285663245819,0.530929693809,0.0221433339972,0.531268086284
223,0.0284680061472,0.530760487685,0.0224931919596,0.53072065115
224,0.0290367368322,0.529991331009,0.0222388459704,0.530190579593
225,0.0281345428039,0.530064316896,0.0221261298859,0.529583277181
226,0.0289707082109,0.529043745536,0.022415144922,0.529260106385
227,0.028961340646,0.52877584329,0.0224130030939,0.528777576983
228,0.0288205860326,0.528332490187,0.0220575446615,0.528404688463
229,0.0287133488947,0.527861404877,0.0223613205033,0.527952317148
230,0.0285294116833,0.527724903363,0.0222494513414,0.527315285057
231,0.028759754442,0.527079907747,0.022451302514,0.527023544535
232,0.0283850385593,0.526427743527,0.0222595629502,0.526433324441
233,0.0291264782875,0.52622295343,0.0228456464855,0.52624390088
234,0.0285900299652,0.525570546205,0.0220870586591,0.525767687708
235,0.0286874346292,0.525261551142,0.022515412792,0.5254008919
236,0.028568255536,0.524725416532,0.0224769143534,0.525153771043
237,0.0286171570277,0.524238020182,0.0224897295328,0.524450754747
238,0.029176063764,0.523868556206,0.0226874854833,0.524076413363
239,0.02874085848,0.523296759679,0.0222043162357,0.523615915328
240,0.0291268252409,0.522829865034,0.0228240387245,0.522940961644
241,0.028810904218,0.522500868027,0.0222942173735,0.522638939321
242,0.0292648127876,0.522114093487,0.0226429929971,0.522172998637
243,0.0290203596322,0.521501545723,0.0225509062935,0.522110071033
244,0.0281118236912,0.522009388759,0.0223269846946,0.521736536175
245,0.0293630264843,0.520737831409,0.0232218890925,0.521406199783
246,0.0295197076093,0.520290601712,0.0224029079471,0.520485296845
247,0.0287424944198,0.519960953639,0.0226141934784,0.520150985569
248,0.0294711157823,0.519304314485,0.0229681588057,0.519638696685
249,0.0290379015586,0.518856919729,0.0225474001081,0.51901550591
250,0.0292530010383,0.518335113159,0.0229457106544,0.518727036193
251,0.0289852273328,0.518399327993,0.0223467591599,0.518069347367
252,0.0289049696607,0.517531715907,0.0229534099745,0.517818756402
253,0.0296760389151,0.516975464729,0.0229810203393,0.517320794985
254,0.0288920007073,0.516485872177,0.022815603122,0.516968805343
255,0.0299446343516,0.516374370226,0.0229253269528,0.516645586118
256,0.0285752534938,0.516221284866,0.0221561300932,0.516111472622
257,0.0286783505088,0.515403857598,0.0231253499186,0.515793509781
258,0.0299621238731,0.514616622375,0.0231177759309,0.515461789444
259,0.0293873466838,0.514535578398,0.022626265591,0.514750376344
260,0.0293776178733,0.513974996713,0.0230845153511,0.514507269487
261,0.0298250836965,0.513318976531,0.0231260336428,0.513923477381
262,0.028867764685,0.513419371385,0.0227550241437,0.513433029875
263,0.0294600078263,0.512818863759,0.0230360807367,0.513081075624
264,0.0294277991813,0.512521759822,0.0227676111127,0.512662732974
265,0.0290527330138,0.512236654758,0.022964416641,0.512153794989
266,0.0298342522807,0.511556325051,0.0229528081649,0.511640807614
267,0.0289611099288,0.511228593496,0.0228722398299,0.511355891824
268,0.0301141412929,0.510559966931,0.0231474703995,0.510975060984
269,0.0294129236673,0.509979261802,0.0226773417064,0.510318569839
270,0.0294881846326,0.509780086004,0.0236645776571,0.510073758662
271,0.0295949407065,0.509394852015,0.0229228038447,0.509515998885
272,0.0295604565539,0.508872089478,0.023701687659,0.509445458651
273,0.0295919446418,0.508467213466,0.0225836742753,0.508938265964
274,0.0293654628241,0.507854766571,0.0233025956669,0.508579676971
275,0.0299174873731,0.507656578834,0.0232344321538,0.50804718025
276,0.0293551320927,0.507359454265,0.0230457455691,0.507700590417
277,0.0299226415988,0.506550522951,0.0232528815496,0.507199982181
278,0.0296491209346,0.506532696577,0.0227504504197,0.506659723818
279,0.0295818227415,0.505931858833,0.0231882118317,0.506465788931
280,0.029743196586,0.505207148882,0.0230487728456,0.505857024342
281,0.0298155576277,0.505218973527,0.0232336929791,0.505445366725
282,0.0301282165142,0.504381748346,0.0231005452134,0.50502647087
283,0.0295757624822,0.504230847726,0.0233996081942,0.504416231066
284,0.0300336231191,0.504237360679,0.0233208614296,0.503687424585
285,0.0292734460762,0.503766144697,0.023092446741,0.503056768328
286,0.0295076726649,0.502942158626,0.0232258338768,0.50279870443
287,0.029675943777,0.503082644481,0.023338538115,0.502358740196
288,0.0293898036202,0.502086873238,0.0235151775951,0.502034716308
289,0.030232555627,0.501570671797,0.0236246925355,0.50178495422
290,0.029737292574,0.501066638873,0.0234628168769,0.501370968297
291,0.0302475137779,0.500495347839,0.023597295944,0.501048918813
292,0.0298514216422,0.50027463184,0.023426435623,0.500409749337
293,0.0297471988373,0.499959152478,0.0234406985317,0.500058903359
294,0.03071618904,0.499489977956,0.0234121399121,0.499679746106
295,0.0294614700027,0.499117263235,0.0233715979199,0.499114357866
296,0.0306485427114,0.498678718622,0.0234372485496,0.498781382106
297,0.0295759706686,0.498245391708,0.0232889450017,0.49835945107
298,0.0298035886998,0.498135481889,0.023610654997,0.498135334812
299,0.0302763497457,0.497473579187,0.0236911942595,0.497826389968
300,0.030218000667,0.496965549313,0.023487894908,0.497242775746
301,0.0298667087291,0.496519005069,0.0238850777167,0.497084062546
302,0.0303029191609,0.496005969552,0.0237425868295,0.496691700071
303,0.0307423301901,0.495733844546,0.0235816226849,0.496081016958
304,0.0300424162012,0.495533293256,0.0238999633136,0.495709244162
305,0.0298433403413,0.495045107145,0.0233940168429,0.495189459063
306,0.0302647308518,0.494760776942,0.0238510227406,0.494934299029
307,0.0298900604248,0.493946186625,0.0239793627663,0.494546098635
308,0.0304871821919,0.493786390011,0.0240425755957,0.494353868999
309,0.0306010898919,0.49331722122,0.0232855117365,0.493590652011
310,0.0299535925285,0.492818885125,0.0236679197607,0.493447232991
311,0.0307567434099,0.492110944711,0.0234761362527,0.492859160528
312,0.0304477047892,0.491870541985,0.0238566814875,0.492565905675
313,0.030646629345,0.491674072467,0.0237003629894,0.491988059133
314,0.0300733068098,0.491408345791,0.0233666845018,0.491336647421
315,0.0303101380929,0.490861643965,0.023822202172,0.491104559042
316,0.0308107285259,0.490382225468,0.0234078454197,0.490460413508
317,0.0305520957336,0.489716232969,0.0237748237529,0.490165494382
318,0.0307774245739,0.489412477383,0.0233577930316,0.489975250326
319,0.030397280979,0.489279050093,0.023962998614,0.489476710558
320,0.0305252800911,0.488853824826,0.0235444404055,0.489018888213
321,0.0305240611331,0.4881604268,0.0239668708941,0.488853682764
322,0.0308067950492,0.487585393282,0.0240404434031,0.488618209027
323,0.0307837597166,0.487716695437,0.0236643188349,0.487957271747
324,0.0305974569458,0.487092253107,0.0236916445125,0.487571137026
325,0.0305338904548,0.487207695842,0.0236113906711,0.487209837884
326,0.030570182806,0.486450697367,0.0234008479401,0.486801150255
327,0.0304517430755,0.48608148098,0.0238115909575,0.486350562423
328,0.0305820116773,0.485477466996,0.0235035305302,0.485987901688
329,0.0310960735839,0.484645826312,0.0239366750853,0.485620474443
330,0.0311652563799,0.484612494707,0.0235742424677,0.485218313523
331,0.0308140804991,0.484276496447,0.0242186802197,0.484976845793
332,0.0305121668543,0.483812602667,0.0235639874015,0.484233189374
333,0.0307568158023,0.483904752594,0.0237140437252,0.483839761466
334,0.0306232128149,0.483271040595,0.0235989186181,0.483542916365
335,0.0305120922052,0.48289318612,0.0242062787103,0.483367493376
336,0.0304994659068,0.482328662506,0.0236272251307,0.482848761603
337,0.0314531188745,0.481901317835,0.0242356490864,0.482345735654
338,0.030794851267,0.481357916043,0.0240576080497,0.482203803025
339,0.0306821169618,0.481272342113,0.0238961066063,0.481485801749
340,0.0308505595447,0.480429703226,0.0241717296213,0.481387399137
341,0.0312612326099,0.479937951152,0.0238025188173,0.480993896723
342,0.0313878404693,0.479674889491,0.02389307587,0.480311173946
343,0.0298926943841,0.479774813239,0.0243166743422,0.480028900318
344,0.0315816260588,0.479193086808,0.0238825513658,0.479373078793
345,0.030614683906,0.478572845459,0.0242135728131,0.478989978321
346,0.0313446073291,0.478322073817,0.0238072872314,0.478507539257
347,0.030845772475,0.477802581512,0.0243276425304,0.478340766393
348,0.0308299967303,0.47745270454,0.0241533676191,0.477878194302
349,0.0306791707587,0.477239121611,0.0245296133286,0.477674866095
350,0.0320924330646,0.476622674328,0.0242231964576,0.476876198314
351,0.0309075218124,0.476180324188,0.0240007470693,0.476455559954
352,0.0308063772435,0.476019444374,0.0246849203918,0.476469528861
353,0.0314575456656,0.475506397394,0.0240783200589,0.4768032711
354,0.030876814531,0.475208299664,0.0242044540422,0.479816050269
355,0.0310879003328,0.475023457637,0.0238755489903,0.475048790686
356,0.0311077218503,0.474447563291,0.0242518695865,0.474433115683
357,0.0308892917461,0.473934276746,0.0242642356258,0.474008510821
358,0.0316770267673,0.473382338881,0.0241918406274,0.473823475651
359,0.0313332933359,0.472836667529,0.0245370389089,0.473583143204
360,0.031455201455,0.472918106959,0.0237177570256,0.472827655263
361,0.0306438794718,0.47255431918,0.024639105456,0.472854053602
362,0.0318876538569,0.471722420592,0.0241333631286,0.47268472705
363,0.0305473297978,0.471658104887,0.0239567101589,0.472513110377
364,0.0317441831844,0.471092290603,0.0242389705727,0.471933957189
365,0.0314135122686,0.470631913497,0.0246620471514,0.47151219286
366,0.0317078323032,0.470322706378,0.0244138402528,0.471019796096
367,0.0310382991313,0.47013323009,0.0246383916776,0.470773804933
368,0.0319075374506,0.469445906006,0.0240647787115,0.470104946755
369,0.0313744691129,0.469295937281,0.0241008250912,0.469910375774
370,0.0313914433981,0.468740227131,0.0244344899913,0.469336797483
371,0.0320617575198,0.46826750957,0.0239390140322,0.468988832086
372,0.0315165107783,0.468008424227,0.0244089194401,0.46851598192
373,0.032092239851,0.467476000006,0.0245263591382,0.468167488463
374,0.0309532930215,0.467559304375,0.0245280612928,0.467877088115
375,0.0314420561235,0.467309482969,0.0242913503646,0.467406213284
376,0.0315842557555,0.466249314638,0.0242807542381,0.466971464455
377,0.0315784902957,0.466255299174,0.0244255612948,0.4664921863
378,0.0316611210314,0.465601895864,0.0244403180455,0.466394712217
379,0.0317526685002,0.465637049996,0.0242367515424,0.4657212561
380,0.0313343736701,0.465169433218,0.0249525799195,0.465811081231
381,0.032322620973,0.464491710067,0.0243284599561,0.469959103502
382,0.0319329846579,0.4643845455,0.0243351618345,0.465059805661
383,0.03174235464,0.464019375352,0.024158902136,0.464416159317
384,0.0311161964559,0.463634888713,0.0244564494789,0.464189928025
385,0.0319924234556,0.463194523866,0.0239583332334,0.463903858326
386,0.031137327592,0.46302940983,0.0240951064962,0.462918413803
387,0.0319514259553,0.462338180496,0.0249679010681,0.462990974076
388,0.0307325492255,0.462434924566,0.024429617944,0.462501200847
389,0.0325207377856,0.461771087005,0.0244092966182,0.46198605001
390,0.0308680146073,0.461234736901,0.0245879953791,0.461730726995
391,0.0325910819408,0.461203281696,0.024193268518,0.461431623437
392,0.0308911445049,0.460381699296,0.0243252419699,0.461079749279
393,0.0320269246227,0.460176161849,0.0246198672336,0.460671626031
394,0.0320914330391,0.459724632593,0.0247169627046,0.460443065502
395,0.0324623584031,0.459025796789,0.024784503607,0.460049448535
396,0.0314445512799,0.459090120517,0.0244827575467,0.459590669721
397,0.0322412996051,0.458582374912,0.024882942045,0.459370812401
398,0.0320340892157,0.457752090234,0.0245677133682,0.458926026709
399,0.0319180333127,0.457673618427,0.0247162224767,0.458524188027
400,0.0320822363003,0.457774135929,0.0243352936251,0.458119664341
401,0.0321445027366,0.456527120792,0.0248555219696,0.458306350745
402,0.0324345439529,0.456211411036,0.0245867009679,0.457853216678
403,0.0320294501546,0.456045149611,0.0247713553426,0.457383756526
404,0.0320441610395,0.455630696737,0.0250755575327,0.457045092247
405,0.0321151760335,0.455589508781,0.0246867837271,0.456302501261
406,0.0321926008194,0.454868905819,0.0249710151954,0.455869676545
407,0.0326903784791,0.454429902709,0.024551724524,0.455554874614
408,0.0318555543199,0.4541023557,0.0251588760294,0.455393431708
409,0.0330816841899,0.453593475314,0.0241880525909,0.454398606904
410,0.0305677715044,0.45430979935,0.0249610102265,0.454553647898
411,0.0322469374738,0.453261437324,0.0246119293154,0.453972408548
412,0.0326985286262,0.453009319993,0.0242696633833,0.453668439761
413,0.0315435808868,0.452389274652,0.0250080209465,0.453233970329
414,0.0330415264918,0.451925693796,0.0242698632165,0.452923914418
415,0.0320954232548,0.451882397899,0.0252028297623,0.45247281529
416,0.032512530971,0.451305857072,0.0241937615029,0.452020815574
417,0.0321312028055,0.451116220309,0.0250155042411,0.451919620857
418,0.0324122930089,0.45041970794,0.0243496718679,0.451312937774
419,0.0324181157093,0.450203404977,0.025222400505,0.451140639372
420,0.0331744625448,0.449834498075,0.0243793940386,0.450360620394
421,0.0318276557642,0.449205187651,0.0251918137642,0.45043509081
422,0.0327784699889,0.449015915394,0.0244875226534,0.449997695163
423,0.0321677419572,0.448656231165,0.0253086127572,0.449622034095
424,0.0329696360546,0.448074305287,0.0244043106957,0.448911713436
425,0.0326156755909,0.447866388238,0.0254113096164,0.448898144066
426,0.0322922791283,0.44749081364,0.024902726295,0.448399533518
427,0.0333857895233,0.447223392817,0.0249552162566,0.447968224064
428,0.0321394688665,0.446741694441,0.0251100458031,0.447878633626
429,0.0329048825929,0.446480110288,0.0243614094677,0.446929444559
430,0.0321501873147,0.445833916848,0.0255984452177,0.447149639018
431,0.0337607935071,0.445581384576,0.0244115969846,0.450026039034
432,0.0318459479425,0.445736319973,0.0250618574386,0.451361218467
433,0.0321257789977,0.445316662009,0.0253552125787,0.451666030101
434,0.033444538211,0.444473148539,0.0249428955384,0.446024222299
435,0.0327832322711,0.444290687258,0.0256290970887,0.44537541829
436,0.0332374293357,0.4436687403,0.025120806308,0.445289239287
437,0.032643088856,0.443386531793,0.0253315330799,0.444695512764
438,0.0331549459639,0.442666567289,0.0252127867833,0.444520761259
439,0.0323857150148,0.443206772208,0.0251232927909,0.444009399042
440,0.032899241393,0.44205963497,0.0252342603507,0.443722067401
441,0.03292871546,0.441986203194,0.0248543781413,0.44334607292
442,0.0328686058235,0.441442863299,0.0255404494355,0.443146426231
443,0.0333746294133,0.441064903369,0.0244673527787,0.442195959389
444,0.0323152493041,0.440647989511,0.0254155305911,0.442185370252
445,0.0331489783354,0.440281897783,0.0246550746366,0.441698526032
446,0.0331651599934,0.440015256405,0.0255794684451,0.44164131023
447,0.0326740351291,0.439709638174,0.025040140173,0.441546035931
448,0.0331884861136,0.439458996058,0.0248461146608,0.445814707316
449,0.0328060587725,0.439182435091,0.0257700930192,0.445801816881
450,0.0331894693753,0.438409421306,0.0251866177053,0.44023482129
451,0.0326086560694,0.43848822667,0.0249822882591,0.440145445988
452,0.0332650833835,0.437711172379,0.0249932896951,0.439139787108
453,0.0331988111855,0.437348881593,0.0255561551967,0.439410471357
454,0.032867590252,0.437231001946,0.0249903485914,0.4384431215
455,0.0332741487341,0.436850749529,0.025273489576,0.438353458419
456,0.0329360182469,0.436382012872,0.0257959896456,0.438356869854
457,0.033667359931,0.436199514912,0.0248268643918,0.437221613713
458,0.0327390858617,0.435761380654,0.0256155211379,0.437125261873
459,0.0335508503306,0.435217754199,0.0245160741385,0.436485862359
460,0.0331241999968,0.434835365185,0.0254986879487,0.436757931486
461,0.0329543653732,0.434485359834,0.0251531670339,0.435956192203
462,0.0340187485115,0.433802029261,0.0248602765338,0.4359053066
463,0.0330019060952,0.433622719004,0.0257905471536,0.436106165871
464,0.0340164533028,0.433084387046,0.0255502361154,0.435407648794
465,0.0340106823267,0.432713976273,0.0252127645883,0.435148313642
466,0.0333359161249,0.432623279782,0.0254518334272,0.435234572738
467,0.0337538977082,0.432053280564,0.0248579812194,0.434181922115
468,0.0332882664381,0.431790136374,0.0259569574457,0.434363018721
469,0.0333882998675,0.431627714863,0.0251551984906,0.433164376765
470,0.0334315353718,0.431075039964,0.0258321273716,0.433625635691
471,0.0340085816928,0.430895878718,0.0251954983365,0.432564510033
472,0.0337918798368,0.43037462693,0.0252754194127,0.4320707554
473,0.0327223858868,0.430119567193,0.0260728979089,0.432247950695
474,0.034300540753,0.429777544278,0.0251722167545,0.431755675934
475,0.0337126112471,0.429333426631,0.0257854058458,0.431877202354
476,0.0335274466242,0.428793387917,0.0255804631742,0.431274402887
477,0.0339030776746,0.428582099768,0.0256705077604,0.430535292253
478,0.0335902042974,0.428380396504,0.0252239939659,0.43041777797
479,0.0334054180063,0.427616167527,0.0261729130427,0.430792620406
480,0.0342779286349,0.427295650427,0.0248534800907,0.429403145798
481,0.0340580690939,0.426828400447,0.025355923796,0.429102537222
482,0.0331483320691,0.4268028312,0.0259246811821,0.429218028672
483,0.034014448022,0.42630520463,0.0250945750108,0.427998191677
484,0.0343938328039,0.426301822066,0.0251183194206,0.430563841015
485,0.0315953286436,0.426518481511,0.0259388066296,0.427944739349
486,0.0343849820157,0.425489752338,0.0250126609682,0.427467690781
487,0.0332201257205,0.425250185224,0.0261368723556,0.428241644986
488,0.0344776988316,0.424740151717,0.0250706837444,0.426788840443
489,0.033024531216,0.424355776264,0.0265388846378,0.428364686668
490,0.0343188631993,0.423714546057,0.0254192793302,0.426677173004
491,0.0337033096987,0.423744100791,0.0264968892548,0.426881692372
492,0.0337864577484,0.423070995853,0.0258100016104,0.425308116712
493,0.0342531179866,0.422668437545,0.0255878714921,0.42610798683
494,0.0341493933677,0.42243059438,0.0257758742307,0.425298751332
495,0.0337732258038,0.421674359303,0.0262394296417,0.428394225426
496,0.0340820900523,0.421622840258,0.0267787026602,0.425110487267
497,0.034507240527,0.42103296633,0.0258970753191,0.425413659774
498,0.0336667203273,0.420396332557,0.025776897908,0.424727878533
499,0.0338164901074,0.420058802916,0.0253784376205,0.422542363405
500,0.0334128954519,0.419306241549,0.0262284670757,0.423974216916
501,0.0335172002849,0.419393723974,0.0263254046542,0.422346327454
502,0.0343196303942,0.418590641939,0.0256281558574,0.422986479476
503,0.0340714824314,0.41769083532,0.0263064184554,0.422031851485
504,0.0334205994239,0.41755957443,0.0258649303729,0.422595210373
505,0.0342784892911,0.417155160354,0.0267032760645,0.421730809845
506,0.0340213208244,0.416778484216,0.0260280951395,0.421005835757
507,0.0333042340353,0.416719595973,0.0256130523618,0.420264583081
508,0.0339261102848,0.415506884456,0.0263264725235,0.419439406134
509,0.0337650786297,0.415546820714,0.0263012219656,0.420072417706
510,0.0350936752243,0.415048458255,0.02610885697,0.419498543255
511,0.0337978397998,0.414248931866,0.025339533766,0.418572257273
512,0.033758251498,0.413792816492,0.0267090203698,0.421762432903
513,0.0344467148758,0.413257594292,0.0268595895534,0.421831243671
514,0.0342745115049,0.413023892504,0.0257383084785,0.420816091821
515,0.0338685693792,0.412723890864,0.0270318252611,0.420793131925
516,0.0335238661904,0.412410324583,0.0261978053537,0.418720146641
517,0.0341882114657,0.411825165153,0.0264298409985,0.418164974079
518,0.0343954327445,0.411057896339,0.0268958029916,0.417691639625
519,0.0344355392198,0.410623434644,0.0269740492026,0.418574916199
520,0.0344687958176,0.410322631781,0.0265702607848,0.41850073915
521,0.0332180607634,0.410361003417,0.0262501143171,0.417436665855
522,0.03409446998,0.40968942413,0.0268241093569,0.417918316089
523,0.0343038755684,0.408990686903,0.0267343046111,0.416887852363
524,0.0338892173022,0.408592625306,0.0268222259203,0.416211133823
525,0.0343280014797,0.408217269641,0.026964536925,0.414596437477
526,0.0347382100299,0.40783746999,0.0266247888361,0.41419625096
527,0.0337873851307,0.407711203282,0.0265748356612,0.41376019828
528,0.0339976792009,0.407239275483,0.0261132518447,0.412823119201
529,0.0335473199733,0.406683655886,0.0263465855326,0.412427709438
530,0.0347991575702,0.405919601138,0.0273164847071,0.412640200928
531,0.0345106669343,0.405575501231,0.0257964658927,0.41222343035
532,0.0338932166879,0.405459448695,0.027550952906,0.411328813992
533,0.0342636409287,0.405296897659,0.0261438262554,0.411181313917
534,0.0342260533944,0.40456469357,0.0271080916458,0.410992017016
535,0.0347567278749,0.404106281125,0.0261793542137,0.411193451844
536,0.0335903843292,0.404045359446,0.0264200983387,0.409659591503
537,0.0348561522193,0.4034730196,0.0265366640108,0.410525562242
538,0.0345148195584,0.403266815039,0.0263581567032,0.409470221028
539,0.0343525478473,0.402850774618,0.0267012936829,0.409576972947
540,0.0342301811593,0.402572493141,0.0263415162815,0.409268889576
541,0.0339139008608,0.402622381082,0.0268514077634,0.408516410738
542,0.034630076315,0.401903984638,0.0267139853516,0.408674282022
543,0.0346871110826,0.400763790195,0.0269733171458,0.409283462912
544,0.0344210531777,0.401261561192,0.0270383668409,0.408473240212
545,0.0348861101442,0.400289486234,0.0266480278185,0.40778024029
546,0.0350176596011,0.399973846399,0.0273783754916,0.408197943121
547,0.0344583686584,0.400250805112,0.0261936635646,0.407361578196
548,0.0341161584768,0.399391151392,0.0262746344538,0.406207740307
549,0.0345948974674,0.399049127331,0.0276983400887,0.406502577476
550,0.0342153357342,0.399116255916,0.0268892677404,0.405935720541
551,0.0354375714579,0.397953659296,0.027158702816,0.406095373444
552,0.0353410931018,0.397344616743,0.0268110671734,0.407025773078
553,0.0345279183239,0.397521949731,0.0270913103194,0.405876622535
554,0.0349982937511,0.397168151461,0.0272614888089,0.404862890951
555,0.0352149251132,0.396734063442,0.0268806794057,0.404138852842
556,0.0347590820434,0.396261742482,0.0267400097587,0.404029210098
557,0.0357669110482,0.395869044157,0.0271934917871,0.403282272629
558,0.0348150683567,0.395916913564,0.0266695657372,0.402770391665
559,0.0345918705973,0.395495339082,0.027023949086,0.403105026111
560,0.0355283552781,0.39479946517,0.0270783774124,0.402617303655
561,0.035192847037,0.39441487537,0.0268758121247,0.402087195776
562,0.0349718666134,0.394406712972,0.0273946717497,0.401646796614
563,0.0349579670538,0.393977922889,0.0265096162636,0.401324857958
564,0.0349353304706,0.393512849624,0.0272536946914,0.400703119114
565,0.0352808899031,0.39350640086,0.0268750273332,0.400836525485
566,0.0349212822576,0.392943579417,0.0271306357613,0.401015109383
567,0.0352961674619,0.392346296173,0.0272671045207,0.401141087525
568,0.0356080295661,0.392428544851,0.0271578634461,0.400195886381
569,0.0350639882426,0.392052201124,0.0270398418174,0.399284970015
570,0.03563097105,0.391419015252,0.0272209440056,0.399651851505
571,0.0353318546684,0.391432983371,0.0272426269122,0.39983098954
572,0.0350205574471,0.391103090002,0.0264580900798,0.398842515424
573,0.0355445130083,0.390507385135,0.0274516936111,0.398672373965
574,0.0351530867987,0.390132401998,0.0267111181349,0.397450000048
575,0.0355564919659,0.389739048022,0.0273087039532,0.397572424263
576,0.0353063463878,0.389629767491,0.0273365911537,0.397712304257
577,0.035105277211,0.389173726623,0.026883599784,0.396181873977
578,0.0351499444447,0.389376664391,0.0270376366313,0.396459314041
579,0.0349313108824,0.388155963558,0.0272198043917,0.395576573908
580,0.0355156612797,0.388065692324,0.0274867517811,0.396290464327
581,0.0359941563354,0.387959262499,0.0273693371309,0.395218196325
582,0.0353051002066,0.387322634459,0.0272203544725,0.395281612873
583,0.0358062663044,0.387068618949,0.0270227961432,0.394004671834
584,0.0351670305603,0.387230024888,0.0268275712328,0.394469176419
585,0.0351353640167,0.386463043781,0.0269618047821,0.393914654851
586,0.0359450026344,0.386020313089,0.0275250335142,0.39399323985
587,0.0356699028411,0.386194509956,0.0272633022651,0.393238880672
588,0.0352102794613,0.385227518586,0.0268737506742,0.39271796681
589,0.0353655494893,0.385222805234,0.0274789599218,0.392500703223
590,0.0357921172936,0.384634837508,0.0277561901526,0.392078185454
591,0.0346940427016,0.384702170124,0.0270360124648,0.391518787481
592,0.0364973632476,0.383889898658,0.027747173533,0.392285006121
593,0.0354058102776,0.38418005063,0.0274010619032,0.390721638687
594,0.0360019708482,0.383148517746,0.0275289496381,0.391051158309
595,0.0356481692109,0.38293401897,0.0273982144895,0.390447941609
596,0.0363467425968,0.382258193997,0.0279160957889,0.391485941596
597,0.0363336949108,0.382599384739,0.0272453291834,0.389968686737
598,0.0355083210251,0.381891097014,0.0274177071476,0.389470012859
599,0.0362046581621,0.381338120653,0.0276047672169,0.38924496714
600,0.0358932666624,0.381284832954,0.0274417652649,0.38899219688
601,0.0354719106108,0.381121165477,0.0270307226535,0.388682621531
602,0.0360665853637,0.380833411446,0.0284566571268,0.38890480157
603,0.0365648104164,0.380207127103,0.0272361090465,0.388383678161
604,0.0357287778304,0.379788986765,0.0276323732244,0.387902412564
605,0.0362291523757,0.379500540403,0.0279497101028,0.387408956885
606,0.0363879796977,0.379058373662,0.0278646503846,0.38749308791
607,0.0364229973549,0.378888151967,0.0274997348183,0.386908790097
608,0.0357854847008,0.378565897162,0.0277480582258,0.387302695774
609,0.0361112398454,0.378185122059,0.0280401984498,0.386633917689
610,0.0367962261662,0.377561938304,0.0275274898438,0.386329320259
611,0.0363038804096,0.377133281185,0.0280165185741,0.385803048499
612,0.0368376014611,0.377052820646,0.0280737345993,0.386793240905
613,0.0361874414465,0.376874482402,0.0274124834793,0.384961389937
614,0.0365137015111,0.376597464085,0.0279979415432,0.385330543853
615,0.0359814912797,0.376302695045,0.0274541031204,0.385058840737
616,0.0362691758917,0.375680722869,0.0281445653006,0.385354617611
617,0.0362826162376,0.37547523471,0.0281766898133,0.385377161205
618,0.0369895972455,0.375005736947,0.027887663106,0.38421537634
619,0.0367566635832,0.374845046263,0.0280177689021,0.384040387347
620,0.036352666668,0.374333145527,0.0275778445794,0.383350660093
621,0.0364360597988,0.374125419901,0.0283157785941,0.383562407456
622,0.0367150319597,0.374238312244,0.0279196705053,0.383277078159
623,0.0361145535627,0.37364514516,0.0274309443837,0.381828960031
624,0.0359630393437,0.37319382452,0.0277739380406,0.382072082721
625,0.0366482243587,0.373184439081,0.02852632995,0.38244138658
626,0.0361157237337,0.372735856817,0.0278139195354,0.38131183479
627,0.0367290523046,0.372219862846,0.0282458664697,0.381312513724
628,0.0364541632768,0.371981118734,0.0277649559521,0.380113926716
629,0.0367436257836,0.371210352733,0.0281609496678,0.380684870295
630,0.0368998206865,0.371117691581,0.0278515319987,0.380782856606
631,0.0362338000335,0.371324697366,0.0280357216184,0.380605845712
632,0.0364054528495,0.370904117823,0.0281810901758,0.380391191691
633,0.0366747501091,0.370173176894,0.0283384233344,0.379902741872
634,0.0363216221404,0.370380411928,0.0278143343282,0.37952140253
635,0.0370442400185,0.369550135273,0.0279613699086,0.379564181902
636,0.0365105374501,0.369444731336,0.0279645512524,0.378713957965
637,0.0361347842532,0.369526434403,0.0279178278345,0.378796244971
638,0.0362330182957,0.368804274843,0.0276249320261,0.378828159533
639,0.0368594747896,0.36818373891,0.0286309946162,0.379282255657
640,0.0369285980526,0.368273168802,0.0281787197537,0.378295302391
641,0.037044836244,0.367713153362,0.027529757446,0.377542338334
642,0.0367627038549,0.367306352808,0.0282502141413,0.377796117216
643,0.036924386397,0.367513206143,0.0277966431163,0.377025865018
644,0.0369022084543,0.366564264664,0.0278960198764,0.376585871913
645,0.0371709669439,0.367115754348,0.0286102030764,0.376186908223
646,0.0367846098514,0.365839788547,0.0274782025044,0.375295078382
647,0.0370433864255,0.366266338871,0.0277341144717,0.376026006415
648,0.0366380834379,0.365422021884,0.0284631199179,0.376324118115
649,0.036887868021,0.365578719057,0.028279903114,0.374774175696
650,0.0377148730824,0.365208053818,0.0280489575423,0.375287024304
651,0.036891833091,0.364320783661,0.0278171169257,0.373692904599
652,0.0369064883114,0.363964347885,0.0288132589199,0.375245745294
653,0.0379140416447,0.364187409098,0.0280730913078,0.374281573109
654,0.0369629769658,0.363300388822,0.0277154714943,0.373832628131
655,0.0370708243348,0.363054372943,0.0282223046734,0.373127635568
656,0.0373236764079,0.362606421113,0.0281533142766,0.373382627964
657,0.0370071455836,0.362843020604,0.0284382708119,0.372146054171
658,0.0369243080943,0.362295942811,0.0284973192261,0.373186081648
659,0.0374645730481,0.361584384854,0.0286599355279,0.372265961953
660,0.0377462710469,0.361346311294,0.0283295531649,0.37229155656
661,0.0377735386674,0.361188624914,0.0286252672681,0.371100970544
662,0.0371664016722,0.360820278525,0.0286526495092,0.371873421595
663,0.0380615317621,0.360620623598,0.0281428648079,0.37194973696
664,0.0366768176452,0.360755798908,0.027591739585,0.370090834796
665,0.0375053063751,0.359812858013,0.0288133579616,0.371135125868
666,0.0369201084026,0.360144744699,0.0283181316465,0.369370253757
667,0.0380169212675,0.359270864954,0.0288056565598,0.370660763234
668,0.0371962053379,0.359455970617,0.0282792582143,0.369988470338
669,0.0375357422118,0.358746067836,0.0284643114489,0.369491222315
670,0.0377362988746,0.358503133059,0.0289735044387,0.37003584858
671,0.0375583672609,0.358018451012,0.0283984045855,0.369071434252
672,0.0377932043316,0.357763450879,0.0288187646481,0.369017102756
673,0.0371576465236,0.357504859567,0.028467627387,0.368460644037
674,0.0379210782166,0.357487515761,0.0287312322316,0.368081460707
675,0.0356449468706,0.358097230013,0.0284016698663,0.368363333866
676,0.0375384377459,0.35681018921,0.0286017462249,0.367162350565
677,0.0380296273014,0.356350761193,0.0283493724839,0.36757825315
678,0.0379200854983,0.356109744081,0.0288215858313,0.367163751274
679,0.0370427529829,0.355548536548,0.0279114490495,0.366852497682
680,0.0381432621238,0.35523806627,0.0292204762513,0.366407941096
681,0.0378184095025,0.3548795386,0.0285561946976,0.365818748251
682,0.0377338277176,0.354805980737,0.0288596914318,0.366244258359
683,0.037880792784,0.354153441695,0.0285814143472,0.365596393123
684,0.0385788160448,0.353830816654,0.0286739937801,0.365574647672
685,0.037829828377,0.353386100668,0.0286853532812,0.365081564523
686,0.0382164080556,0.353388801217,0.0285852468905,0.365025999025
687,0.0378514382845,0.352983889671,0.0288920809553,0.363522043452
688,0.0379644753411,0.352836149243,0.028905307905,0.362841292284
689,0.0384934994464,0.35243154833,0.0281501586901,0.362744135782
690,0.0378371830313,0.352195282395,0.0288837071898,0.363102340139
691,0.0381627239717,0.351852823909,0.0285114497119,0.362633136101
692,0.0383957319248,0.351156830788,0.0284968116387,0.362454202957
693,0.0377670309435,0.351241108317,0.0291340244628,0.362598861568
694,0.0386444063714,0.350682853506,0.0290287113053,0.36307034269
695,0.0388697283342,0.350656722601,0.0289044073784,0.361837895587
696,0.0381066798447,0.350387314191,0.0285556079186,0.360902203247
697,0.0381160843401,0.349735921392,0.029330280948,0.361864896491
698,0.0385854580941,0.349500044034,0.0292473277234,0.360987836495
699,0.0389842327971,0.348966250053,0.0292052410002,0.361169074662
700,0.0384649675913,0.349053955995,0.0288154851678,0.360553996637
701,0.0374439185342,0.349013068355,0.0283792708231,0.359944080934
702,0.0383150929299,0.348858017188,0.0293357766911,0.361304447055
703,0.0379954066414,0.348075039112,0.0294026982476,0.360903332941
704,0.0382642980235,0.348291557569,0.028736749922,0.359939509071
705,0.038592512791,0.347763356108,0.0291055124756,0.359697628766
706,0.0385756357931,0.347065783464,0.0295918320899,0.359242336825
707,0.0387490922585,0.34670548141,0.0284751252339,0.357984067872
708,0.0388263406662,0.346536494218,0.029282383362,0.357790299691
709,0.0389118976891,0.345997957083,0.0287817520359,0.357438398525
710,0.0373339132907,0.346633270383,0.0289618234124,0.357425540686
711,0.0384844368897,0.345687716053,0.0292794584761,0.35774633009
712,0.038767776452,0.345537363337,0.0293594998141,0.357566464692
713,0.0383395122078,0.345400468661,0.0291078669409,0.35694116354
714,0.0390988125537,0.344645966704,0.0291015534078,0.357380213216
715,0.0384304780656,0.344198880287,0.0293882882186,0.357430671342
716,0.039316350236,0.344587095655,0.0290325747658,0.35724018421
717,0.0382745806128,0.34429717637,0.0286974595551,0.356526079588
718,0.0376019832463,0.344270636256,0.0283682002726,0.356451099738
719,0.0390215947364,0.343036431533,0.0291962715589,0.355078458786
720,0.0389549795252,0.342997146341,0.0295050556815,0.35517525021
721,0.0382105288669,0.343294791304,0.0289542057822,0.354454454966
722,0.0387749240662,0.342252419545,0.0292709195471,0.354959790595
723,0.0389338986088,0.342221908844,0.0291753588538,0.355017428286
724,0.0385062397243,0.342130945279,0.0289506679974,0.35418215394
725,0.0388899564456,0.341146014058,0.0294774797139,0.353962724097
726,0.0395863385728,0.341361982318,0.0294742889073,0.354745572433
727,0.0390782044627,0.340689568565,0.0291999574526,0.353294122964
728,0.0386939786661,0.340542761179,0.029522146378,0.35442105867
729,0.0391945207062,0.340105520991,0.0293626514283,0.353710110299
730,0.0390375601128,0.33981073705,0.029337006029,0.353806961328
731,0.0398099726209,0.339715316892,0.0296479100946,0.353446821682
732,0.0392312050725,0.339344235567,0.0294049972656,0.352822984569
733,0.0389883132795,0.339142496769,0.0292963305455,0.351469824091
734,0.0392569347929,0.339414048653,0.0298885148766,0.352675125934
735,0.0385689486821,0.338520187598,0.0289640797773,0.352008872665
736,0.0394089373832,0.338042878188,0.0300353931086,0.354322472587
737,0.039298463183,0.337865727452,0.0292804616467,0.350565645844
738,0.0390104757479,0.33760393239,0.0295919720804,0.349583277479
739,0.039570679315,0.337261611452,0.0297791166565,0.348717527464
740,0.0395429031207,0.336869389965,0.0293055323352,0.348864731379
741,0.0389003596054,0.336763931008,0.0298052887285,0.35059681721
742,0.0395454196976,0.336616716706,0.0293781519094,0.348713695072
743,0.0393504996139,0.335766077042,0.0298992264884,0.34842830617
744,0.0395800489932,0.336134264102,0.0301865138069,0.348953288049
745,0.0397048191382,0.335345567419,0.0291849723649,0.34722942207
746,0.0394406585166,0.334762416207,0.0299985563893,0.349435954355
747,0.0397028372838,0.334801132862,0.0300465155128,0.348605090752
748,0.0396074537331,0.334629743145,0.0293676942304,0.348308130167
749,0.039457498763,0.334483904334,0.0297008188104,0.347640218213
750,0.0402386416323,0.334111139178,0.0301976660114,0.346988998353
751,0.0394901509325,0.333603480688,0.0294089544434,0.3482036395
752,0.0392032773592,0.334185940715,0.0296902291116,0.34641977679
753,0.0394211443714,0.333161302484,0.029612517857,0.346552425064
754,0.0394448108541,0.332731455564,0.029992893237,0.345580733381
755,0.040525302864,0.332454975981,0.0296637090216,0.344803832471
756,0.0393527617248,0.332261337684,0.0300375367763,0.344506662339
757,0.0398012705577,0.331984113042,0.0300890142144,0.344934826717
758,0.0400684156383,0.331807338274,0.0296004266472,0.344685259275
759,0.0396904067065,0.331181359979,0.0301785038012,0.344253811985
760,0.0403050469378,0.33100943382,0.0303533039928,0.344753078185
761,0.0401200503111,0.331064652938,0.0301106298514,0.343767370097
762,0.0398397561736,0.33037839486,0.0295284374013,0.343339469284
763,0.0394066322881,0.330319867684,0.0299482947883,0.343041992746
764,0.0409723329716,0.329804215294,0.0302328020168,0.344061630778
765,0.0397111598689,0.3299061656,0.0296731507842,0.34212786518
766,0.0400661164895,0.329460322857,0.0298773515526,0.342555359006
767,0.0401674889458,0.329381303145,0.029797475672,0.342315433547
768,0.0399681038152,0.32899390161,0.0299527240495,0.341531518847
769,0.0393964509265,0.32903867043,0.0299776394552,0.34118344076
770,0.040264134152,0.328568167411,0.0301851663291,0.340973600745
771,0.0399021943315,0.328225141534,0.0301651428192,0.341084520333
772,0.0400703997136,0.32790544056,0.0301941666378,0.340710883029
773,0.0405306227219,0.327227746065,0.0303040802137,0.341718358919
774,0.0403447347478,0.327414720104,0.0304051836488,0.340466057882
775,0.0404094206169,0.326598576628,0.0300947254932,0.33966053091
776,0.039973149291,0.326687912528,0.0299100607656,0.33995193895
777,0.0408607044329,0.326170405516,0.0302218681149,0.340620570816
778,0.0401773146855,0.326170265675,0.029986559289,0.339593837038
779,0.0402564800416,0.32557309247,0.0303012023903,0.339161066338
780,0.0408209956323,0.324953967562,0.03055498654,0.338515760377
781,0.0401889532088,0.325323224068,0.0303282192469,0.33832210023
782,0.0406156281153,0.324976824797,0.0299843422201,0.33880932536
783,0.0405922223312,0.324407191231,0.0303612723194,0.33789883554
784,0.0404755895098,0.324033952676,0.0304977830713,0.337328681722
785,0.0408188055914,0.32366925478,0.0311866240941,0.337844131514
786,0.0404408221276,0.324970423029,0.0295712165653,0.33737474028
787,0.0393996596909,0.323764199248,0.030939668912,0.336576570757
788,0.03991101281,0.323634450252,0.0299400595743,0.338138467632
789,0.0403248910577,0.322964388591,0.0303756311866,0.335477226414
790,0.0407758967664,0.322401327583,0.0304609403518,0.336690410972
791,0.0408902156811,0.321950083742,0.0305181397237,0.335239274427
792,0.0408767911677,0.321955410334,0.0305998221302,0.337407609448
793,0.0408051952075,0.321715809978,0.0308841199526,0.334527658299
794,0.0407489081845,0.321338443802,0.0306174317629,0.335039541125
795,0.0402521495349,0.321782618761,0.0302267658196,0.334868165664
796,0.0412387188811,0.32059275187,0.030257640801,0.335022793151
797,0.0405570214184,0.320747837424,0.0305400530535,0.334152006544
798,0.0411277636169,0.320603554065,0.0304612439215,0.335648120381
799,0.0406464623789,0.320349303576,0.0305833971004,0.335018342361
800,0.0403081011027,0.320102279003,0.0305383257698,0.333367741667
801,0.0414921637051,0.31947429822,0.0304163045992,0.334890454076
802,0.0404433047829,0.319182597674,0.030385702687,0.332884985022
803,0.0412463525024,0.319172067138,0.0304129474493,0.333439123817
804,0.0405050005334,0.318961569896,0.0302797606657,0.332964007743
805,0.0408256944412,0.318421295056,0.030741819719,0.33367229905
806,0.041522206452,0.318260179116,0.0307154889545,0.331777480431
807,0.0416386050101,0.317559971259,0.0308485320343,0.332441737875
808,0.0411170186618,0.31740994293,0.0301185594299,0.330285795964
809,0.0413227368576,0.317187206103,0.0306718366032,0.330631330609
810,0.0413780180164,0.316927270247,0.0310482102525,0.33104093466
811,0.0408685291902,0.317371204495,0.0298691972405,0.330068086274
812,0.040313722924,0.316753573143,0.0305063828582,0.33040153794
813,0.0416858044381,0.315963819623,0.0311603512932,0.330086309463
814,0.0414110665711,0.315885143784,0.0303493832282,0.329974031076
815,0.0411511746307,0.315301056092,0.0311653463784,0.331369133666
816,0.0414901592124,0.315037464866,0.0310454619814,0.32990361657
817,0.0417455126746,0.315016340751,0.0306727971779,0.329231381416
818,0.0416817900796,0.314921653041,0.0310676093579,0.328403532505
819,0.0410438912133,0.314595065438,0.0298889310779,0.328520160168
820,0.0412749501232,0.314341249374,0.0311623857956,0.329537910409
821,0.0408614333719,0.314229710744,0.030455213074,0.328097830527
822,0.041145836433,0.313519567251,0.0310364943216,0.328491802327
823,0.0413489264364,0.313287693721,0.0305764733707,0.327945621684
824,0.0417704875223,0.31307387352,0.0304769088161,0.327397143468
825,0.0412195855035,0.312876932896,0.0313448987881,0.327732172795
826,0.0421950801347,0.312303770047,0.0308478757506,0.327571452595
827,0.0417967878569,0.312433668054,0.0308197241286,0.326390579343
828,0.041628341692,0.31191122188,0.0303343619303,0.32570833154
829,0.0411403465013,0.311839225201,0.0314375838784,0.326784780249
830,0.0423024242314,0.311513893879,0.0307484817688,0.325942073017
831,0.0409417279924,0.311857672838,0.0306198750282,0.325145882554
832,0.0417327754773,0.310674191667,0.0312977345232,0.325508263893
833,0.0421009815943,0.31079685688,0.0311205107701,0.325162224472
834,0.0407882976847,0.310734023268,0.0308963181992,0.324839386158
835,0.0422566312437,0.310086885324,0.0312453373786,0.323756682687
836,0.042092072061,0.309942515997,0.0305758660988,0.323152714409
837,0.0424624917885,0.30945346791,0.0309176360365,0.323780794628
838,0.0417576605597,0.309087160688,0.0309363713261,0.322327340953
839,0.0414710780606,0.309277061086,0.0310352531446,0.323021346703
840,0.0420271798682,0.308924384988,0.031282749844,0.323548389599
841,0.042487203645,0.308245917925,0.0315475030766,0.322831584141
842,0.0423114278282,0.308306980592,0.0307041125072,0.323025014251
843,0.0415073290754,0.307940011987,0.0313568167214,0.322772808373
844,0.0422225557268,0.307528594365,0.0311042506087,0.323692033999
845,0.0422933196936,0.307255113354,0.0307912451588,0.322052906267
846,0.0417285449803,0.307266507011,0.0309239955784,0.321837951429
847,0.0420878112603,0.306616252432,0.0322431672787,0.32239417173
848,0.0427222890923,0.307072862983,0.0309776925694,0.320907039568
849,0.0416691290358,0.306353449821,0.0307807695206,0.319735854864
850,0.0420865815563,0.306180135562,0.0314385830602,0.321578147821
851,0.0427714622794,0.305945337965,0.0312450311374,0.320284326561
852,0.0425937996747,0.305451356448,0.0311804193111,0.320958658122
853,0.0416291351072,0.305326638313,0.0310822980678,0.320084928535
854,0.0426276071857,0.304809719324,0.0317082246831,0.319019464776
855,0.0426139100097,0.304866224527,0.0315808001508,0.318516266532
856,0.0426291821954,0.304288395322,0.0317259678291,0.3186521139
857,0.0431262734704,0.303759781214,0.0312960480462,0.31913524121
858,0.0425926948396,0.303921461105,0.0312856538133,0.318354859948
859,0.0428560649833,0.303635418415,0.0322183716196,0.319462870248
860,0.0429833229774,0.303314228471,0.0308503201732,0.31689106673
861,0.0421958216824,0.302869566358,0.0318072114756,0.31768894475
862,0.0428398290936,0.30296488794,0.0320789042819,0.317533226684
863,0.0427198264605,0.302819387271,0.0312546792957,0.316787746735
864,0.0425323756197,0.302989015212,0.0307877966341,0.315903168172
865,0.0421037034203,0.302411236442,0.0318585992447,0.316789100878
866,0.0429860001,0.301572397351,0.0316282862252,0.316163058393
867,0.0432372273734,0.301289447225,0.0318237908582,0.316159013659
868,0.0431539091067,0.301594602374,0.0314417597233,0.315116587095
869,0.0421947131936,0.301070384108,0.0317042770507,0.315001705661
870,0.0426218276127,0.300769815078,0.0319763315913,0.315036193468
871,0.042629271674,0.300741031766,0.0317674094802,0.31594033353
872,0.042965070846,0.299706269915,0.0320103932252,0.314634306356
873,0.0430671544029,0.300220405826,0.0319054780061,0.314510243945
874,0.0425102131871,0.299822476048,0.0320289705326,0.314651136287
875,0.0436144964769,0.29921831076,0.0316464876719,0.314069794491
876,0.0431705455367,0.299304594214,0.0318381693046,0.314070741646
877,0.0426003176432,0.299342121069,0.0320594929888,0.31474432908
878,0.0428487325374,0.298553613516,0.0320968087144,0.31412005052
879,0.0436598972346,0.298462445919,0.0318144981534,0.314780753106
880,0.0432063695043,0.298101545526,0.0318507428819,0.312741057016
881,0.0426901803137,0.298025935888,0.031390725313,0.313353404403
882,0.0430941762976,0.297806509412,0.0323847710131,0.314460415393
883,0.0436236030207,0.297046653353,0.0316443942388,0.312878058292
884,0.0430647684978,0.296874195337,0.0323350053698,0.311914340593
885,0.0438242733765,0.296532783371,0.0320293643617,0.311457184143
886,0.0429785283139,0.296806563552,0.0321009101999,0.311558185145
887,0.043311369677,0.296269268944,0.0317536534412,0.313075438142
888,0.0435034048099,0.295794098423,0.0317527772797,0.311386048794
889,0.0430654680643,0.295962968698,0.0325511117783,0.311543406919
890,0.0438002232605,0.295518892316,0.0315795291237,0.310579836369
891,0.0428744075247,0.29583095358,0.0317483904619,0.309458084404
892,0.0430284452696,0.294887789167,0.0326896722977,0.310876460746
893,0.0442763734609,0.294444970213,0.0322560418697,0.310525408946
894,0.0428107441045,0.294828257882,0.0316115345411,0.310123675503
895,0.0432509633068,0.294183512147,0.0326890310482,0.310048743151
896,0.0440087232452,0.293840785439,0.0316960844875,0.310437919572
897,0.0442090733693,0.293610599179,0.0321297321434,0.308718308806
898,0.0435695803653,0.293425116401,0.0320354031812,0.308820296079
899,0.0434948288334,0.293382617143,0.0327030394935,0.308456523344
900,0.0441730550419,0.292905846467,0.0320527684687,0.307806389406
901,0.0436698318674,0.292407704087,0.032495484299,0.309356760234
902,0.0437618482571,0.292804492208,0.0324403413908,0.308189067058
903,0.0438161524586,0.292137863544,0.0319025072047,0.30701676663
904,0.0441613472425,0.291818979841,0.0326841337758,0.308260150254
905,0.0442598727174,0.291732226427,0.0322072183642,0.307633352466
906,0.0435501243919,0.291344444339,0.032157961617,0.3067262806
907,0.0437450871731,0.291171441858,0.032563113687,0.305971299298
908,0.0440705448676,0.290677276941,0.0322991990402,0.306795982644
909,0.0443438905506,0.290464735948,0.0331919322196,0.306050814688
910,0.0445661357102,0.290398173607,0.0321013358789,0.305596980266
911,0.0441884708662,0.289956787458,0.0327439343512,0.305080310442
912,0.0441349459669,0.289771584364,0.0326339678338,0.304956722073
913,0.0445181583413,0.28933214912,0.0322762393425,0.304352818057
914,0.0447111065285,0.289058811389,0.0327942841893,0.304701810703
915,0.0443250121405,0.289265017097,0.0323244375058,0.303538131528
916,0.0426982999779,0.290116645969,0.0321216009208,0.303332818672
917,0.0432867124104,0.288889528467,0.0319853506548,0.302865568548
918,0.0437226491765,0.288820444391,0.0326404768446,0.304515260272
919,0.045115493238,0.288067258321,0.032176117315,0.302666111849
920,0.0437241427314,0.287899776147,0.0330642409581,0.304136647843
921,0.0451330720232,0.28751992377,0.032748768856,0.303501147777
922,0.0445891969766,0.287272260739,0.0330029215509,0.30454744678
923,0.0441679667968,0.287325707766,0.0327032182622,0.304357334971
924,0.0439522732766,0.28715010102,0.0334155526302,0.30423399061
925,0.0447890469088,0.286409131609,0.032714851819,0.303716054186
926,0.0442258992161,0.286095620348,0.0327312978911,0.302460537292
927,0.0450399285899,0.285909760457,0.033257252602,0.302208715118
928,0.0447956469053,0.286173806741,0.0331850681089,0.302135910839
929,0.0440768555093,0.285916964595,0.0323053526506,0.299911081791
930,0.0443885376534,0.285612849089,0.0333827436466,0.303145498037
931,0.0454340696048,0.284943684936,0.0320453347097,0.301698413678
932,0.0442174741139,0.284728492682,0.0331236369002,0.301813182421
933,0.0447534640105,0.284708058605,0.0331878212207,0.301463848911
934,0.0452062308502,0.28415364944,0.033522369228,0.300819050521
935,0.0448773064866,0.284379246143,0.0323545423817,0.300248465501
936,0.044184593054,0.28383474052,0.0333953195616,0.299388124608
937,0.0448086256734,0.283790003795,0.0329353088375,0.300405001268
938,0.0450842061008,0.283325845232,0.0334091306474,0.299479942769
939,0.0445648765621,0.283118329369,0.0332095039012,0.298501291312
940,0.0450339035776,0.282758146524,0.0333294237885,0.297930382192
941,0.045194365514,0.282346332302,0.0330195041897,0.298590933904
942,0.0454258469578,0.282196054092,0.0333503715315,0.297843677923
943,0.0444889986314,0.282162222725,0.0330034212004,0.297171441838
944,0.0453146263384,0.281798602297,0.0337354512019,0.298913518898
945,0.0459506541777,0.281360161992,0.032956433409,0.298353401013
946,0.0455296906428,0.280976231282,0.0331799914413,0.298084437847
947,0.0438413121379,0.281431564918,0.0338023588399,0.297894680873
948,0.0459240508051,0.28106983923,0.0337858207665,0.297940386459
949,0.0461548032382,0.280235368472,0.0334178460014,0.297247062437
950,0.0448396844216,0.280432968185,0.0330665441268,0.296870624647
951,0.0458007366038,0.280028016521,0.0337843988339,0.296108643524
952,0.0441747144438,0.281253510943,0.0326888352856,0.29499409534
953,0.0443070907719,0.280074134469,0.0327586837998,0.295186492614
954,0.0452192038871,0.279516561673,0.0333009232015,0.296467178501
955,0.0456795437405,0.279363856866,0.0329613118533,0.294610640965
956,0.0443553411617,0.27916288032,0.0334092650558,0.295072114095
957,0.0461723262158,0.278576390101,0.0338395452579,0.295174612664
958,0.0454113170361,0.278493828498,0.0339007343018,0.294768596999
959,0.045274560483,0.278506041719,0.0323483426569,0.293259274215
960,0.0459156325803,0.277812205828,0.0332895611818,0.293393868953
961,0.0450673568277,0.278059915854,0.0341540361185,0.294291798025
962,0.0458875916039,0.277151301503,0.0331185854625,0.292188541032
963,0.0457566333218,0.277179413117,0.0338944152991,0.292539765127
964,0.0446482241297,0.277567887535,0.0339951387832,0.293195722625
965,0.0455536476265,0.27733116425,0.0336024140679,0.292523561977
966,0.0459563221353,0.276250472436,0.0334564174227,0.292192121968
967,0.0455616600095,0.276581061574,0.0343266623001,0.292864187621
968,0.0462095761815,0.275666310237,0.0332020894214,0.291579108685
969,0.0450328011066,0.276116453684,0.0340002983489,0.292083309032
970,0.0468608734126,0.275427307074,0.0334545624839,0.292257701978
971,0.0456212354967,0.2750749439,0.0338625254328,0.290897339582
972,0.046346341618,0.275411590934,0.033553642638,0.290875049308
973,0.0459857040013,0.274918033526,0.0334809777653,0.291008637287
974,0.0455603873214,0.274399395172,0.0341793485172,0.29178047739
975,0.0460986972858,0.274492773872,0.0336551018515,0.290626235306
976,0.0459124362096,0.273872605883,0.0341410348251,0.290567645803
977,0.0462851191943,0.273898352797,0.0338408649723,0.290133936331
978,0.0464316791353,0.273543323462,0.0344104609139,0.290032197721
979,0.0459617991,0.273371414496,0.0332996306265,0.289236583747
980,0.0450590746477,0.273599997163,0.0339435568314,0.289583537728
981,0.0460410711284,0.273321675567,0.0336816603083,0.289681969211
982,0.0463435346117,0.272652034576,0.0336980678487,0.289163408801
983,0.0466428078138,0.272099096041,0.0345123843633,0.289662924595
984,0.0460722417069,0.272008405282,0.034283133833,0.28802745603
985,0.0473767669442,0.27157387252,0.0343701669531,0.28830776643
986,0.0465203736407,0.271488522108,0.0340139881921,0.288819956593
987,0.0464084440699,0.271565043009,0.034496421611,0.28928939905
988,0.0465075904503,0.271512706692,0.0343619907906,0.28924916219
989,0.0469324068668,0.270919880042,0.0339643783057,0.289163574576
990,0.0468537530933,0.271205067635,0.0342383738989,0.289135570638
991,0.046276053557,0.270361188513,0.034368380504,0.288149578497
992,0.0464446478022,0.27021254943,0.0346940287361,0.288705880754
993,0.0458893502991,0.270207813153,0.033877721587,0.286972488277
994,0.046983057633,0.269650258697,0.0350670573919,0.286523167975
995,0.0468771363823,0.269474399778,0.0339960700303,0.285524156876
996,0.046258260281,0.269321680069,0.0349001847103,0.286479306407
997,0.0470457822084,0.268829338826,0.0343740448184,0.285583047196
998,0.0472839574974,0.26855769295,0.0346822142656,0.28555327747
999,0.047594886703,0.268192537702,0.0344022491877,0.284941644408
