epoch,jaccard,loss,val_jaccard,val_loss
0,0.0702932244883,0.703879668162,0.0696290791529,4.19819652662
1,0.0705921385424,0.659404394718,0.0706536048092,2.66673577949
2,0.0719279448251,0.636967230302,0.0728728411195,1.74152148608
3,0.0726750298188,0.613504071648,0.0706013309245,0.700557601638
4,0.0726051813063,0.594439834356,0.0745906660159,0.856998538598
5,0.0732467481508,0.575484742339,0.0806348035985,0.791721266694
6,0.0740713574207,0.559009249394,0.0723509510863,1.01290769782
7,0.0722986238364,0.543882953433,0.0680816898821,1.80331410281
8,0.0717527333002,0.528486591119,0.0743711561954,0.52344411891
9,0.0721915767779,0.512894016619,0.0711319573165,0.485219446942
