epoch,jaccard,loss,val_jaccard,val_loss
0,0.104627089575,0.742215454578,0.0782117247581,0.68260872364
1,0.0997569523752,0.623279482126,0.0780504122376,0.672284007072
2,0.0984887257218,0.578563004732,0.0778788849711,0.661694943905
3,0.0973119810224,0.562178969383,0.0777016058564,0.651204705238
4,0.0970162656158,0.554355949163,0.0775252580643,0.641123116016
5,0.0941747389734,0.548062860966,0.0773511603475,0.631561219692
6,0.0955653134733,0.543763458729,0.0771795734763,0.622496902943
7,0.0954030202702,0.540129318833,0.0770135819912,0.614013791084
8,0.0933622661978,0.536603152752,0.076853364706,0.606100380421
9,0.0966776311398,0.534694746137,0.0766989886761,0.598693966866
10,0.0957362800837,0.532040074468,0.0765498653054,0.591778695583
11,0.094745632261,0.530204743147,0.0764065608382,0.585310816765
12,0.094074415043,0.528638795018,0.076268658042,0.579240262508
13,0.0956910792738,0.52667978406,0.0761351287365,0.573548197746
14,0.0948999561369,0.525608658791,0.0760076493025,0.568216025829
15,0.0946416147053,0.5247220397,0.0758837014437,0.563176751137
16,0.0948771890253,0.523032195866,0.0757644474506,0.558424115181
17,0.094171019271,0.52231322974,0.0756492391229,0.553927898407
18,0.0947447409853,0.520900733769,0.0755372717977,0.549668610096
19,0.0950286900625,0.519479013979,0.0754291340709,0.545626282692
20,0.0945432158187,0.518785446882,0.075324729085,0.541786849499
21,0.0945406723768,0.517679475248,0.0752234309912,0.538141667843
22,0.0945347966626,0.516844585538,0.0751254484057,0.53467386961
23,0.0940326340497,0.51634952426,0.0750308409333,0.531369030476
24,0.0948398299515,0.515226870775,0.0749384760857,0.528211712837
25,0.0942338369787,0.514139823616,0.0748480558395,0.525176167488
26,0.0938684344292,0.513227663934,0.0747605860233,0.522270381451
27,0.0935104871169,0.512795470655,0.0746755003929,0.519493222237
28,0.0948817450553,0.511429034173,0.0745927765965,0.516820788383
29,0.0936251636595,0.51136340946,0.0745125412941,0.514263987541
30,0.0947395954281,0.510329581797,0.0744333341718,0.511789441109
31,0.093200144358,0.509505301714,0.0743570849299,0.509419262409
32,0.0937254726887,0.509497664869,0.0742820799351,0.507128536701
33,0.094348827377,0.508610233665,0.0742086321115,0.504912674427
34,0.0940898824483,0.507495850325,0.0741368159652,0.50278621912
35,0.0927931228653,0.507147528231,0.0740673914552,0.500725924969
36,0.0929521992803,0.506057098508,0.0739986523986,0.498728662729
37,0.0945663452148,0.505711376667,0.0739317759871,0.49679929018
38,0.0936210136861,0.505515821278,0.0738656297326,0.494918644428
39,0.0923178670928,0.504535891116,0.0738011449575,0.493099778891
40,0.0926294038072,0.503766827285,0.0737380608916,0.491331875324
41,0.0935917161405,0.503386721015,0.0736754834652,0.489612996578
42,0.0938226804137,0.502260692418,0.0736146643758,0.487942993641
43,0.0943658705801,0.502151675522,0.0735548883677,0.486317336559
44,0.0934494333342,0.501237027347,0.0734958052635,0.484735101461
45,0.0924886558205,0.500648826361,0.073437653482,0.48318862915
46,0.0931648332626,0.500773213804,0.0733807310462,0.481694310904
47,0.0903820572421,0.499917723238,0.073324739933,0.480233490467
48,0.0928483018652,0.498935848475,0.0732697173953,0.478802204132
49,0.0933908186853,0.499251194298,0.0732150450349,0.477402061224
50,0.0933024398983,0.498288109899,0.0731616914272,0.476039886475
51,0.0922774989158,0.498047523201,0.0731091573834,0.474711716175
52,0.0913612879813,0.496829368174,0.0730571895838,0.473413169384
53,0.0930052604526,0.496074005961,0.0730051919818,0.47213101387
54,0.0919246478006,0.495679959655,0.072954595089,0.470884144306
55,0.0936899371445,0.495922170579,0.0729054063559,0.469672113657
56,0.0924716899171,0.494683414698,0.0728557258844,0.468464851379
57,0.0902087055147,0.494510248303,0.0728068873286,0.467293828726
58,0.0896989395842,0.494034677744,0.072758898139,0.466151535511
59,0.0929033253342,0.493556030095,0.072711288929,0.465022474527
60,0.0891760569066,0.492964439094,0.0726646333933,0.463917165995
61,0.091401964426,0.492278389633,0.0726184099913,0.462831795216
62,0.0926239676774,0.491616412997,0.0725716874003,0.461757093668
63,0.0930727645755,0.490963615477,0.0725262835622,0.46070805192
64,0.0922273360193,0.490903697908,0.0724812597036,0.459672123194
65,0.092622032389,0.490384973586,0.0724365562201,0.458657503128
66,0.0916637647897,0.489912778139,0.0723930448294,0.457663625479
67,0.0888688154519,0.489002302289,0.0723491758108,0.456682860851
68,0.0927249193192,0.489094510674,0.0723058730364,0.455717146397
69,0.0922794174403,0.488338723779,0.0722627863288,0.454759269953
70,0.0921853240579,0.487544313073,0.0722197443247,0.453821361065
71,0.0923054870218,0.487530864775,0.0721775740385,0.452893555164
72,0.0912386821583,0.487010963261,0.0721356645226,0.451981246471
73,0.0923815760761,0.486536726356,0.072093591094,0.451077073812
74,0.0909017082304,0.486355192959,0.0720529928803,0.450196743011
75,0.0916655175388,0.485562130809,0.072011590004,0.449320137501
76,0.0910338452086,0.485225267708,0.0719710439444,0.448452562094
77,0.0928207281977,0.484490402043,0.0719301179051,0.447594314814
78,0.0926512833685,0.484169997275,0.0718897879124,0.446750164032
79,0.090772094205,0.483726076782,0.0718506127596,0.445923149586
80,0.0882563702762,0.48299253732,0.071810901165,0.445100694895
81,0.0919925235212,0.482656605542,0.0717710852623,0.444284051657
82,0.0912431813776,0.482265479863,0.0717315226793,0.443477332592
83,0.0913041401654,0.481577560306,0.0716924890876,0.442676842213
84,0.0916770054027,0.481769233942,0.0716534107924,0.441890150309
85,0.0912666628137,0.481249392033,0.0716148018837,0.441112905741
86,0.0892203813419,0.480428606272,0.0715765431523,0.440341860056
87,0.0911167301238,0.480144798756,0.0715385973454,0.439582288265
88,0.0920352712274,0.480035424232,0.0715003162622,0.438824266195
89,0.0910170450807,0.479549922049,0.0714623853564,0.438079357147
90,0.091185124591,0.479028575122,0.0714249238372,0.437338829041
91,0.090833902359,0.478706002235,0.071387372911,0.436604678631
92,0.0913960151374,0.47829349339,0.0713500156999,0.435880988836
93,0.0915993433446,0.478156849742,0.0713126584888,0.435162067413
94,0.0893613910303,0.477503798902,0.0712756589055,0.434450805187
95,0.0905820727348,0.476835310459,0.0712386667728,0.433743536472
96,0.0919063687325,0.476700112224,0.0712014138699,0.433042824268
97,0.0902552343905,0.476747103035,0.0711650848389,0.432352930307
98,0.0914232730865,0.47566653043,0.0711281448603,0.431663125753
99,0.0909557351843,0.475956216455,0.071091607213,0.430980205536
100,0.0918791517615,0.474913142622,0.0710555762053,0.43030127883
101,0.0910132471472,0.474895842373,0.0710190907121,0.429627269506
102,0.0913527496159,0.473832890391,0.0709822326899,0.428956657648
103,0.0884360624477,0.474214293063,0.0709466785192,0.428298413754
104,0.090937582776,0.473507530987,0.0709100738168,0.42763748765
105,0.0914511997253,0.473449982703,0.0708741247654,0.426984876394
106,0.0912182386965,0.472741387784,0.0708382725716,0.426334440708
107,0.089614813216,0.471904307604,0.0708026364446,0.42569154501
108,0.0885934615508,0.472366094589,0.0707671567798,0.425057411194
109,0.0867995489389,0.471999682486,0.0707314759493,0.424428462982
110,0.0884944424033,0.471016056836,0.0706963986158,0.423801422119
111,0.0894173216075,0.470895178616,0.0706608071923,0.423176467419
112,0.0898236483335,0.47046957165,0.0706253275275,0.422554641962
113,0.090753255412,0.470118016005,0.0705899149179,0.421940028667
114,0.0891247466207,0.469613797963,0.0705543681979,0.421328485012
115,0.090504700318,0.469568960369,0.070519246161,0.420719921589
116,0.0887533053756,0.46935236454,0.0704846084118,0.42011898756
117,0.0861835428514,0.468881189823,0.0704499781132,0.419526964426
118,0.0909818615764,0.4685177356,0.0704149678349,0.418931007385
119,0.0895871119574,0.468166910112,0.0703796967864,0.418341070414
120,0.0898986905813,0.46738820523,0.0703445076942,0.417749881744
121,0.0910518113524,0.46757055819,0.0703102052212,0.417164266109
122,0.089277789928,0.467204190791,0.0702752023935,0.4165828228
123,0.0865116966888,0.467067368329,0.0702405422926,0.416012346745
