epoch,jaccard,loss,val_jaccard,val_loss
0,0.097394188866,0.66073833406,0.0851517990232,0.469453454018
1,0.0968615412712,0.545479059219,0.120135881007,1.19741249084
2,0.0984256975353,0.533283561468,0.139818951488,11.223818779
3,0.0988654308021,0.527895733714,0.141466677189,13.5611467361
4,0.100352948532,0.523316368461,0.141563504934,13.6340341568
5,0.101998895407,0.51886446774,0.141960948706,13.4396705627
6,0.105681287125,0.514419838786,0.142737969756,12.401465416
7,0.108499187976,0.509634122252,0.142647594213,12.246796608
8,0.109869804233,0.505666613579,0.146995902061,8.44075107574
9,0.112186312675,0.500947065651,0.147311151028,7.29602527618
10,0.11398030445,0.498031452298,0.151365309954,4.29361772537
11,0.115838492289,0.494511164725,0.146148741245,0.74458360672
12,0.117195177823,0.490796655416,0.155938863754,1.15693235397
13,0.120040856302,0.487315677106,0.155719041824,1.04409039021
14,0.120079530403,0.48436268419,0.15553496778,0.912431299686
15,0.123665336519,0.481594525278,0.148263767362,0.719180166721
16,0.122621258721,0.479212172329,0.145664393902,0.59481626749
17,0.121892046183,0.477355077863,0.151281759143,0.670140206814
18,0.124339284375,0.47484908253,0.144629091024,0.621475160122
19,0.123881157488,0.472035206854,0.151082918048,0.608402431011
20,0.125813188031,0.469346918166,0.153069838881,0.697226107121
21,0.129107654095,0.467497169971,0.145424500108,0.523076295853
22,0.125180760399,0.465707696974,0.155608996749,0.656919538975
23,0.130507171154,0.462516322732,0.146246865392,0.54619371891
24,0.129580114037,0.461243525147,0.136742979288,0.50641644001
25,0.128304667771,0.458892397583,0.147965073586,0.535389602184
26,0.134304720908,0.45492465049,0.144683688879,0.5080909729
27,0.131163710728,0.454973548651,0.132359400392,0.490576058626
28,0.135869204998,0.451221838593,0.140218481421,0.49963966012
29,0.134691163898,0.448685139418,0.14078591764,0.500603556633
30,0.135041350499,0.448582857847,0.128984048963,0.473291188478
31,0.136870613322,0.444830656052,0.128758490086,0.473406910896
32,0.140886574984,0.441258996725,0.127876266837,0.469491153955
33,0.138710323721,0.440098725259,0.132602363825,0.470730215311
34,0.144699726254,0.436616830528,0.129271432757,0.467179566622
35,0.144245222211,0.434200055897,0.126240044832,0.471951246262
36,0.146880526096,0.43298060447,0.126010924578,0.468493491411
37,0.143293131143,0.430163860321,0.13379599154,0.473214626312
38,0.150025397539,0.428431972861,0.119700945914,0.469789147377
39,0.14881586656,0.425496406853,0.126745685935,0.471991598606
40,0.151810541749,0.422369010746,0.124906107783,0.468838900328
41,0.153949391097,0.420816078782,0.12668903172,0.469927966595
42,0.152817748487,0.417887486517,0.122524112463,0.464772075415
43,0.157874394208,0.415853597224,0.12085723877,0.466986984015
44,0.158152844757,0.413710147142,0.124417982996,0.471662580967
45,0.159105010331,0.410338841379,0.12695337832,0.467716962099
46,0.147569369525,0.41574279964,0.130109593272,0.46554633975
47,0.16393025592,0.411537289619,0.133816733956,0.475343465805
48,0.15653078258,0.40863019228,0.1225374192,0.469976484776
49,0.158582367003,0.405413672328,0.131753399968,0.478010982275
50,0.167859364301,0.401781730354,0.131065785885,0.473492741585
51,0.164613042027,0.399823583663,0.125552803278,0.46232354641
52,0.166830480099,0.398215897381,0.1267016083,0.464413613081
53,0.168656114489,0.394565813243,0.129095673561,0.468057692051
54,0.172197792679,0.392981544137,0.135227948427,0.474290311337
55,0.175085097551,0.391074046493,0.129961252213,0.473408609629
56,0.174446813762,0.386733703315,0.127602815628,0.469782978296
57,0.179811872542,0.38435985148,0.134476736188,0.471467375755
58,0.178515613079,0.382512621582,0.130444318056,0.470301002264
59,0.183464676142,0.379988081753,0.133370488882,0.47209328413
60,0.181265372783,0.378618307412,0.130679056048,0.474913299084
61,0.187124628574,0.376599662006,0.130865097046,0.47097826004
62,0.185794670135,0.374605663121,0.134430333972,0.473040550947
63,0.183725364506,0.37317340821,0.141812771559,0.47788220644
64,0.189673732966,0.370897009969,0.128583192825,0.47169020772
65,0.193220958114,0.368499584496,0.138923183084,0.475142687559
66,0.188546046615,0.366833917797,0.134403720498,0.475263088942
67,0.191533472389,0.370230130851,0.129612401128,0.474450945854
68,0.183553580195,0.366081684828,0.139360487461,0.475585848093
69,0.191951073706,0.363964997232,0.131320372224,0.461913704872
70,0.197586447001,0.361807122827,0.13986723125,0.472068995237
71,0.197438362986,0.358522489667,0.135062113404,0.46662992239
72,0.198676485568,0.355977915227,0.143307060003,0.479733616114
73,0.199236407876,0.354148894548,0.13532063365,0.471449613571
74,0.20690504089,0.351067304611,0.135662809014,0.467854917049
75,0.207387108356,0.35064778477,0.138192221522,0.468868345022
76,0.201578103006,0.348786443472,0.138948604465,0.464403182268
77,0.208594892174,0.347146488726,0.133323907852,0.46572586894
78,0.207984868437,0.34442204237,0.143126264215,0.473724424839
79,0.215265993029,0.342694081366,0.132068648934,0.463779896498
80,0.209251534194,0.341412931681,0.143084943295,0.470457613468
81,0.216409314424,0.3378386572,0.137145519257,0.467686891556
82,0.217607695609,0.33565890789,0.138339430094,0.469142407179
83,0.216695807874,0.335771963,0.136769071221,0.46609261632
84,0.219895187765,0.332651093602,0.140706092119,0.465545982122
85,0.222442474216,0.330666482449,0.139941692352,0.465443402529
86,0.216707993299,0.331594862044,0.141311228275,0.466691076756
87,0.225745134056,0.33049698174,0.135705128312,0.464166671038
88,0.215717997402,0.331003367901,0.150879278779,0.48739913106
89,0.226619228721,0.327667243779,0.141673728824,0.471241563559
90,0.221426259726,0.326110258698,0.148910477757,0.484421104193
91,0.225250869989,0.325815074146,0.143063127995,0.471983224154
92,0.226205542684,0.322056159377,0.143970176578,0.469574481249
93,0.229293879122,0.322345130146,0.143605977297,0.467498868704
94,0.228631012142,0.319810763001,0.138078212738,0.465592473745
95,0.233660858124,0.317776486278,0.141848832369,0.468983799219
96,0.227464161813,0.315737731755,0.147394984961,0.478717535734
97,0.242653932422,0.314514838159,0.13634903729,0.458980470896
98,0.22803453356,0.316700704396,0.147069588304,0.476145714521
99,0.229131113738,0.317378759384,0.147945180535,0.479920685291
100,0.237784784287,0.310297384858,0.14224883914,0.46815302968
101,0.239571474493,0.308717988431,0.1462341398,0.473794043064
102,0.233896933496,0.3083961308,0.14730411768,0.473399609327
103,0.254121124744,0.303987488151,0.140808016062,0.467393368483
104,0.237953841686,0.303715504706,0.143904730678,0.46568056941
105,0.251904539764,0.301023118198,0.145283356309,0.469131678343
106,0.252002775669,0.300763517618,0.136836484075,0.456011891365
107,0.24385843426,0.298568211496,0.150590717793,0.484179288149
108,0.256072644144,0.297465354204,0.13773304224,0.461187690496
109,0.250456780195,0.295224078,0.142728075385,0.466484993696
110,0.249648906291,0.296866774559,0.144693791866,0.46326264739
111,0.255278363824,0.296996094286,0.138123989105,0.457510381937
112,0.247416689992,0.292974069715,0.146605074406,0.472066670656
113,0.258795510978,0.291343294084,0.141186833382,0.457397550344
114,0.261504717171,0.288150086999,0.140615642071,0.455161482096
115,0.262986019254,0.28674082458,0.140505135059,0.456361472607
116,0.261157482862,0.28597355634,0.149376675487,0.475742548704
117,0.267367057502,0.286418519914,0.136971160769,0.454985320568
118,0.255529973656,0.284450031817,0.147067755461,0.468339979649
119,0.268544621766,0.281966976821,0.142554938793,0.458801954985
120,0.265091776848,0.281520739198,0.143561467528,0.458765268326
121,0.269443240017,0.27931560576,0.143543317914,0.457848519087
122,0.27257661894,0.277344621718,0.142885580659,0.45934560895
123,0.278611563146,0.273643240333,0.143176302314,0.462650865316
124,0.27386585623,0.273315317929,0.144743949175,0.466066390276
125,0.270037002861,0.274515464902,0.145900264382,0.469354152679
126,0.288382150233,0.270351156592,0.142437234521,0.465043306351
127,0.278264120221,0.269320987165,0.147006347775,0.47514000535
128,0.282358080149,0.268308103085,0.14524024725,0.473212212324
129,0.282777316868,0.269042171538,0.140156894922,0.458874285221
130,0.278970003128,0.267787441611,0.149521157146,0.477582961321
131,0.281354062259,0.267201796174,0.14313338697,0.467010736465
132,0.287823304534,0.263805553317,0.138733386993,0.461297005415
133,0.287168435752,0.262458533049,0.148526459932,0.476877212524
134,0.279194962233,0.266550518572,0.148436784744,0.470069497824
135,0.289488147944,0.265224486589,0.144064038992,0.469295680523
136,0.283145546913,0.261848077178,0.145467400551,0.465014219284
137,0.290617264807,0.262331523001,0.142353668809,0.463147729635
138,0.2895385921,0.25936383754,0.145149901509,0.456274330616
