epoch,jaccard,loss,val_jaccard,val_loss
0,0.019714134602,0.150131031871,0.0168982699397,0.128414620878
1,0.0196451187993,0.150116322705,0.0168982874311,0.128414208069
2,0.0198050847707,0.150133786293,0.0168982117902,0.128414276056
3,0.0197809465373,0.150141854699,0.0168981392635,0.128414276056
4,0.0197577320326,0.150127587983,0.016898091475,0.1284124339
5,0.0197178828172,0.150154502346,0.0168978903384,0.128411311656
6,0.019646460871,0.15011828622,0.0168973671971,0.128412527731
7,0.0197851243787,0.150129916576,0.0168970636441,0.128412250197
8,0.0198105063576,0.150150453815,0.0168974183034,0.128408569377
9,0.0198182093983,0.150192811512,0.0168980636518,0.128401487134
10,0.0197268369106,0.150120366938,0.0168984941847,0.128399635432
11,0.0197395890808,0.150109823793,0.0168983079784,0.128399024485
12,0.0196648295969,0.150125385477,0.0168983589683,0.128398863599
13,0.0197538421131,0.150123733741,0.0168984538177,0.128398294561
14,0.0197317514282,0.15018029511,0.0168981690658,0.128397791181
15,0.0198426805437,0.150129146874,0.0168976469431,0.128397253808
16,0.0197561769388,0.150146001234,0.0168973431864,0.128396831686
17,0.01966317675,0.150111760371,0.0168975011038,0.128396379296
18,0.0197914332295,0.150135189295,0.0168974129774,0.128395902691
19,0.0197478260558,0.150186858498,0.0168972331448,0.128395658918
20,0.0195995961101,0.150116081708,0.0168976172572,0.128395238658
21,0.0196630289563,0.150114224794,0.0168971987732,0.1283946638
22,0.0197507522714,0.150125920199,0.0168971761304,0.128394495463
23,0.0197503217138,0.150114758657,0.0168972241809,0.128394277999
24,0.0196530159491,0.150138669003,0.0168970803788,0.128394159488
25,0.0197377060898,0.150143037335,0.0168969154183,0.128393874038
26,0.0198203198468,0.150113384884,0.0168968729558,0.128393640043
27,0.0197370860439,0.150143523629,0.0168965812773,0.128393467749
28,0.0197204754043,0.150223697321,0.0168964454206,0.128393377177
29,0.0196911737753,0.150182220512,0.0168964506302,0.128393127816
30,0.0198265089152,0.150118892583,0.0168962818279,0.128393229097
31,0.019772713789,0.150085850977,0.0168961650925,0.128393055638
32,0.019758782063,0.150092622982,0.016896078625,0.128393061226
33,0.0197752836662,0.150080289692,0.0168958409922,0.128392962273
34,0.0197690835652,0.15014861868,0.0168964812474,0.128392746206
35,0.0197024048091,0.150189210589,0.0168963085744,0.128392521059
36,0.0197904355681,0.150134605857,0.0168962301977,0.128391918493
37,0.0196263840995,0.150136286823,0.0168962464668,0.128391543403
38,0.0196699027975,0.150104814424,0.0168961662857,0.128391260514
39,0.0198045308487,0.15010091949,0.016896159621,0.12839099532
40,0.0197884680417,0.150118914934,0.0168960900337,0.128390774364
41,0.0196613647187,0.150113760852,0.0168960244046,0.128390617669
42,0.019709221768,0.150114254596,0.0168962527823,0.128389430698
43,0.0197660306898,0.150157974317,0.0168963084579,0.128389179474
44,0.0197975024438,0.150109064121,0.0168962867174,0.128388934769
45,0.0197234798509,0.150115025731,0.0168962240277,0.128388763638
46,0.0197025244482,0.150151347312,0.0168961577874,0.128388541751
47,0.0197676257589,0.150130279935,0.0168960863375,0.128388335695
48,0.0198054945526,0.150116628752,0.0168961572635,0.128387974342
49,0.0196988968035,0.150126270377,0.0168962044409,0.128387673059
50,0.0197102959769,0.150164516213,0.0168962264142,0.128387398785
51,0.0195926331485,0.150105578108,0.0168961978052,0.128387184581
