epoch,jaccard,loss,val_jaccard,val_loss
0,0.0171788448537,0.748532551986,0.0111773586144,0.701321963221
1,0.0150586024266,0.693029315426,0.0118357426657,0.680347822607
2,0.0156407216258,0.684842439798,0.0113714595572,0.680830053985
3,0.0161237277528,0.670106319281,0.0125105206893,0.667799387127
4,0.0163165513935,0.670186884128,0.0120356386753,0.665077914484
5,0.0168773598829,0.661842862001,0.0126822537465,0.658556036651
6,0.0179084001613,0.655707643582,0.0128900417428,0.654240941629
7,0.0191784390671,0.653166067142,0.0130625093828,0.651562177576
8,0.0187074789278,0.648175387428,0.0137315997985,0.647743766196
9,0.0197045053318,0.643400421509,0.0136126394299,0.644355556928
10,0.0194800947897,0.640771943789,0.0141648757001,0.639893084764
11,0.0206624945891,0.63711615136,0.0129167140267,0.640398373827
12,0.0202259531596,0.633653671696,0.0143604265786,0.635336391628
13,0.020860853736,0.630257291289,0.0146594877918,0.629986930639
14,0.0217654906833,0.624833288101,0.0160947437635,0.626239201985
15,0.0216366150995,0.622935844155,0.0163006442003,0.625656627119
16,0.0210286395937,0.624426047389,0.0167200792502,0.628889275715
17,0.0216973915132,0.620999220472,0.0149377110479,0.621313541196
18,0.0217893001081,0.617109830563,0.0164332739015,0.618826594204
19,0.0221230739212,0.61488471696,0.0165546989371,0.615656721406
20,0.0229077931431,0.609418144593,0.0160919327148,0.612290269695
21,0.0231129081915,0.607483953238,0.0167785938289,0.608599566855
22,0.0230537973913,0.606085300446,0.0159617771749,0.609764212742
23,0.0231303498341,0.605398203318,0.0167366371534,0.606920406222
24,0.0228874373845,0.604154178729,0.0158091775418,0.608104337938
25,0.0234365790046,0.601303860545,0.015750686994,0.604305660352
26,0.0237361603428,0.598059235857,0.0164085060317,0.600496340543
27,0.0238996464427,0.594919467202,0.0171602790641,0.599128319882
28,0.0240727832278,0.592593941551,0.0170189776155,0.596553704701
29,0.0242823231309,0.591260089324,0.0168854485511,0.595447123982
30,0.0241355171305,0.589995187062,0.0174535448577,0.59484755341
31,0.0233602914674,0.590742130692,0.0174272853041,0.593488091603
32,0.0241808077065,0.586977547178,0.0181609251592,0.589855086058
33,0.0248145709704,0.584897840825,0.017351789657,0.586389089003
34,0.0248706344424,0.581514282868,0.0166904010601,0.586967476644
35,0.0248140750873,0.5819744846,0.017083192511,0.585818388499
36,0.0247572011304,0.579720303416,0.0176540225441,0.581387420185
37,0.0249412063911,0.576410239706,0.0183696349305,0.578721584752
38,0.0249300534275,0.575731290074,0.0173701170199,0.580239624716
39,0.0233359060814,0.581580143708,0.0130376144312,0.599541001953
40,0.0210213350779,0.587507098913,0.0168880046415,0.579066034406
41,0.0249965491859,0.572161040627,0.0184107124567,0.573050386272
42,0.0252462235469,0.570519525271,0.0179051091488,0.572390812449
43,0.0256145968314,0.566884074074,0.0188818153599,0.569688443094
44,0.0253133032566,0.566728218244,0.0183943089838,0.568177450448
45,0.0263820859742,0.56272127422,0.0183746349141,0.566948933527
46,0.0257802006062,0.563318741436,0.0183113603219,0.566270528361
47,0.0263175118728,0.560636026928,0.0194997740668,0.567479141988
48,0.0261442266692,0.55933473775,0.0193113094458,0.563917103224
49,0.0265626769023,0.559300636443,0.0180931293111,0.561697836034
50,0.0262711360962,0.557051636279,0.0193902499055,0.559979942627
51,0.0265690908878,0.554365481895,0.0185169149817,0.557211009786
52,0.0270146679198,0.552668521037,0.0193151391684,0.556544825435
53,0.0269574997286,0.550180196189,0.0185790343677,0.556611442007
54,0.0263098706069,0.551904669175,0.0195523525229,0.553735528141
55,0.0271849213663,0.547363039393,0.0184683777821,0.552469102666
56,0.0272510510209,0.546711407029,0.0196581803109,0.549941462465
57,0.0273854374083,0.545756895955,0.0188610486281,0.550268936902
58,0.0264845846898,0.547793837694,0.0199128689144,0.54832088016
59,0.027586710341,0.541933024732,0.0197012299256,0.54422478471
60,0.0276862359562,0.539541674348,0.0203014742674,0.546260916628
61,0.0279998953361,0.538492589043,0.0184887418595,0.544070961885
62,0.0269615760102,0.537856943905,0.0197669754632,0.541539218277
63,0.0278991665834,0.53631856579,0.016922946424,0.546565365978
64,0.0279308214082,0.534186934049,0.0193140240962,0.538644105196
65,0.0282321003892,0.532420640381,0.0206073762295,0.537701142021
66,0.0287331478426,0.528667943982,0.0201158897183,0.539763022214
67,0.0289752540525,0.527458983545,0.0201074658445,0.532081343234
68,0.0288244044855,0.525262723749,0.0203965117537,0.532217154745
69,0.0291433066184,0.523139634958,0.0197879033634,0.531312728766
70,0.029105724472,0.523210900907,0.019955827641,0.528487076052
71,0.0290038007364,0.521421455993,0.0199206317489,0.532437235117
72,0.0291474185006,0.518832352299,0.0200834507753,0.528122493997
73,0.0297362558459,0.51584382126,0.0215722626166,0.530785169452
74,0.0290526260775,0.518085408096,0.02000733247,0.523827347439
75,0.0293108683563,0.517782073181,0.0211717129,0.525261976756
76,0.0295930079107,0.513279209343,0.0212027296612,0.522105072625
77,0.0296469089433,0.512436501109,0.0213288636976,0.519341487437
78,0.0296391293934,0.510810440549,0.0217913898279,0.520065833814
79,0.0298143923458,0.510610427994,0.0212638310002,0.516323341522
80,0.0298443881661,0.508797138929,0.0208514582124,0.520522719249
81,0.0299165296131,0.506705324237,0.0209573132323,0.516154545359
82,0.0294010918578,0.506831781222,0.0200319031213,0.512541926
83,0.0297076377559,0.505937769436,0.0209068138512,0.512215440627
84,0.0303821520517,0.50220402846,0.0209058837776,0.512241115794
85,0.0308045369623,0.500597744034,0.0212176393289,0.508909316733
86,0.030810328318,0.497581993158,0.021558733827,0.505716601387
87,0.0310618204335,0.497323356569,0.0223329741282,0.507191787474
88,0.0313910964498,0.494820111646,0.0216992457086,0.503213683143
89,0.0308581493348,0.495860065405,0.0209355423378,0.504861013032
90,0.030965556197,0.494486543995,0.0191130030989,0.504431846552
91,0.0302703469434,0.4962462588,0.0223088752974,0.499882472213
92,0.0310911618809,0.493447473416,0.0221888893783,0.50175306201
93,0.0316409743641,0.49069410276,0.0221176143162,0.499829341192
94,0.0315757011737,0.489392947119,0.0224439329384,0.499802215025
95,0.0317052563586,0.486312720638,0.0217169108066,0.500812790357
96,0.0313048922817,0.484563385065,0.0222207005296,0.49486869853
97,0.0311413969668,0.486287307854,0.0231580519031,0.500281431247
98,0.0321128794571,0.482758743259,0.0209832311354,0.492027586326
99,0.031814389725,0.481173373186,0.0222208820338,0.489871506114
100,0.0324341883748,0.478065471237,0.023199454486,0.491758647375
101,0.0325903751277,0.477717252878,0.0229772092745,0.492431666702
102,0.03254653097,0.477818858165,0.0222430419734,0.491789255757
103,0.0317579428067,0.479510366917,0.0222845164768,0.489365140907
104,0.0321632438524,0.475514451472,0.0221276831005,0.484973507933
105,0.0319953354356,0.474485080403,0.0226485752648,0.482988731004
106,0.0324357590695,0.473124914444,0.0238505933214,0.491699945182
107,0.0326093368825,0.473178354593,0.0227379240732,0.482814317103
108,0.0327312059825,0.470043105575,0.0235420137766,0.481532430276
109,0.0329103017893,0.469856145863,0.0232644642954,0.477123199496
110,0.0330042423527,0.466472677886,0.0232512199692,0.476654733531
111,0.0330836481494,0.466043116382,0.0215850200763,0.47744507296
112,0.0329922630546,0.465694404565,0.0235701263408,0.477331254166
113,0.0336612535949,0.463285058737,0.0239704776,0.474380882923
114,0.033784724682,0.461921165769,0.0234460326631,0.474240217824
115,0.0338143436718,0.461757807777,0.0227665023957,0.470462935045
116,0.0343850097543,0.455848014699,0.0224499919618,0.469144507311
117,0.0338727309062,0.456843390488,0.0228750339436,0.470816105604
118,0.0339466359904,0.458176343487,0.0233276151675,0.469426753465
119,0.0341516303298,0.455363949331,0.0229593558788,0.466359323356
120,0.0342055064878,0.454909118322,0.0233869675041,0.466268656775
121,0.0348051451536,0.451686976048,0.0227304159549,0.463887308724
122,0.0345087257371,0.450203041618,0.0236773243214,0.462815158535
123,0.0347677304591,0.450080034825,0.0228065330276,0.46048881067
124,0.0346058245077,0.450426842731,0.0235417557601,0.462637617253
125,0.0351154326871,0.447410499247,0.022885260743,0.465319328476
126,0.0332249787501,0.451432750202,0.0232604285307,0.460326964501
127,0.0320235385705,0.451350462551,0.0225719779013,0.457939660642
128,0.0335984440153,0.447848611726,0.0243365379503,0.458526007365
129,0.0342212745368,0.445222918231,0.0232585497426,0.451452591922
130,0.0346402064626,0.444470882989,0.0231259672773,0.4511349448
131,0.0354439474191,0.441095590018,0.0244514582639,0.4528310569
132,0.0353627435591,0.441016540504,0.0233944448904,0.450428056531
133,0.0358960977827,0.438146697787,0.0234921338765,0.448145178612
134,0.0361210499754,0.436775799554,0.0244426027608,0.449986029416
135,0.0362364068894,0.435330608716,0.0237036982294,0.451438235585
136,0.034683805385,0.438226597813,0.0230510413944,0.448079111986
137,0.0356117861684,0.434663578295,0.0234416962716,0.445003688335
138,0.0360958195536,0.43112752472,0.0248773669098,0.44463094417
139,0.0363061419729,0.430858894036,0.0232480362368,0.441732443869
140,0.0362262320939,0.430800684943,0.0249788852455,0.440829051193
141,0.0367089463926,0.429178116413,0.0236102140857,0.437809374183
142,0.0367112459827,0.430125489831,0.0249863497811,0.438332171645
143,0.0369163653669,0.425238686112,0.025566166221,0.437018163968
144,0.0372307359353,0.424827716672,0.0247584662087,0.433931416832
145,0.0366474250055,0.423791118539,0.0251170805656,0.432437617797
146,0.0374036735998,0.421423189342,0.0248751578849,0.43190323934
147,0.036936497332,0.422827944733,0.0258488784492,0.433652095031
148,0.0374821119197,0.421642048428,0.0255839659426,0.434526744764
149,0.0365594453067,0.422798282252,0.0258180292836,0.430850642733
150,0.0371575701457,0.418778369633,0.0251312966249,0.428421529941
151,0.0376913625263,0.416458533934,0.0245382740471,0.427390947007
152,0.0380276547428,0.414056922954,0.0266928618152,0.432438379619
153,0.0377758694126,0.413161353996,0.0256977923111,0.426421014126
154,0.0382067573586,0.413265755543,0.0267998558408,0.424393017311
155,0.0383039252147,0.411640047454,0.0257802232566,0.423055215273
156,0.0380677661314,0.41211148638,0.0230557122991,0.423466576263
157,0.0378793906504,0.410517282211,0.0255383528259,0.424341840204
158,0.038730565538,0.407503199692,0.0259625116742,0.420515410602
159,0.0386504631855,0.40721070308,0.0252938330383,0.417053028941
160,0.0391887064292,0.403131721111,0.0261217445461,0.414852124173
161,0.0390386096737,0.404767453097,0.0263225521088,0.414761456661
162,0.0388585053334,0.404022208773,0.0263809569666,0.41362638725
163,0.0392996888811,0.403032497145,0.0262583320776,0.412224639207
164,0.038968901028,0.402515305349,0.0268071021869,0.414904320147
165,0.0394553555046,0.399444348537,0.0259185602373,0.409883151762
166,0.0394539478144,0.398669600487,0.0256483505764,0.409825729672
167,0.0393540565259,0.399230712308,0.024891008176,0.410007826518
168,0.03918375386,0.399327654105,0.0269686039437,0.409313242417
169,0.0398807217484,0.39589103999,0.027055928584,0.40757455118
170,0.0398337445895,0.395305524079,0.0264609529751,0.403991924133
171,0.040079745501,0.393977146309,0.0268039751268,0.405121433549
172,0.0401246423192,0.393721029162,0.0259949087849,0.40461952053
173,0.0401954428805,0.392741238842,0.0271122970281,0.401372028049
174,0.0395693257742,0.391378156268,0.0268527543795,0.400355448946
175,0.0397152985863,0.392413913057,0.0255968919241,0.402221155353
176,0.0401444099209,0.387555633027,0.0267895437034,0.409155454021
177,0.0405778494825,0.384924823275,0.0275940432988,0.402192615438
178,0.0407097923403,0.387490896651,0.0262670752388,0.39672704041
179,0.039992103613,0.386725593072,0.0267185447081,0.399630551692
180,0.0403231399847,0.385456705896,0.0275361168846,0.397681962699
181,0.0408269868411,0.382149257912,0.0267146786584,0.393924323842
182,0.0408867486574,0.383806453301,0.0267561742946,0.394125303719
183,0.0410844804922,0.380837000333,0.0272498788444,0.391146683134
184,0.0411717968154,0.38200149112,0.0268334191101,0.3939772062
185,0.0412335533295,0.377790146149,0.027505067696,0.388827521354
186,0.0415759872031,0.376079745591,0.0269086282334,0.387429898139
187,0.0412963028029,0.375528406065,0.0267617943729,0.391288847663
188,0.0411126773568,0.378701174488,0.0279302431414,0.385444583371
189,0.0418996262778,0.373264983296,0.027214831519,0.384973276872
190,0.0418892039753,0.373573924486,0.0279267465439,0.387234466616
191,0.0422120227502,0.370947679648,0.0276547420832,0.384876872879
192,0.041852103071,0.370848408685,0.0281149842185,0.383235626854
193,0.0420078811214,0.370823489359,0.0276395369629,0.38410668401
194,0.0426034317116,0.368913634465,0.0274136770077,0.381243786775
195,0.0415002331845,0.371363752163,0.0274052046506,0.378839607816
196,0.0410351895857,0.371679643599,0.0270652977668,0.382112600841
197,0.0413167933638,0.367912691373,0.0281310237134,0.379621113651
198,0.0425683255585,0.365193612874,0.0290576040286,0.379554958083
199,0.0428394271922,0.36603766164,0.028612814407,0.375560253859
200,0.0426178946492,0.364252630908,0.0282623636559,0.372296707705
201,0.042488003712,0.364311044606,0.0287163041441,0.372174948454
202,0.0432211859594,0.361084164335,0.0292466608792,0.372360581998
203,0.0429232723179,0.358332461463,0.0273070919245,0.368129242677
204,0.0430463039684,0.360268697716,0.0288700973088,0.371413475834
205,0.0435616904226,0.356115557826,0.027924277129,0.368832077831
206,0.0435219991255,0.35826884382,0.0278461896023,0.366359760053
207,0.0436785434989,0.355577405829,0.0286079286782,0.366059401538
208,0.0436172064004,0.354808904804,0.0284428835781,0.370844869409
209,0.043976735276,0.355147998493,0.0288770426269,0.368894394953
210,0.0439534921235,0.354694701731,0.0292285092171,0.364076389
211,0.0438792177506,0.353692195163,0.0282498498249,0.364831827581
212,0.0441033193959,0.352150833951,0.0287980251862,0.363170781638
213,0.0443483762743,0.349781190547,0.0289371876995,0.36315674847
214,0.0444465828167,0.349786436902,0.0295779518899,0.361983882263
215,0.04463581093,0.348057367481,0.0285934086362,0.361037634313
216,0.0443222586632,0.347173508543,0.029506020234,0.359549434856
217,0.0434163191974,0.34978164102,0.0257725492478,0.359327380545
218,0.0415505325913,0.351691850103,0.0288668620887,0.358619025443
219,0.043626404854,0.34496635084,0.0253892052346,0.357848497108
220,0.0433715817135,0.348375952015,0.0291610046097,0.361115202773
221,0.0446770852121,0.343181998684,0.0283687149499,0.353443658445
222,0.0448600805416,0.342434339225,0.0289492667563,0.353289447725
223,0.0450813343404,0.341633668886,0.0295788822564,0.350828615017
224,0.0454785538973,0.339023194061,0.0298689709992,0.352656221483
225,0.0452286082096,0.339944804517,0.029214166743,0.350466233213
226,0.0453978319377,0.337357411018,0.0291942770142,0.351861589123
227,0.0460605455801,0.336781804951,0.029149178327,0.347795603331
228,0.0460519370529,0.335829199507,0.0293095037359,0.347959656734
229,0.0455287945194,0.337265866307,0.0286537008476,0.344982238952
230,0.0458340569777,0.334044303458,0.0300110956636,0.347434225027
231,0.0460286814199,0.332042957155,0.0296467916027,0.345552242361
232,0.0465888305187,0.329667656468,0.0293049316282,0.343612235971
233,0.046248544284,0.333020846431,0.0305700418228,0.346502127126
234,0.0469642941527,0.329385948869,0.0295078873459,0.341587315314
235,0.0465064972854,0.330412260615,0.0293632862635,0.342543523293
236,0.0467737283093,0.328953934977,0.0298299764741,0.339659363963
237,0.0468829473208,0.328917016204,0.0284261662584,0.338815968018
238,0.045558427806,0.328969749694,0.0288245869191,0.337876413483
239,0.0468855548713,0.327116067879,0.0301525352119,0.338274284266
240,0.0469440186313,0.326188559716,0.0296020025111,0.335367267951
241,0.0470281403801,0.325704008054,0.0294845688491,0.334667799529
242,0.0473958929542,0.324377359679,0.0290910168065,0.334196919575
243,0.0474811068895,0.322304977247,0.0292937053966,0.332866333891
244,0.0473044557813,0.323440457193,0.0302476729283,0.332336539403
245,0.0477186099308,0.320599139023,0.030503640634,0.330383996945
246,0.0480897071514,0.31840264568,0.0302235998966,0.330304659437
247,0.0482044479087,0.317745214471,0.0292483216277,0.330361452885
248,0.0481491821392,0.316847889183,0.0294105131271,0.328552455176
249,0.0483759583871,0.317310630129,0.0290880043284,0.327489966061
250,0.0480883839906,0.319172110122,0.0291545067012,0.328657970764
251,0.0482899501891,0.313401597624,0.0296517298016,0.327518787235
252,0.0483851790828,0.314285449397,0.0305244713003,0.326617904939
253,0.0487610694732,0.312162385537,0.0321110345611,0.327067586593
254,0.0483944752786,0.313948214054,0.0300046191973,0.323075744789
255,0.0488800683082,0.31183006901,0.0317085688973,0.323679335415
256,0.0491300590468,0.310538748136,0.0308859141833,0.321155427955
257,0.0491457867376,0.311058786053,0.0307962559327,0.320382217877
258,0.0494901443428,0.308438649831,0.0310488086297,0.319145332091
259,0.0497102315216,0.307641540009,0.030392735576,0.318107550032
260,0.0496551798412,0.307279599974,0.0312429229928,0.317779385485
261,0.0498375712382,0.304692565249,0.0323024873696,0.316726527642
262,0.0496477215889,0.305890229172,0.0314467114573,0.315520957578
263,0.0494964379799,0.307223548683,0.0324469313126,0.317857068032
264,0.049108611366,0.305862435928,0.0317698062657,0.314429903403
265,0.0496372023138,0.306717825051,0.0313464973387,0.312810165808
266,0.0501011122307,0.303014684182,0.0333929774226,0.315578811802
267,0.0503152748958,0.30363546885,0.0324528503196,0.311044752598
268,0.0501145109941,0.302221930084,0.0326569386326,0.311252024025
269,0.0502521616705,0.301456515319,0.0324876429876,0.313833274879
270,0.0506423813588,0.298101727206,0.0321589469157,0.311451969668
271,0.0506655971782,0.297739681716,0.0318661343569,0.309533111285
272,0.0510066605404,0.297159702159,0.0334210290221,0.309118919075
273,0.0511658159962,0.296517843237,0.0298129257812,0.310622646473
274,0.0506340937693,0.298271019298,0.0304000459227,0.306410306599
275,0.0500211240631,0.29775113899,0.0313926284149,0.307417325675
276,0.0507594309211,0.295243989963,0.0305075957592,0.3107187571
277,0.0506340050323,0.295798503722,0.0313769854525,0.301836882252
278,0.0512668211697,0.293970480848,0.0315822800137,0.304307340644
279,0.0513704890546,0.291579041917,0.0317813575922,0.304714299273
280,0.0513029144991,0.291944877459,0.0333039066684,0.301818088163
281,0.0509245334987,0.292486281349,0.0323089087973,0.301888062153
282,0.0523251964731,0.288266908091,0.034395020463,0.301372446585
283,0.0522503775704,0.288481488537,0.034174453456,0.299836525228
284,0.0513551281312,0.289992241905,0.0340670942827,0.301366182044
285,0.0523071476008,0.284670590208,0.0330406077401,0.297001616098
286,0.0529970258595,0.285130810852,0.0343417678729,0.295802739449
287,0.0532338071526,0.284428025954,0.0337344656252,0.295180515386
288,0.0531543059718,0.283756922357,0.0345798667669,0.295602709986
289,0.0527493882429,0.282715175301,0.0310616266659,0.295134071726
290,0.0527357457466,0.284212376636,0.0335143232932,0.294081116095
291,0.053072172325,0.282014145301,0.0348632392799,0.296247565653
292,0.0534638535272,0.281406852775,0.0329279925523,0.289427840617
293,0.0532210896294,0.2804913922,0.0346125098968,0.289704295341
294,0.0535179171148,0.280126658483,0.0337905448122,0.286755134817
295,0.0536450862447,0.278365542109,0.0349918196182,0.289547143038
296,0.0542815622016,0.275898729952,0.03411802331,0.286008858122
297,0.0543185691203,0.274774898417,0.0340505257832,0.286519017071
298,0.054474729328,0.277263678324,0.0341898799025,0.285283612087
299,0.0542892370755,0.272947274435,0.0348053001696,0.286360692699
300,0.0541185851122,0.276957413898,0.0351443194966,0.285766315181
301,0.0548149638835,0.272828024167,0.0333119332992,0.284239086788
302,0.0550830534034,0.270566944606,0.0341723172654,0.28419659473
303,0.0531878405697,0.274088551219,0.035234803937,0.285361418966
304,0.0530178381159,0.272097428544,0.0372416255109,0.286444925703
305,0.0539383968914,0.273234383991,0.0356175545581,0.283203918487
306,0.0552768401386,0.268201328241,0.0347058084058,0.282680861652
307,0.0555009057378,0.26623993367,0.0354615156342,0.281578052789
308,0.0554661572174,0.2679975775,0.0361821126706,0.283251001034
309,0.0550233528513,0.268152072739,0.0341266830182,0.278643999249
310,0.056048131604,0.265478398937,0.0353588272731,0.279335281346
311,0.0563629849762,0.26518387806,0.034578762283,0.278286893852
312,0.0564733280209,0.265545060142,0.0358931419339,0.27730517718
313,0.0568787576611,0.263581639299,0.0359252343573,0.275739314267
314,0.0564215058754,0.262093966684,0.0361657879712,0.274188189767
315,0.0566329410801,0.262655438425,0.0371113497844,0.275298672728
316,0.0568007760996,0.261026464689,0.0357889858207,0.273453196744
317,0.0558658095869,0.263873388561,0.035786231568,0.274054674199
318,0.0569531403784,0.262066435929,0.0355497473965,0.270606859354
319,0.0574398317432,0.258992635,0.0367469656957,0.270638907095
