epoch,jaccard,loss,val_jaccard,val_loss
0,0.103339193389,0.69258788228,0.139657884836,1.65853834152
1,0.102001547813,0.552156478167,0.141461744905,11.6789875031
2,0.103719964623,0.530236512423,0.14146694541,13.4030351639
3,0.106648864225,0.521106719971,0.141466379166,13.6871824265
4,0.107507422566,0.515795394778,0.141466960311,13.6166887283
5,0.108361305669,0.512042298913,0.141467764974,13.6059741974
6,0.112178096548,0.506748467684,0.141772523522,12.3695201874
7,0.112485652789,0.50270563364,0.142093524337,11.4422988892
8,0.116293923929,0.500450097024,0.142578274012,8.59168434143
9,0.115115448833,0.496695168316,0.143209323287,7.17389249802
10,0.118176937103,0.494416579604,0.142705306411,6.63677120209
11,0.115808803588,0.491964049637,0.154653742909,1.61310529709
12,0.120027149096,0.487834058702,0.148067161441,2.69148087502
13,0.121555861086,0.485664822161,0.161101683974,0.898776113987
14,0.121673597023,0.482955001295,0.160271093249,0.817989945412
15,0.122489478439,0.480588421226,0.156408891082,0.767773211002
16,0.123722819611,0.477890841663,0.152072399855,0.587517738342
17,0.125159895048,0.474974773824,0.152668192983,0.649576306343
18,0.126423392445,0.472654223442,0.140186116099,0.482336938381
19,0.127667440102,0.470045126975,0.143599674106,0.51366174221
20,0.127098497003,0.468202598393,0.135350599885,0.4823127985
21,0.129569690675,0.465597674251,0.128847688437,0.466696411371
22,0.129470380023,0.463880740106,0.129577457905,0.483560860157
23,0.129870088771,0.462019860744,0.132387116551,0.485319823027
24,0.128771916032,0.460306465626,0.132678344846,0.491209834814
25,0.131627682596,0.458075210452,0.131015449762,0.480377286673
26,0.131700946018,0.455148115754,0.140727415681,0.503158986568
27,0.133992696181,0.45448987931,0.123196057975,0.464951604605
28,0.133176442236,0.4520521909,0.135112002492,0.497019439936
29,0.135783329606,0.449261367321,0.123514786363,0.471546113491
30,0.135851947591,0.447006314993,0.126451984048,0.477353870869
31,0.135603381321,0.446423046291,0.131131082773,0.484044015408
32,0.135483058169,0.443745501339,0.132398307323,0.484512448311
33,0.14173655957,0.440920561552,0.118338257074,0.468921750784
34,0.137343412265,0.439529448748,0.132205754519,0.480107694864
35,0.142670115456,0.437349960208,0.122614450753,0.48403352499
36,0.141017481685,0.435115650296,0.128301799297,0.477216780186
37,0.140296060592,0.433369129896,0.129212364554,0.483598589897
38,0.147048935294,0.430810987949,0.131128132343,0.48101952672
39,0.142326273024,0.42998445034,0.127763673663,0.474717110395
40,0.147682350129,0.427410319448,0.123197972775,0.479349821806
41,0.140712691471,0.427012950182,0.129009649158,0.482970297337
42,0.149239238352,0.423372477293,0.12989218533,0.484733402729
43,0.149021770805,0.421131752431,0.1289691329,0.483604878187
44,0.15229408443,0.419471740723,0.12821687758,0.473419189453
45,0.149239551276,0.416753917933,0.130346521735,0.478989124298
46,0.153500020504,0.415191948414,0.125869587064,0.480462789536
47,0.155480440706,0.41184040159,0.130241423845,0.479701429605
48,0.157690230757,0.409968160093,0.129777267575,0.48164409399
49,0.156481713057,0.407995283604,0.132797583938,0.484214067459
50,0.161098849028,0.406819671392,0.12643571198,0.490742951632
51,0.154574830085,0.405031315982,0.136079743505,0.493914872408
52,0.162921864539,0.40306083113,0.130626693368,0.496715903282
53,0.161749038845,0.401712946594,0.134973809123,0.486660897732
54,0.161326471716,0.398668132722,0.134299919009,0.488883078098
55,0.162288889289,0.399136081338,0.133700028062,0.495065331459
56,0.15974923037,0.398796588182,0.130808025599,0.48454913497
57,0.166549470276,0.395769737661,0.131468072534,0.478654235601
58,0.166290447116,0.391604423523,0.132846534252,0.481860220432
59,0.170054908842,0.389553703368,0.132897153497,0.480988800526
60,0.170396871865,0.387140445411,0.131010949612,0.472694426775
61,0.175018787384,0.385904334486,0.133210852742,0.477727919817
62,0.171885315329,0.382629729807,0.1317422539,0.480102151632
63,0.17751256004,0.381510287523,0.13184595108,0.481082379818
64,0.17719322443,0.377809435129,0.132141128182,0.475515753031
65,0.177478305995,0.37665156275,0.13313922286,0.47834315896
66,0.182294234633,0.374867841601,0.134902492166,0.475587636232
67,0.183366257697,0.371572896838,0.13242277503,0.47592368722
68,0.184787128121,0.370291247964,0.133207708597,0.479300379753
69,0.183503270149,0.369746357203,0.131104975939,0.477850705385
70,0.19199218601,0.366321228445,0.129849150777,0.467913925648
71,0.18437679112,0.366650052369,0.132990047336,0.479379415512
72,0.191643059254,0.363249398768,0.131777241826,0.474113821983
73,0.189738225192,0.360724784434,0.134838968515,0.475174069405
74,0.196229219437,0.359697438776,0.124584414065,0.466982036829
75,0.191953975707,0.356978975236,0.135690271854,0.46980753541
76,0.200309723616,0.35571821034,0.127081215382,0.462712943554
77,0.191625937819,0.356655180454,0.137134224176,0.476557254791
78,0.198928464204,0.353474028409,0.128796219826,0.467647075653
79,0.19690130651,0.35147985816,0.1336055547,0.468938410282
80,0.199834130704,0.349321998656,0.137753725052,0.475326091051
81,0.209491107613,0.347067907453,0.12674690783,0.46244814992
82,0.199459262192,0.345025271177,0.13610163331,0.473051220179
83,0.212142832577,0.343078263104,0.125562250614,0.46095469594
84,0.206114672124,0.340813092887,0.134340554476,0.469093799591
85,0.209823589772,0.33905249089,0.130768314004,0.466520667076
86,0.212499354035,0.336945712566,0.13348980248,0.466294854879
87,0.21317409724,0.336920060217,0.127733290195,0.460216134787
88,0.214365106076,0.332728378475,0.135374411941,0.476113736629
89,0.219083599746,0.332120932639,0.129414796829,0.465675055981
90,0.217886783183,0.33444724977,0.126757696271,0.461012840271
91,0.213905159384,0.329462952912,0.140317186713,0.480514168739
92,0.221836287528,0.329771101475,0.129035741091,0.464910030365
93,0.216517988592,0.327519774437,0.136624664068,0.469859957695
94,0.22459224984,0.323710091412,0.129929855466,0.466435283422
95,0.220884107053,0.323556125164,0.140034943819,0.486854314804
96,0.232852373272,0.320877842605,0.130220130086,0.460599005222
97,0.227097589523,0.320952534676,0.137467488647,0.466066509485
98,0.225138917565,0.318439528346,0.133629873395,0.461529225111
99,0.229965679348,0.316744312644,0.136086508632,0.474514126778
100,0.235688600689,0.314747780561,0.133072450757,0.464463710785
101,0.230687554926,0.31387719512,0.135638713837,0.463024437428
102,0.239452410489,0.311336256564,0.13702788949,0.472338944674
103,0.235517412424,0.308035932481,0.137078627944,0.471205472946
104,0.243654582649,0.305610179901,0.135703280568,0.472811192274
105,0.247002933174,0.3028517887,0.136357426643,0.465445488691
106,0.240449056029,0.305176176131,0.129527315497,0.457592368126
107,0.248480904847,0.300735577941,0.140156432986,0.47563201189
108,0.249832756817,0.297634884715,0.135673925281,0.467696487904
