epoch,jaccard,jaccard_0,jaccard_1,jaccard_2,jaccard_3,jaccard_4,jaccard_5,jaccard_6,jaccard_7,jaccard_8,jaccard_9,loss,val_jaccard,val_jaccard_0,val_jaccard_1,val_jaccard_2,val_jaccard_3,val_jaccard_4,val_jaccard_5,val_jaccard_6,val_jaccard_7,val_jaccard_8,val_jaccard_9,val_loss
0,0.115596467862,0.126979101216,0.125293722609,0.109581715427,0.114669413306,0.0994889185531,0.107062583091,0.132004195009,0.0974397732643,0.130874277558,0.124606133788,0.717938881367,0.129807468504,0.14084420912,0.158451352268,0.13443036098,0.143351469189,0.139640602283,0.0957036959007,0.16218793951,0.125869335607,0.105392041616,0.100596011616,0.680963695049
1,0.127575681545,0.117400220654,0.113139630063,0.12281752436,0.12350104854,0.131832088868,0.138294348959,0.131162295351,0.137601045659,0.135648960713,0.128471999429,0.668152840808,0.132229886949,0.139382404275,0.157460961491,0.135846324265,0.15086035803,0.146307649091,0.103067679331,0.165284944698,0.127841765992,0.107065900229,0.0998973241076,0.658155098557
2,0.129084258573,0.115282890853,0.112195948546,0.12120124622,0.11965955433,0.104244292947,0.153332825284,0.122140263557,0.11618111236,0.130672770785,0.137843119446,0.642938649282,0.135051548481,0.144520507194,0.161883886904,0.143189100549,0.150343645364,0.146186491475,0.10221932875,0.169194644317,0.131855663843,0.108733842149,0.107142289169,0.62985046953
3,0.131288053468,0.138008102193,0.141152626835,0.131106005749,0.140402446967,0.135021238413,0.135206211125,0.120028120698,0.12743832008,0.101653769612,0.119207589538,0.629234600812,0.134950989857,0.144277404062,0.157064160332,0.144654646516,0.150341747329,0.147917907685,0.103704316076,0.168957736343,0.134147475474,0.110410753638,0.107847338542,0.618884891272
4,0.133028119802,0.105459789746,0.126188132446,0.121783453273,0.148767078761,0.113878307166,0.0938798493007,0.113239582686,0.109905502643,0.139854573645,0.122458369122,0.614685164765,0.13697248511,0.1470369827,0.164231155068,0.143872232176,0.150672908872,0.144984185696,0.105130645912,0.168828593567,0.13792312704,0.110863238573,0.109285332263,0.611960157752
5,0.13469064096,0.135450085043,0.135049312375,0.126478565973,0.147313185502,0.142248720396,0.140168374171,0.116744956234,0.120446771383,0.124349642196,0.1464038759,0.606976633891,0.138238331303,0.145950806327,0.161987021565,0.145296523347,0.153517078608,0.149768728763,0.106420855504,0.172516940162,0.137300299481,0.112219605595,0.110931695439,0.601832866669
6,0.135116414167,0.10750046582,0.145923816599,0.131055575097,0.121842754073,0.121146567399,0.138290240895,0.142782278359,0.136906587286,0.143017600756,0.1012530562,0.600248407573,0.139015791938,0.147942019626,0.16247603111,0.148714392446,0.152613908052,0.150082320906,0.105949664023,0.17223521322,0.139781679958,0.113575424999,0.114932818338,0.595277369022
7,0.137163351756,0.148236287059,0.112396486336,0.131738080527,0.147955905646,0.126682606642,0.136342628743,0.124602278462,0.128242393024,0.134190392448,0.13823680277,0.59166987054,0.141730930656,0.148990527727,0.165348902345,0.150516382419,0.155039714649,0.153546191752,0.109549438115,0.177262945101,0.14059039019,0.115675658919,0.114270823076,0.586099691689
8,0.139149877708,0.13205694803,0.147464397247,0.122121780412,0.16731741745,0.165820490336,0.131232946413,0.144356679637,0.147567554144,0.135822918499,0.141661861562,0.586552290246,0.142453344539,0.150822343305,0.165947316214,0.152330657467,0.154985049739,0.154804919846,0.107871653512,0.175891257823,0.140764171258,0.116794569418,0.117009319365,0.583921030164
9,0.138774094172,0.143604676938,0.132920399774,0.144068395253,0.142242493923,0.127356889425,0.141371453414,0.157060066238,0.144237992121,0.154650975252,0.129801466828,0.582139702514,0.143277391791,0.151262975298,0.165885051712,0.151966332458,0.152401033789,0.155825472437,0.108738564886,0.178657034412,0.138816397637,0.11910105031,0.118507197127,0.577453896403
10,0.140857635066,0.13413894095,0.12353054469,0.140669163084,0.137865992729,0.142748739338,0.139258524985,0.157367590116,0.109949456993,0.154683712753,0.14589289343,0.57486002706,0.143672538921,0.149405918084,0.163642756641,0.151574004441,0.155794756487,0.158165495843,0.11368074175,0.176750669256,0.137837845832,0.119292798452,0.11669907812,0.571265302598
11,0.141112793703,0.126620696275,0.129604720045,0.141675954801,0.150583668379,0.123811124358,0.117991251987,0.156379606924,0.137731992407,0.168516789796,0.150903526228,0.570427617058,0.145608492196,0.153709100559,0.171345952898,0.153953247704,0.156547524035,0.158464401029,0.112774457783,0.179652651772,0.137780308723,0.119802957401,0.115432680584,0.565403081477
12,0.143010453787,0.161667494918,0.134673315566,0.144657978555,0.148739057826,0.122585479752,0.132355035865,0.140660010744,0.127391849761,0.162944066571,0.135588596691,0.56420886144,0.14591159299,0.154878458939,0.172448689118,0.155778228305,0.158413713798,0.160250877962,0.113614935428,0.18198287487,0.142204673029,0.121976514347,0.116306181066,0.560388401151
13,0.14380782051,0.146459026728,0.132197187515,0.137691516429,0.140095639625,0.156193535309,0.110210079816,0.150002501672,0.1481004667,0.122259415919,0.136459544068,0.558887779713,0.14837051183,0.156266557053,0.173751709983,0.154844138771,0.159638950601,0.162002617493,0.11613553483,0.181937957183,0.144378612749,0.123561075889,0.119881221093,0.554141648114
14,0.145697371569,0.134047773201,0.155901816208,0.139885053039,0.128459621454,0.174229020718,0.170122048352,0.128664844669,0.169534125132,0.127277233521,0.142597422935,0.552782595158,0.148130798712,0.154406858608,0.173190660775,0.156464983709,0.160594413057,0.160597984679,0.115806646645,0.183327125385,0.144830140285,0.122278239578,0.121099179611,0.549934983253
15,0.145935987122,0.150947085349,0.158381193178,0.127375827869,0.155793021899,0.148555458756,0.147381204879,0.126144130016,0.125592818193,0.16414385708,0.138951829984,0.549548078328,0.148722881451,0.157383500598,0.17791024968,0.156396049075,0.15798876062,0.1610554168,0.115036536008,0.184398906305,0.145575149916,0.122270306572,0.120437895879,0.546962969005
16,0.145122093149,0.146730732638,0.146979381097,0.144464891171,0.157866049092,0.130847346736,0.134478977416,0.147960510105,0.137456094264,0.15110441437,0.137974786805,0.547147179022,0.14978710562,0.15462527331,0.17521946691,0.153963719495,0.163427302614,0.162825506181,0.11803654395,0.184301953763,0.144959372468,0.120499374345,0.120514974929,0.542015515268
17,0.147556023207,0.165298990672,0.134184601367,0.150670842733,0.15226432099,0.155836087186,0.142405592953,0.163256132277,0.150279273861,0.152715420933,0.145825425629,0.540383310989,0.150706646964,0.158657754771,0.178499627858,0.158740276471,0.160652499646,0.165567310527,0.118797424249,0.186154576018,0.144396553747,0.124528370798,0.119105203077,0.536612071097
18,0.148265032563,0.165614529746,0.143892992754,0.149907842628,0.146595288999,0.142160478747,0.130302331992,0.164886678336,0.152132045478,0.134356721886,0.131769819651,0.535258997232,0.151392264292,0.159912973642,0.179755151272,0.159946593456,0.164305979386,0.16539729014,0.117921289057,0.189028527588,0.150095376186,0.124073195271,0.122743536718,0.532702676952
19,0.148629838601,0.162583760452,0.165101598133,0.154955513193,0.135217570467,0.113069707062,0.14505047421,0.154114245437,0.137498837081,0.134197126608,0.114315538667,0.532036637887,0.151592638344,0.155593581498,0.171023244038,0.157028051093,0.169848483056,0.169045813382,0.12493686378,0.18797406368,0.152778301388,0.125499431044,0.122939013876,0.529617361724
20,0.150570640806,0.1524298687,0.175708874594,0.173583171098,0.17042384739,0.133702759515,0.14264611504,0.145937020658,0.134295756114,0.13162317127,0.15215751424,0.525504050776,0.153971521184,0.161242385395,0.18057413958,0.161304798909,0.167958376929,0.169625950977,0.123946355656,0.189308824018,0.150833899155,0.126896534115,0.119971005246,0.522338040173
21,0.151926064398,0.160514827818,0.155855094781,0.170394800138,0.155624634936,0.172707817284,0.141725154128,0.14239544177,0.13111232908,0.134737923043,0.161700222176,0.520676037297,0.155421247706,0.162947019562,0.181762510911,0.162800677121,0.167825169861,0.172206819057,0.12399711553,0.190068854019,0.147767835297,0.129960936494,0.121527099982,0.51735804975
22,0.152206039056,0.148802642943,0.147621301934,0.150782475714,0.151594315423,0.160322032869,0.154175248463,0.153307536617,0.127744609723,0.149534509052,0.160544668091,0.516935996711,0.15657632798,0.162692249753,0.18172224611,0.162290828303,0.170577347279,0.173699149862,0.125975972973,0.189929360524,0.152115222067,0.130513028242,0.125350405462,0.512896955013
23,0.153843008913,0.149113807129,0.146819049609,0.140879351296,0.145588261541,0.141809089342,0.164548464352,0.149043594254,0.165721710306,0.12308333721,0.152604865725,0.512319158763,0.157335400581,0.164025477134,0.184413470328,0.163938653655,0.170595185831,0.172168020159,0.126597709022,0.191463401541,0.152960211039,0.129527989775,0.124496577308,0.508669905365
24,0.154999983963,0.147777777165,0.152819072828,0.130190405296,0.132904478698,0.136173701962,0.157783982111,0.147615918191,0.123966075887,0.170793211786,0.174624238396,0.507183263078,0.159022428095,0.164468954317,0.185771200806,0.166349503212,0.170916691422,0.17124558799,0.126738127321,0.193876480684,0.156089844182,0.130059224553,0.129482860677,0.504556648433
25,0.156378673855,0.146667317604,0.149305270053,0.153394039255,0.151434894884,0.131091512041,0.141664163209,0.162490569288,0.138098408119,0.139511943329,0.157331707655,0.502965706401,0.15876759775,0.163205950521,0.181259643286,0.165339856409,0.172818616033,0.175451410934,0.12896718923,0.195392712951,0.154760083184,0.131076516584,0.126062594354,0.500806767493
26,0.157292467076,0.171614255058,0.154225660022,0.172805089969,0.15914438013,0.186548689613,0.165459102951,0.158919695066,0.157042486127,0.173017784487,0.14744965476,0.498519980349,0.160558674484,0.165766147897,0.187174668536,0.166995699517,0.174325976521,0.17547275871,0.129811401479,0.195850804448,0.157369957305,0.132792518474,0.12765253894,0.495792232454
27,0.157619705889,0.15642295545,0.129275039071,0.144697534153,0.172581263585,0.145816994831,0.145532515133,0.124551214511,0.14930860477,0.166715376545,0.149703405215,0.495459497906,0.161596974358,0.167036372237,0.187799222767,0.168300596997,0.174779683352,0.177308974788,0.12963052839,0.196668405086,0.158494030125,0.133125116117,0.131892909296,0.492429852486
28,0.15833422821,0.147068054881,0.156079400564,0.166157955769,0.146257569315,0.149517313112,0.179956128122,0.157492800907,0.156402469613,0.130806181347,0.131207091734,0.491686890833,0.162283385172,0.167952703312,0.188153702766,0.168559231795,0.176877664402,0.179074613377,0.130983094685,0.197143742815,0.157472963445,0.133416977711,0.130235713907,0.488423343748
29,0.159795103595,0.149498979212,0.178284919355,0.1542850564,0.14844089793,0.166734714294,0.171143361134,0.168113768101,0.181156328879,0.175798033364,0.155673650792,0.487207920291,0.163398979232,0.168568407185,0.190705504268,0.169417818077,0.177168792114,0.178017502651,0.130908187479,0.199644843116,0.159889091738,0.13465906214,0.132404034957,0.484381325543
30,0.160646943375,0.176412429661,0.146281271474,0.150493285852,0.157829706324,0.158123447094,0.136242177687,0.139744246844,0.126345182071,0.158619941911,0.164117132081,0.483210247941,0.164315789938,0.168675276451,0.190423248336,0.170611596666,0.176308428869,0.178371094167,0.132421596907,0.198408519849,0.160888530314,0.13460170012,0.137609485537,0.48093380034
31,0.162007325795,0.142258234904,0.163500675932,0.17367350962,0.156132085482,0.151062604622,0.184787066421,0.179953159532,0.12695916451,0.153332407819,0.170085878577,0.479125263169,0.165763868019,0.169690060429,0.191394669935,0.17035339959,0.180487185717,0.181598322466,0.132634320296,0.201567072421,0.159992532805,0.134885746054,0.134196641855,0.477183356881
32,0.163054287434,0.147656285204,0.142921374296,0.14960283367,0.165253649,0.159262110246,0.176175422501,0.16817917861,0.172115464928,0.153291526716,0.145053420798,0.475369022228,0.166595600545,0.171027298085,0.193327045068,0.172396796755,0.181180583313,0.180699115619,0.134166806936,0.202110730112,0.161956806667,0.136081440374,0.134461551905,0.472645580769
33,0.163659385405,0.154178242898,0.181392478291,0.143868057756,0.156827838626,0.167337694205,0.17951304419,0.169759723358,0.175636900589,0.168302754173,0.168171379715,0.47179436218,0.16758370772,0.172331548296,0.19452877529,0.173529158346,0.181939153001,0.179020065814,0.136433551088,0.201948646456,0.164496716112,0.136300590821,0.138516196981,0.470005072653
34,0.164053956978,0.167103330139,0.171519443858,0.173073384212,0.160741622327,0.136961121811,0.161499853362,0.156403423985,0.160158544197,0.153207475902,0.168475868413,0.469369033352,0.168700423092,0.174323956482,0.196546269581,0.175181992352,0.183529224247,0.181226106361,0.137182732113,0.20569575578,0.164228340611,0.136804591864,0.136284404434,0.466240994632
35,0.165628978517,0.171348527074,0.181301894598,0.145783039159,0.17097057472,0.162465608912,0.187176190782,0.173863574397,0.183734113816,0.18058504723,0.129842362134,0.464752116241,0.168451515958,0.173572362401,0.195446832106,0.176527127624,0.182417236269,0.184314282611,0.136934297159,0.205657314509,0.162341200747,0.139562975615,0.132584373467,0.463272802532
36,0.166043274105,0.1531563506,0.168608459411,0.155741618946,0.157878770493,0.151057716692,0.153362944722,0.187604108127,0.136741829687,0.143314493005,0.172752811573,0.461180474609,0.170651553199,0.174967031926,0.197462040931,0.175619171932,0.186178471893,0.186943311244,0.139084907249,0.206508081406,0.165057343431,0.140376424417,0.138113991357,0.458482857794
37,0.16800679639,0.177305500023,0.178177936934,0.151643853285,0.179627946462,0.122916985885,0.188864458352,0.161962492624,0.168435274623,0.173852082808,0.140814936254,0.456706403755,0.171896317974,0.176038263366,0.198318244889,0.176506984979,0.187266327441,0.187503416091,0.140343806706,0.206863647327,0.16728041321,0.141006626189,0.140392824076,0.45451644063
38,0.168459266424,0.162078516209,0.163919377141,0.118878455076,0.163796948968,0.162703511538,0.149559812038,0.169680442195,0.168918358395,0.184291407932,0.171788197709,0.453869258985,0.17191789113,0.177452335134,0.199292074889,0.177641359158,0.187597598881,0.185896379873,0.140521702357,0.209088211879,0.167496137321,0.140743652359,0.138741946779,0.452083915472
39,0.169643001165,0.166121537564,0.159800836584,0.184706254164,0.180700592929,0.129619243671,0.146741976263,0.1787224242,0.164716573898,0.179356398876,0.141707734554,0.450305555016,0.172568788752,0.177609845996,0.20119911246,0.178945015185,0.186354828998,0.185914937407,0.141209511086,0.207718560472,0.168751314282,0.141155296005,0.139738651924,0.448541209102
40,0.169954184443,0.164494874654,0.1474821585,0.172290743329,0.168556317454,0.182356080739,0.141763342777,0.170631692745,0.157462448813,0.165854529478,0.179731443757,0.447562710382,0.173748474568,0.178717430681,0.202275797725,0.179781223647,0.189106190577,0.189822722226,0.142495373264,0.211422864348,0.165631147102,0.143228613771,0.136364343576,0.444848563522
41,0.171214369126,0.141880015493,0.179065886652,0.164235908422,0.155216066632,0.154530933942,0.202560920268,0.168821555097,0.154515893431,0.147343621589,0.194674190599,0.443764214404,0.174892634153,0.17914474383,0.203925007954,0.17981314566,0.191166704521,0.191072989255,0.142529747449,0.211410487071,0.172097506002,0.143567143939,0.14253291022,0.441250957549
42,0.172410675324,0.175785961794,0.171258914983,0.168348144973,0.19513723813,0.176360554993,0.166994968662,0.163087529712,0.175148766255,0.169447077322,0.164484853973,0.439985549077,0.175692105666,0.179886078462,0.203840011731,0.180628096685,0.19290095754,0.191446470097,0.144371699542,0.211519533768,0.171729143709,0.143423402682,0.14371352829,0.438472390175
43,0.173599151429,0.169333241181,0.184042325011,0.144671252463,0.180851610377,0.153891826863,0.166673766915,0.177231887588,0.172136455309,0.192900601774,0.185182229034,0.436579528265,0.177397301421,0.180898513645,0.206038683653,0.18239829503,0.192847251892,0.193020980805,0.14399923943,0.213513106108,0.174181591719,0.14462487027,0.145766622387,0.434362322092
44,0.174612763803,0.190031174803,0.178357451223,0.173314227024,0.179563159589,0.181448131334,0.147277323413,0.190939157736,0.175307594938,0.183700790163,0.201557569671,0.432821796276,0.178899355233,0.184267316014,0.208486516029,0.184796426445,0.194644987583,0.194308720529,0.146659513935,0.215450780466,0.17324292846,0.146675384603,0.144570831209,0.430709760636
45,0.175968309864,0.160708605545,0.150260502007,0.179899194278,0.183805809938,0.17860504135,0.173966350267,0.187014503637,0.142509477912,0.163323816727,0.152459722711,0.429368026555,0.180127212778,0.184264030308,0.208321545273,0.184944398701,0.196635667235,0.195642579347,0.148699746467,0.216103155166,0.175333213061,0.147325379774,0.147732871585,0.427392344922
46,0.177346821409,0.161508598947,0.146742994431,0.179032291053,0.161509406986,0.188858479727,0.176733664004,0.19629143062,0.191250958713,0.161285411799,0.175356677966,0.425580477342,0.18073146604,0.184515699744,0.20933124423,0.186689931899,0.197272276506,0.195218253881,0.149561331607,0.216745428741,0.178346049041,0.146720110439,0.149537330493,0.424698479474
47,0.178659996018,0.135327251279,0.151346266503,0.167101955623,0.182137730531,0.184669497889,0.164333922556,0.160787884146,0.175086290459,0.170782793313,0.161163942656,0.422331275418,0.182034488767,0.186634531245,0.212015733123,0.187030712143,0.198492756113,0.195614038035,0.149343091063,0.218852298334,0.178989566863,0.146834677085,0.14975179825,0.421269111335
48,0.177789232228,0.176371931797,0.205472179689,0.186202424811,0.172325392719,0.192443808541,0.167376700556,0.15792113659,0.148070174619,0.178109331522,0.161653658957,0.421232426539,0.181075125933,0.188309496269,0.214579055086,0.18761141412,0.200002377853,0.194119848311,0.150955434889,0.220083324239,0.177328839898,0.147372177802,0.139647489414,0.421110209078
49,0.178219019901,0.186673703836,0.169480588054,0.184695642674,0.195699533913,0.158801700571,0.180193282897,0.18795408844,0.139607761521,0.18219576776,0.176748865983,0.419219192117,0.180807719007,0.187149217352,0.207073861733,0.187783841044,0.195775851607,0.197590433061,0.14807333611,0.220003578812,0.177147176117,0.14733360149,0.148903730325,0.419477462769
50,0.179211346433,0.182268091827,0.171742736828,0.180024662986,0.174333692528,0.196684949333,0.156158125494,0.171358896419,0.168389213737,0.186982708052,0.199896077625,0.416286714375,0.182594053447,0.189824160188,0.215447323397,0.192235719413,0.195984255522,0.192370133474,0.146891187876,0.222542000934,0.177782924846,0.150208007544,0.146445029415,0.415024045855
51,0.179301728494,0.184785656398,0.174436227651,0.19024788402,0.186031302903,0.18334774347,0.188206744846,0.209560373332,0.149877490359,0.165692794835,0.140041855746,0.415194485337,0.183178814128,0.187951592728,0.213444083929,0.189368760213,0.199637731537,0.197606081143,0.14913922362,0.221847744659,0.182107310742,0.147866922431,0.152785077691,0.413359053433
52,0.180562658701,0.205487570725,0.198799805483,0.171363939298,0.199256751686,0.14112406096,0.185676499503,0.164746708586,0.172777078813,0.157595016877,0.18623718759,0.410364902578,0.185035575181,0.188923047855,0.214018685743,0.190703621134,0.201922526583,0.199989316985,0.153536819853,0.223414609209,0.179907837883,0.150754247792,0.15154023841,0.408275637776
53,0.182124363724,0.179710289929,0.178500199341,0.156907527708,0.173994269455,0.202608784428,0.178519068751,0.209854032844,0.191285811365,0.187278598314,0.131729143206,0.407159105875,0.185983227566,0.189896587282,0.21646092087,0.191831536591,0.203251430765,0.201870851219,0.152239620686,0.22301645577,0.182737674564,0.150292868726,0.151282494888,0.405116412789
54,0.180822503753,0.167321362882,0.160999116488,0.165312729077,0.18432521401,0.159430765547,0.144897710416,0.178608844522,0.17136525258,0.178327490343,0.201781692915,0.406697098166,0.186248643324,0.190049631521,0.217251023278,0.189829010516,0.204839009792,0.199593927711,0.155786528252,0.221570566297,0.182478142902,0.150621815585,0.151686742902,0.403943296522
55,0.183136012405,0.197845438146,0.170255831676,0.175912988489,0.190619061701,0.206092239474,0.176502597518,0.176567776594,0.174442088231,0.182469370775,0.174782705144,0.402433846146,0.187404565513,0.191732781008,0.217396531254,0.194741735235,0.204424411058,0.202242502943,0.155512681231,0.226906180382,0.183329381049,0.152548648417,0.154135579243,0.400474581867
56,0.183824524283,0.165551254991,0.163687224966,0.161980598234,0.196544044418,0.191952687688,0.191974802525,0.191882249434,0.182037474005,0.162971989485,0.193167607533,0.399117853492,0.190213505179,0.194147843868,0.219715597108,0.195566473529,0.206929393113,0.205471266061,0.157023650594,0.228775745258,0.185147194192,0.153904377483,0.156255716458,0.396414313465
57,0.186046509538,0.201722751372,0.175135299098,0.203116986435,0.202605120372,0.180820526439,0.175082224421,0.172304483829,0.174774011597,0.19702805113,0.165775552625,0.396127550863,0.18877007626,0.193994725123,0.21880132705,0.194663541391,0.205551238731,0.201977085322,0.157219113782,0.224351208657,0.18507931754,0.152359168977,0.154475177638,0.395015433431
58,0.187311332207,0.169577745721,0.186703929445,0.194287035614,0.160863829311,0.169546467252,0.179189221002,0.184995245305,0.189430490136,0.177981390734,0.180576491635,0.391906946898,0.191905505955,0.197072193027,0.22307248041,0.19733822532,0.207681849599,0.205049987882,0.158528081141,0.230334833264,0.188037773594,0.156316303648,0.155584882013,0.390452172607
59,0.188632534351,0.191081161145,0.213170075323,0.195438029827,0.170413819258,0.20107973367,0.196499945363,0.184259165078,0.19875025074,0.202242646366,0.186066208873,0.388637380674,0.193375075236,0.197418853641,0.224204985425,0.198580004275,0.210981082171,0.206316150725,0.160289801657,0.231236817315,0.1897389777,0.155116332695,0.159433254972,0.386940263212
60,0.190253486857,0.18316314253,0.18102644803,0.213127190946,0.15219407226,0.168275727192,0.200689655263,0.18484426802,0.182163040852,0.156348598422,0.206864791806,0.38533727359,0.194554353133,0.1977957692,0.224506475031,0.199574029073,0.211999529973,0.208219403401,0.161944106221,0.232059083879,0.190191984177,0.156835561618,0.160340357572,0.383893795311
61,0.190762871411,0.187337452546,0.190129310708,0.183415168081,0.219768109731,0.193090487272,0.217290520901,0.191545772366,0.166169695091,0.184901759494,0.194727915572,0.383221609518,0.195237079635,0.197877220809,0.225292563438,0.199146162719,0.212782274932,0.208402158692,0.163927440532,0.231867121533,0.191710663959,0.158367251977,0.161998078227,0.38122850284
62,0.191393757705,0.183925619931,0.156160067068,0.163201785646,0.206230506767,0.177575282753,0.185025750427,0.190185586456,0.197077014251,0.170673966524,0.177565191407,0.380941789597,0.196702471003,0.199723957106,0.228091062978,0.201730899513,0.215490825474,0.209591785446,0.164453512058,0.235291343182,0.192002801225,0.157693558373,0.161633240059,0.379029560834
63,0.192735616118,0.205630562268,0.195556849008,0.197870271746,0.194234041031,0.189529736526,0.193975139875,0.18622416514,0.155272266129,0.206818793435,0.188598810695,0.378164260648,0.197190543637,0.201216205955,0.228925004601,0.202307552099,0.215073471889,0.208847424015,0.16371966619,0.235827198252,0.193504156545,0.158179383725,0.162394890562,0.376180440187
64,0.19304782711,0.162635009037,0.188156832475,0.167394064716,0.183578754775,0.16522667231,0.182066360256,0.162086245487,0.186784244957,0.217838161625,0.203566355398,0.376087359153,0.198078587651,0.20101656951,0.228810405359,0.203530207276,0.21574873291,0.211355071515,0.164403266273,0.236153330654,0.19471138157,0.158723307773,0.164752557874,0.374130498618
65,0.194988522679,0.180039639352,0.168055798043,0.182905430556,0.194909662707,0.177573151421,0.179670619313,0.193836223567,0.173141874955,0.172083470854,0.209242780227,0.372312629595,0.199135705829,0.202329665422,0.229103337973,0.20363582857,0.216961817816,0.213263846934,0.166645660996,0.237147303298,0.195790659636,0.161117013544,0.166742354631,0.371815409511
66,0.196676553693,0.19946884783,0.231168857776,0.180637973361,0.18524499936,0.183546942659,0.192560498603,0.185887958622,0.198720779968,0.22297832882,0.196262726095,0.369431321509,0.199808470905,0.202734487131,0.232186416164,0.20465445146,0.218389455229,0.212746076286,0.166142555885,0.238569958135,0.196075892076,0.160024915822,0.165242059156,0.368409126997
67,0.19647094328,0.178150463616,0.196090100566,0.206482034177,0.17871574196,0.18707687431,0.21552498336,0.182676598197,0.180564145325,0.183071170701,0.186502701952,0.367707753554,0.200437244028,0.202581318095,0.232370968908,0.204058591276,0.218565925956,0.211807666346,0.166535656899,0.238455411047,0.197770092636,0.159209883772,0.168459281325,0.366324871778
68,0.197960822377,0.214206605684,0.184376712423,0.173757625744,0.209587361896,0.210585611407,0.197890189942,0.180272065569,0.198462409782,0.212110406253,0.205115318997,0.364899384789,0.201893229038,0.206255447119,0.233954785392,0.206575363874,0.221284197643,0.214647950605,0.168775093742,0.241609228775,0.196035532281,0.160770276561,0.164093637839,0.363940581679
69,0.198749784846,0.220884468872,0.165747386869,0.20545860054,0.160790751688,0.16449643427,0.18489012355,0.162722168723,0.1986981011,0.238943036646,0.193703195779,0.362674457021,0.202896162868,0.207162464038,0.234295412898,0.207675427198,0.221813309938,0.216842418537,0.170682846569,0.241195891052,0.198730574921,0.163490416482,0.167427770793,0.361084673554
70,0.199059835635,0.181796037359,0.20971602411,0.180343343178,0.169808414299,0.187978139147,0.185112831183,0.204975671135,0.191809709417,0.192441398511,0.177058288595,0.360498912632,0.204409500584,0.206992229447,0.236303506419,0.206538623199,0.222860468552,0.217907659709,0.171608272009,0.240570671856,0.200309606269,0.164233556017,0.169269219041,0.359357368201
71,0.19944277266,0.180373434443,0.223000383703,0.224485212006,0.212474671658,0.159044283791,0.165327699739,0.204835502198,0.21325276047,0.193170621525,0.188897491898,0.359331669286,0.204794168472,0.207935046405,0.23719243519,0.20838467963,0.222115980461,0.216316629201,0.170927959494,0.244572218508,0.201503800228,0.163262752816,0.171303443611,0.357161544263
72,0.199503017124,0.188220714452,0.223759476561,0.203170699999,0.17462610337,0.214475774905,0.182067819871,0.205198784126,0.200989037752,0.183043755358,0.184745872393,0.358097889461,0.20417505689,0.207940615714,0.236101660877,0.20949572511,0.223754288629,0.217802120373,0.172211641446,0.243454540148,0.199831845239,0.164209056646,0.165516305715,0.35745203495
73,0.20039493544,0.199326936505,0.197828857228,0.195588593837,0.195944319596,0.201776924776,0.214914859505,0.188652114943,0.141940659494,0.190158750163,0.186856695917,0.355962081812,0.205384749919,0.208744494244,0.239754052833,0.209652174264,0.226620635018,0.218218561262,0.173906304874,0.243988497183,0.202038025483,0.164454709738,0.168337060139,0.354075398296
74,0.200263808016,0.182395232609,0.183805109002,0.189672171138,0.199449935928,0.201871981844,0.194566625636,0.207813315094,0.171661800938,0.223908441141,0.204703376861,0.354552628472,0.205356052145,0.209993137047,0.238260097802,0.21351213567,0.223745686933,0.21812556684,0.170967408456,0.249013334513,0.199924983084,0.164574855939,0.166541259736,0.353461682796
75,0.201074071694,0.203314891784,0.204882697668,0.188068879768,0.203882314265,0.170528003015,0.172663525911,0.201080770697,0.204202920897,0.193621366052,0.218784817727,0.353214972652,0.205707097426,0.209959499538,0.240265339613,0.210497295484,0.223055625334,0.212140638381,0.169712463394,0.247347060591,0.204351745546,0.161937143654,0.173363450915,0.350890114903
76,0.202546346933,0.184211028041,0.19116738392,0.196737074293,0.211294013076,0.208385809092,0.235184023157,0.221514039673,0.195800159825,0.211836259346,0.207643551519,0.349200163037,0.207153063267,0.210690742359,0.23693411611,0.21262681298,0.229277547449,0.220717206597,0.173739435151,0.247490568087,0.205359628424,0.163254579529,0.173479525372,0.349536526948
77,0.204696335364,0.243678916246,0.205527558923,0.189398428658,0.21249630535,0.173735059914,0.165790126426,0.203753558453,0.228778168559,0.184636363643,0.180838557542,0.345824690536,0.209175482392,0.21474795416,0.244718460366,0.215301303193,0.228179706261,0.221545875072,0.173813987523,0.252092968673,0.206249022856,0.16629573144,0.167565627024,0.345113277435
78,0.206146372017,0.216046791524,0.196084559895,0.201608168427,0.211223314516,0.207470176741,0.181058697402,0.232324584853,0.18534484366,0.219869725872,0.171181682264,0.342957679182,0.211295781657,0.214449962601,0.245633482933,0.216344673187,0.231065228581,0.22215109691,0.175175526179,0.251997616142,0.207865860313,0.166074320674,0.175063628703,0.341680582613
79,0.207523058634,0.196966762654,0.173884046264,0.194513275288,0.207902439637,0.197041356005,0.225820397958,0.210846317001,0.204591511283,0.220482053235,0.204111052444,0.340724268928,0.211068507284,0.213971124962,0.245381394401,0.216523192823,0.23131237179,0.220537928864,0.177901357412,0.253424212337,0.209357032552,0.166595650837,0.175865868106,0.339776162058
80,0.209476824384,0.194110111799,0.208220932866,0.19669105974,0.214140183758,0.217358291848,0.206617398188,0.199157275725,0.19731027144,0.245918963104,0.208260919666,0.337193554267,0.213880332187,0.21656370908,0.247627690434,0.217729084194,0.233931671828,0.225916774943,0.180857102387,0.254128027707,0.20978378132,0.170495184138,0.177618060261,0.33656418696
81,0.21013001306,0.22100654291,0.213010144886,0.220472016139,0.21502397838,0.248070308939,0.188878778834,0.196002249839,0.208767409436,0.208309224108,0.190138397273,0.335374310613,0.215345252305,0.218420490623,0.249684143811,0.221438294277,0.235671734437,0.226682543755,0.181160975248,0.256850557402,0.211271371692,0.171140998602,0.177262075245,0.334357339889
82,0.211662013084,0.218179150252,0.218550584279,0.18580658664,0.213585935184,0.202201219508,0.242620632984,0.173398234881,0.231054150034,0.20616604574,0.199632606003,0.332756767981,0.216401780024,0.219822462648,0.251423094422,0.220548177138,0.237011879683,0.226886479184,0.182331843302,0.257545154542,0.211967092007,0.171421959996,0.178932309151,0.331531818956
83,0.212887965608,0.215969325276,0.230377801228,0.213753960794,0.208331965841,0.228734898847,0.19606102549,0.183112795465,0.180701363133,0.214770470513,0.228899458773,0.330734669231,0.217186534777,0.220155786723,0.252206157893,0.221781942993,0.237944826484,0.229940706864,0.183325576596,0.257930362597,0.212284801528,0.172931516543,0.178098740056,0.329377513379
84,0.213927750476,0.187984914868,0.224100261228,0.246833262965,0.209830491338,0.201207480393,0.163373039337,0.231415598653,0.228411524091,0.216032756027,0.228061992675,0.327895938419,0.218758970499,0.221863972023,0.254065487534,0.222933471203,0.239759290591,0.229387303814,0.184379451908,0.260052200407,0.21509296447,0.172376528382,0.18141471222,0.327178377658
85,0.215790210292,0.213835543487,0.225616656244,0.188245590078,0.232139509637,0.23884200491,0.237503822893,0.207202577381,0.174025218934,0.210854678415,0.198697372107,0.325288183056,0.219937289134,0.222522294149,0.255616553128,0.223036227748,0.241131700575,0.231133200228,0.186205975711,0.260563626885,0.216550108045,0.173756910488,0.18234474957,0.324844174087
86,0.217122095637,0.18039021641,0.227278027683,0.218390344875,0.200682123075,0.209150587791,0.234471316449,0.207249851897,0.221736505162,0.217769645387,0.206825795467,0.322810051031,0.222593341023,0.225951604545,0.257652815431,0.226635422558,0.242829512805,0.232509596273,0.188415275887,0.263675514609,0.217152817175,0.176559295505,0.184526782483,0.322616584599
87,0.218482703436,0.198532969225,0.223926356295,0.206117078662,0.224347369047,0.216865718365,0.184119514655,0.21414125897,0.188859460643,0.214476411114,0.223288980313,0.321034668945,0.22160054557,0.223679060116,0.257416509092,0.225281521678,0.242466108873,0.2310165409,0.187844276428,0.263007320464,0.218410205096,0.173859741539,0.184263302013,0.320997100323
88,0.218847446144,0.175014542765,0.206712784944,0.196846764884,0.242053096648,0.176606888883,0.185518002138,0.227741578128,0.265064767562,0.206100319512,0.224895627704,0.319084545597,0.223614731804,0.226979093626,0.259585406631,0.22780457139,0.243986155838,0.232992611825,0.188135954551,0.265411388129,0.221048070118,0.176143446937,0.187621921301,0.31908692047
89,0.218669066206,0.16813389957,0.237294017803,0.217230837559,0.184763321653,0.233306543902,0.189536744729,0.206804882037,0.211481492384,0.193521788111,0.226300451439,0.318367783912,0.224497135729,0.227361511439,0.260221362114,0.227904781699,0.245195958763,0.233883362263,0.190297875553,0.26555608958,0.220244079828,0.177034575492,0.188043037429,0.317291490734
90,0.220101464074,0.220113747288,0.22195492289,0.207463869127,0.209258615039,0.205391322263,0.204642366269,0.222050807439,0.212408547755,0.218276704429,0.232387861703,0.316269677132,0.223907051608,0.226974248886,0.260520368814,0.228903710842,0.244944605976,0.234789544716,0.189953514375,0.266465451568,0.218435415998,0.176496027038,0.183894230053,0.315262373537
91,0.221098970156,0.210571596865,0.234559540637,0.190075904364,0.217456663377,0.214911594521,0.216593079036,0.176331987604,0.198710011318,0.226175979711,0.221156583168,0.313579890877,0.226909436285,0.229852179065,0.26325308159,0.230565115809,0.247855439782,0.236545590684,0.192676017061,0.26909115538,0.222006447613,0.180045830086,0.188377447426,0.312763627619
92,0.222958569881,0.228395635262,0.227304363856,0.194623402902,0.221454553306,0.246440183837,0.215530794347,0.194472089177,0.194906159071,0.221334087197,0.221103003481,0.311390221119,0.227310245857,0.229944553226,0.264275923371,0.230977831408,0.248871374875,0.236544543877,0.191871250048,0.269697774202,0.223224595189,0.178190864623,0.188642354682,0.310858465731
93,0.223550395109,0.200689228252,0.216426250292,0.224733875133,0.235051547876,0.227203689981,0.227788133081,0.209566220408,0.227323749103,0.205953927478,0.203440950718,0.309635960497,0.22904307209,0.231451103464,0.26534062624,0.233467712998,0.250362228602,0.23899404332,0.193544218317,0.270523361862,0.225625634193,0.179947756231,0.191838055849,0.309015609324
94,0.225049752742,0.234690120909,0.226116141304,0.203931699274,0.217109337449,0.241209082538,0.205770443776,0.182071041432,0.222227716818,0.214696649462,0.198429570301,0.307465934195,0.230523370206,0.233465638012,0.266679801047,0.234861604869,0.251392740756,0.240543900058,0.195729192346,0.272584673017,0.225687583908,0.182388685644,0.192044842988,0.307010512799
95,0.226779565681,0.255442520138,0.21321017947,0.206717724679,0.192692377837,0.195936043514,0.200822646031,0.188047422795,0.209410626441,0.261913470924,0.237371269148,0.304817182012,0.231095558032,0.23304958269,0.267757233232,0.234896233305,0.252358645201,0.241789301857,0.196063777432,0.273806475103,0.224945968017,0.181988323107,0.190725369379,0.30479420349
96,0.227807825431,0.213317312649,0.203155167401,0.244800402317,0.200185524533,0.213413298596,0.251225071959,0.209688965464,0.20958798728,0.236982475035,0.222837226233,0.303552823141,0.231656841934,0.234298070893,0.268396236002,0.235646629706,0.25345095247,0.240023160353,0.197176348418,0.273653067648,0.228065831587,0.181851347908,0.194422561675,0.303142346442
97,0.227785067167,0.214875336038,0.248263596091,0.182584046037,0.20835233957,0.223865201697,0.211888146121,0.255248403177,0.246122003533,0.218650110997,0.22078280244,0.302216811106,0.233380531892,0.237002786249,0.271240316331,0.237566370517,0.255240753293,0.240026179701,0.196745697409,0.277216255665,0.22707410343,0.18133007735,0.192488448694,0.301988460124
98,0.229528973345,0.255599983968,0.243229646236,0.228979291394,0.219461649889,0.154684003792,0.234516841825,0.223363884958,0.190909386496,0.238401200622,0.205081599299,0.300062014721,0.232944479212,0.234241550788,0.270774058998,0.236504834145,0.254596635699,0.242017842829,0.198050027713,0.276256352663,0.228358201683,0.182890594006,0.192727100104,0.299982730299
99,0.229000346269,0.231107008643,0.244043926708,0.212749170023,0.238285110332,0.210615208372,0.201183509664,0.225330190966,0.248018466053,0.22541033593,0.203458000906,0.299245127477,0.235952803865,0.239705970511,0.274041064084,0.24038739875,0.258800130337,0.244495563209,0.201076785102,0.279214579612,0.229152673855,0.185487532988,0.194326389581,0.297756720334
100,0.229906437453,0.222333270824,0.244179642294,0.225159988739,0.241261926014,0.211828145664,0.224012243329,0.208583360538,0.203236741247,0.225866438821,0.226855384186,0.297593643889,0.234948823228,0.237883193418,0.273072861135,0.239072119817,0.257731810212,0.244953162968,0.201161375269,0.277629755437,0.230004750192,0.185370389372,0.193302575499,0.296959750354
101,0.23251264682,0.222861591261,0.234908304876,0.236813705997,0.19889906107,0.248730844818,0.261655657552,0.212710412219,0.202864203369,0.218713831855,0.239001763053,0.2946766112,0.236475069076,0.23900904879,0.274450197816,0.240285715088,0.259010218084,0.245188659057,0.202056203038,0.279714088887,0.231768492609,0.18617525138,0.196515899152,0.294480979443
102,0.233283511363,0.241858428111,0.242508669849,0.231334178708,0.23458231159,0.238534836564,0.215399162378,0.226170879323,0.228797830525,0.183047709521,0.235609512776,0.292961142957,0.238946558908,0.240507336333,0.276765160263,0.241634834558,0.261263299733,0.246151937172,0.203076757491,0.28342673555,0.23511698097,0.184718493372,0.200639819726,0.292880419642
103,0.235146820545,0.228960612672,0.233295456041,0.234468455194,0.212832873221,0.236438593827,0.267099408433,0.251666340977,0.236776920967,0.216788822785,0.257033665664,0.290547725745,0.240408515558,0.242121690884,0.277959808707,0.244070382789,0.263123709708,0.248740246519,0.20553262718,0.284359592944,0.23718961142,0.188484361395,0.202501917258,0.290729045868
104,0.235180505086,0.229349742644,0.272889650427,0.223143441486,0.269751438871,0.242360709235,0.191326881759,0.240287065506,0.262233716901,0.225591579685,0.226787551772,0.28982805647,0.239223672077,0.242486458272,0.279447641224,0.243833178654,0.263579916209,0.248066734523,0.204435089603,0.283439267427,0.234967822209,0.186653472483,0.195350043476,0.289522551
105,0.237284645904,0.261596149299,0.241970076691,0.235998913646,0.212613365264,0.236410485581,0.229688438121,0.236732284771,0.277146907989,0.258044834714,0.209625961725,0.286995350383,0.241879807785,0.243356229737,0.28026458621,0.245047591627,0.26522879675,0.250055560842,0.206316782162,0.285249456763,0.234888872132,0.18810968101,0.200185718015,0.287043340504
106,0.238657332025,0.206705902703,0.25022689905,0.25554287713,0.218303939677,0.184200593503,0.210633036913,0.247613130603,0.257889616303,0.218571623438,0.284756435547,0.285094408318,0.243113571778,0.245284577832,0.281935803592,0.246996594593,0.265886284411,0.250473463908,0.207591792569,0.286845125258,0.238102786243,0.190233582631,0.202861487865,0.285460028797
107,0.239290972706,0.211921126116,0.262832620647,0.232500603655,0.235106148059,0.243747346103,0.229601256317,0.209554269793,0.187392960885,0.289579171687,0.232786575332,0.283581680618,0.244879623875,0.247495282441,0.283641364425,0.248917607591,0.267586693168,0.253470795229,0.207366552204,0.289094626904,0.23956060037,0.190639723092,0.204004248604,0.283497028053
108,0.240742616355,0.249316119123,0.214135215501,0.277331021149,0.242107460275,0.241284147836,0.206540724263,0.227671283414,0.245248474181,0.258617370389,0.241625069873,0.282023251057,0.245731078088,0.248607125133,0.284398533404,0.249821707606,0.268433067948,0.254222793505,0.20997476019,0.28891472891,0.237745380029,0.192429130897,0.202907798812,0.28192191571
109,0.239879504312,0.232408661861,0.24305207422,0.257245480083,0.232677351683,0.199857236119,0.214807346812,0.234488692717,0.278004626278,0.230294707697,0.200958825648,0.281826827675,0.245098508894,0.246462227777,0.282369058579,0.247956860811,0.267776187509,0.251948324963,0.20970116742,0.288426987827,0.240354461595,0.191673213616,0.206920698285,0.280750505626
110,0.242313702591,0.249435292324,0.209700767766,0.241057899315,0.24145282153,0.225375630194,0.243965618312,0.225845972076,0.247797038406,0.227599231293,0.226816630457,0.279184081592,0.246508788317,0.248243292794,0.284793745726,0.249671891332,0.269583433867,0.254193238914,0.211065759882,0.29186982289,0.240598546341,0.192117732018,0.205158155411,0.279119238257
111,0.243826451246,0.208283090265,0.240733196493,0.254502605647,0.225060973899,0.267603542656,0.221234202385,0.263549393974,0.194746079738,0.255685947835,0.228704348207,0.277213845402,0.24835954234,0.249497627839,0.287565011531,0.25225481391,0.271249029785,0.256146430969,0.211575364694,0.292824085802,0.242178820074,0.192875951529,0.207461643964,0.277018141001
112,0.244929168373,0.243511339882,0.270568337291,0.233302765992,0.276704494376,0.256840344984,0.21326458687,0.226634835126,0.221692482242,0.209529394517,0.197276289575,0.275428663939,0.250241041183,0.251787360758,0.289089791477,0.252603432164,0.273325033486,0.258534375578,0.214459810406,0.29289252311,0.244815144688,0.195426434278,0.210228320211,0.275230355561
113,0.245593460277,0.220360859879,0.253536713775,0.265517874155,0.226895253174,0.243837506045,0.271782633848,0.215181637323,0.247611816274,0.261181751266,0.236561456113,0.274246116169,0.249387742952,0.250869946554,0.289337895811,0.252499567345,0.27295338735,0.256115753204,0.214425364509,0.293778322637,0.244618609548,0.193076556548,0.208312673494,0.274065863341
114,0.247611209285,0.236974234227,0.230575185386,0.267228924204,0.245497524273,0.229552431498,0.211984872352,0.264027767582,0.259731566533,0.258116328157,0.207550372928,0.271599830128,0.252896405756,0.255850806832,0.29324170202,0.257150154561,0.277456153184,0.259634746239,0.217851176858,0.297361779958,0.244447663426,0.196730922908,0.208054739982,0.272237323225
115,0.248996753246,0.242447165074,0.201511311228,0.225804401096,0.259088429157,0.247747538378,0.241740286117,0.249345801771,0.220944046276,0.23206147016,0.232608208898,0.270041019656,0.254155181348,0.256727261469,0.293373189867,0.258041970432,0.277593456209,0.261698726565,0.217302335426,0.29986473918,0.248676668853,0.197698183358,0.213201191276,0.270805925131
116,0.248785950709,0.23257908388,0.260534984525,0.224774726201,0.21834128513,0.262018824928,0.223640069831,0.212618071702,0.256244693184,0.241032117046,0.27466705814,0.269975831732,0.253088392317,0.255035620183,0.293730225414,0.258667279035,0.276321321726,0.25883682631,0.216762781143,0.29812624678,0.248705934733,0.195957008749,0.212423413992,0.270597480237
117,0.247757203411,0.257414545631,0.223868497647,0.269705903484,0.227720984956,0.253886511549,0.248128233012,0.230120662833,0.235696649179,0.276271800511,0.248994451016,0.269376933575,0.253395000473,0.254844974726,0.292748976499,0.256528604776,0.27722864598,0.260028906167,0.216938318685,0.298111274838,0.248383248225,0.197461526841,0.212790993974,0.269879475236
118,0.245980329812,0.205229762127,0.232168395305,0.248726679944,0.211455280893,0.234753607307,0.238916025497,0.254284704104,0.218886534218,0.241465785773,0.261719473405,0.271231142804,0.251224339008,0.253554236144,0.293381650001,0.254653189331,0.276838567108,0.255482546985,0.214641593397,0.296862766147,0.245917255059,0.193781042472,0.20378417708,0.270481143147
119,0.246149538085,0.269999745302,0.272888585925,0.21388412558,0.240450444398,0.189245170448,0.237614608603,0.2655831296,0.259648402687,0.198415218852,0.232105316594,0.270323173143,0.25186519511,0.253808716312,0.295143600553,0.256713449955,0.27703166008,0.257135752589,0.215061852708,0.298699833453,0.246354168281,0.192817019299,0.205282010138,0.269728034735
120,0.247265871614,0.222385819769,0.180393719347,0.256991375703,0.270986065269,0.272840775084,0.267338595353,0.252349861898,0.234493153868,0.25322936289,0.215856079478,0.268822653219,0.254680965096,0.255715411156,0.295849207789,0.259307293221,0.279491007328,0.2589300666,0.217692872509,0.300096482038,0.252373617142,0.194582767785,0.215701362118,0.266854766756
121,0.250821419526,0.283887035679,0.272035438102,0.230147491209,0.250257849228,0.271878497209,0.241228435654,0.233333052602,0.223309759749,0.269446085673,0.300644604489,0.265104142949,0.254725366831,0.255972709507,0.292681843042,0.259121673182,0.27811767906,0.261903651059,0.218945432454,0.301897477359,0.250236008316,0.198509596288,0.213672371581,0.264409404248
122,0.251998562366,0.219554806827,0.301179126836,0.267748013604,0.271874961443,0.271528654266,0.228631799808,0.211342747556,0.216704601422,0.234529791167,0.224084806279,0.262482925318,0.258280050009,0.260687513277,0.298873752356,0.262851038948,0.281313851476,0.265328396112,0.220916129649,0.303891338408,0.250905996189,0.20120312646,0.213659698144,0.262222655118
123,0.253788305447,0.250110954978,0.26745171193,0.261840799358,0.286420726217,0.246820376255,0.271608937066,0.246576579171,0.264523819555,0.236660392024,0.229079938959,0.260628228076,0.260475926101,0.261321187019,0.301441576332,0.264065710828,0.284715835005,0.266639886424,0.223769230768,0.307345710695,0.256094468758,0.201719742268,0.217728909105,0.260195173323
124,0.255035861395,0.230271154083,0.204707921483,0.293424858712,0.283644080162,0.253116745036,0.232810558751,0.212409369531,0.255150387296,0.229463883792,0.259568522917,0.259324027225,0.260607808828,0.262260101736,0.302158411592,0.26441420801,0.285299811512,0.265973828733,0.225293848664,0.306591432542,0.25754359737,0.202365292236,0.219269625843,0.258319932967
125,0.259155645501,0.238834018819,0.277752579655,0.272493141703,0.25041215925,0.241509261075,0.236423004884,0.251587454812,0.274829115486,0.242229835596,0.226777532604,0.255573629402,0.263251528144,0.264716845006,0.304288487881,0.266186468303,0.287554733455,0.269427105784,0.227424435318,0.308548107743,0.257720846683,0.204978825524,0.221313238144,0.256318703294
126,0.258144779131,0.242670576554,0.274592237081,0.222559630522,0.257488529664,0.224632878555,0.246243549976,0.230679376284,0.249770357739,0.222766740248,0.266664747964,0.255770450458,0.264379251748,0.265173882246,0.305149033666,0.266560724005,0.288881201297,0.270392615348,0.228797610849,0.308429267257,0.259728590026,0.206042548642,0.224320964888,0.255233947188
127,0.260356063955,0.265152929816,0.254639899125,0.232032261556,0.225912711583,0.234023501631,0.288391323294,0.280845905188,0.276969487313,0.189886205364,0.263793300139,0.253528565168,0.264448881149,0.26565204002,0.306497879326,0.267155772075,0.289580151439,0.269617469981,0.228328349069,0.31001855433,0.258534507826,0.204884072766,0.221752204001,0.253838285804
128,0.261852381285,0.266302754055,0.281540750526,0.219873106573,0.195223876974,0.246859791689,0.240629648324,0.261752241524,0.24942393112,0.234748340212,0.259529589675,0.251927522477,0.265482027084,0.266244435683,0.308677498251,0.269204754382,0.29192360118,0.269216863438,0.228264760226,0.313134029508,0.26059807837,0.203067956492,0.222429106012,0.252792734653
129,0.261393960565,0.26148174936,0.21084166388,0.297009736765,0.205967550166,0.238249936374,0.240416369401,0.239353457,0.25813471037,0.272001180798,0.226096726721,0.251925956924,0.266393300146,0.267789749429,0.308779492974,0.271291041747,0.293083775789,0.27199469693,0.230024782941,0.313963420689,0.261367611587,0.204966666177,0.222397828475,0.252318739891
130,0.261559211649,0.227325582178,0.259278942132,0.231142664561,0.210521937348,0.275907749776,0.266451465432,0.282993894536,0.246484709671,0.239220960648,0.233019913081,0.250929766335,0.26790112257,0.268293388188,0.310178272426,0.270567165688,0.292887698859,0.272839969024,0.231322897598,0.313119128346,0.263840381056,0.206840325147,0.22605820559,0.25012033619
131,0.25960364053,0.25982340984,0.248913149815,0.240636653965,0.284180498682,0.295849190326,0.256954528391,0.182789670769,0.257153033279,0.271620514803,0.238444657763,0.252336048521,0.264517720789,0.264476012439,0.305381335318,0.268460221589,0.289080549031,0.270142743364,0.226034037769,0.311230454594,0.258697127923,0.204643856734,0.222410919145,0.254539571702
132,0.258525170386,0.256960191997,0.222963847686,0.262033233652,0.233392625116,0.271872165147,0.273316585924,0.256857781438,0.251487184782,0.25568936998,0.247042668983,0.253780503292,0.263458631933,0.267906362191,0.310133092105,0.272303091362,0.288784146309,0.264653351158,0.228006958961,0.315742012113,0.26146860607,0.201046710834,0.213256573305,0.253417335451
133,0.260586922988,0.267279297579,0.261013358366,0.285377756227,0.272986529861,0.234142146073,0.238397753565,0.261871270835,0.241203454556,0.240217135986,0.27231153613,0.250653084368,0.266538139433,0.267864702269,0.311209969223,0.271778235212,0.290464211255,0.269513545558,0.228047382087,0.315069910139,0.262772375718,0.204581635073,0.221108477563,0.249820796773
134,0.264154653996,0.265958876349,0.221143097617,0.265821043868,0.261968176346,0.303655282129,0.238177053165,0.276730142068,0.26468910696,0.272638797527,0.250084850937,0.247344995383,0.268600732088,0.267040267587,0.310882419348,0.271101364866,0.293764200062,0.272868355736,0.231795558706,0.314913466573,0.262220529839,0.205799760297,0.223858742043,0.246713439003
135,0.26643569814,0.271900568157,0.289676359389,0.230323956348,0.302390059456,0.268173570395,0.223639284959,0.268025681842,0.276916440576,0.199614401674,0.266473549418,0.244389042258,0.272738613188,0.273511257023,0.315808143467,0.27647103928,0.297497566789,0.275429472327,0.23591796495,0.319875080138,0.26820079796,0.210144652054,0.229659503326,0.243891352788
136,0.268235021271,0.238844103646,0.257339735981,0.29378734529,0.287156852428,0.300787663087,0.247603543568,0.306836260483,0.287132262718,0.275566691766,0.208866923116,0.242677460425,0.274222251028,0.275171453133,0.317523851991,0.277850437909,0.300181817263,0.278350710869,0.236410267651,0.320407144725,0.268866540864,0.210798120126,0.229140004143,0.242332048714
137,0.267557362095,0.23201907333,0.277991008013,0.256529664621,0.253648983431,0.24401190225,0.276216697413,0.250222371425,0.231804620475,0.296211490408,0.246963550802,0.242948135827,0.272752780467,0.273796519265,0.315567687154,0.276712536812,0.298434305936,0.275699418038,0.234758589417,0.320333261043,0.269561270252,0.208490848541,0.232100127265,0.243457712233
138,0.270343439654,0.301363701466,0.285226590466,0.274740351131,0.269389850553,0.241799268639,0.248782974668,0.249842690537,0.270840141457,0.249228734407,0.262988154776,0.2404739419,0.276696715504,0.278124274686,0.319598063827,0.280980676413,0.302616454661,0.280808888376,0.238898480311,0.325266040862,0.269414482638,0.212425028905,0.230554427952,0.24004281126
139,0.271889440715,0.260988535476,0.274615589529,0.264606753364,0.246149849147,0.221890331944,0.205422997358,0.283260081429,0.255828572204,0.274310146458,0.270150803495,0.238372955471,0.278807144612,0.279731340706,0.322488069534,0.281566174701,0.304761718959,0.282509364188,0.241833854467,0.325298000127,0.272743685171,0.214932085946,0.234362408519,0.238434761763
140,0.27382452134,0.268947013188,0.212555008708,0.285320102703,0.296044667251,0.296411382966,0.268893738976,0.288213231135,0.272620867938,0.246997079812,0.284060555045,0.23687720811,0.27924984321,0.279482237995,0.322431717068,0.282366236672,0.305473748595,0.280960716307,0.242740890011,0.326425865293,0.274130150676,0.21342902258,0.236105043441,0.236792588606
141,0.274849105626,0.278600025922,0.234097495326,0.282713858411,0.281698557548,0.27656630706,0.274140922586,0.272035564762,0.251269400585,0.224284131196,0.286935613025,0.235496804118,0.280427783728,0.281083919108,0.323024313897,0.283755293116,0.307355999947,0.28414895758,0.243293473497,0.326999731362,0.275891566649,0.214480595663,0.238341528922,0.235865497962
142,0.277090885676,0.269232484279,0.251924139913,0.280105109327,0.288904598448,0.245497514727,0.275350056821,0.305392636452,0.266424103873,0.235272482503,0.216930143535,0.233559860382,0.282039038837,0.282598119229,0.325806956738,0.285034785047,0.308287739754,0.284609347582,0.243597989902,0.329873722047,0.275676501915,0.216262560338,0.237396903336,0.23422720097
143,0.276924479753,0.228563480312,0.282796553336,0.302155001089,0.259373733308,0.305175932124,0.258790307213,0.27424208587,0.24213038059,0.275296458509,0.268465371337,0.233099801,0.283451162279,0.283409556374,0.32562604174,0.285579327494,0.310365147889,0.287691559643,0.24634805508,0.330914352089,0.277951756492,0.21847060509,0.23995947279,0.233406729996
144,0.272920913529,0.315383616835,0.305787156802,0.285051360726,0.262922385242,0.232728659525,0.265113553032,0.248170259176,0.278417941649,0.258660990628,0.267581590451,0.236833617091,0.275982435793,0.274634853005,0.319122795016,0.279796857387,0.300096120685,0.279535602778,0.239318197593,0.320306632668,0.274136010557,0.21210571751,0.238740613684,0.238927736878
145,0.268718596548,0.274907053448,0.28369744774,0.293771769386,0.305435862858,0.2360619104,0.249104339862,0.248381623882,0.255209362833,0.259995953413,0.257699437905,0.239252729341,0.275981172919,0.275710470974,0.31761701405,0.282001633197,0.304690595716,0.281508740038,0.235816255212,0.325180582702,0.275433562696,0.20714286156,0.23495301418,0.238915737718
146,0.271806859411,0.228485048399,0.246389358304,0.281360649504,0.253043288831,0.28074886906,0.256629454438,0.284013194498,0.253896653419,0.258546419675,0.29053942801,0.236867662054,0.276506371796,0.274917535484,0.321038559079,0.282184157521,0.302886843681,0.275368478149,0.238673316315,0.331145279109,0.278162898496,0.206370547414,0.2244178541,0.236045846716
147,0.274652219377,0.240463023074,0.291933556087,0.229507423704,0.302818580531,0.289191980381,0.305482917931,0.275487405714,0.276282432489,0.246052066213,0.279495148454,0.233559115324,0.28157274425,0.281917635351,0.328506127,0.28549974598,0.308847159147,0.282137162983,0.245649265125,0.331693463027,0.279329312965,0.213903414086,0.234017493203,0.232466340065
148,0.277300198562,0.256445256062,0.284024851862,0.293221621774,0.27260250831,0.271020590095,0.272284078877,0.292440521531,0.268497243058,0.273842530791,0.223790400662,0.230855787173,0.284048847854,0.285107340664,0.330893952399,0.287835277617,0.312019582838,0.285672087222,0.248600227758,0.334269110113,0.27958871983,0.218819662929,0.234975785017,0.229675583541
149,0.279958512168,0.300875518937,0.27004798688,0.270588664105,0.254134938587,0.260388514376,0.262961876113,0.224822097924,0.217837224714,0.309881149326,0.303005285095,0.228232809342,0.287788927555,0.286513241008,0.331568591297,0.28999376297,0.314743760973,0.28902111575,0.250224882737,0.337067287415,0.28231886588,0.219845578074,0.243567559868,0.227548087016
150,0.281796715688,0.263547951588,0.276791360346,0.286355691496,0.255008043023,0.291697227862,0.28906757338,0.240240830695,0.257710738573,0.313818427734,0.257633396424,0.226756424177,0.288976233453,0.287707677111,0.33371135965,0.290216872469,0.315691057593,0.289733439684,0.2517964039,0.338184185326,0.284990431741,0.220719421282,0.246825618669,0.226045440882
151,0.282786854543,0.2350301689,0.279764770065,0.25530519092,0.282558148028,0.321417397819,0.281469488516,0.297273349948,0.273209591396,0.291808445007,0.281435459387,0.225548445713,0.289663501084,0.288857391104,0.334495548159,0.292688047513,0.31623314321,0.29151853919,0.250199291855,0.338841214776,0.285290811211,0.221204707399,0.245116803795,0.224848845974
152,0.286159188487,0.31830516737,0.272180419415,0.324989843648,0.266649525147,0.322242652532,0.259314742405,0.307408777066,0.284863025416,0.2914907909,0.276562027633,0.223157549743,0.291513506323,0.290587110445,0.337147321552,0.293201757595,0.31736632064,0.291695747524,0.252904981375,0.341390185058,0.286275526509,0.222328294069,0.248079460114,0.223189087585
153,0.287038256414,0.295795074664,0.258028153563,0.265369081404,0.280814416707,0.25881575793,0.288031923119,0.295241794549,0.254038009793,0.257690480445,0.292577674612,0.221725866664,0.294213850051,0.294518886134,0.339467760175,0.297233674675,0.322127081454,0.295157950372,0.254577456042,0.34388275817,0.287656918168,0.223729431629,0.248699169606,0.22214413248
154,0.289216396399,0.301904856693,0.254148450214,0.24979485583,0.308378741611,0.295782675967,0.292650871444,0.259094937472,0.305168221239,0.283109174808,0.25982336374,0.220337164123,0.294781621546,0.29462053813,0.340956766158,0.296890875325,0.3225505054,0.294996950775,0.255582956597,0.344276759773,0.290741499513,0.224352683872,0.25196374394,0.22086276859
155,0.290217963047,0.245618400164,0.286327600945,0.245032201987,0.318946998566,0.290048294701,0.269544770475,0.298739174847,0.265908244532,0.285678106127,0.286126783583,0.219023225829,0.296956017613,0.296833965927,0.34219424054,0.299365535378,0.32433905825,0.297722049057,0.257237402722,0.345824677497,0.291382666677,0.22675521113,0.252923041582,0.219566745684
156,0.292574868537,0.329084172845,0.235904480796,0.303564993199,0.30036685057,0.270347173908,0.264926295029,0.249746152665,0.297596597811,0.267044546083,0.289929887746,0.217519414145,0.29822261259,0.297895135358,0.343613896519,0.299858678132,0.325473900884,0.297230314463,0.259570132941,0.347299292684,0.293368356302,0.227229559794,0.256212480366,0.218403181061
157,0.292778436095,0.288828025572,0.312339378521,0.269460320938,0.269510783721,0.305416226387,0.296392285731,0.313394664787,0.255548022455,0.297493404243,0.249311078805,0.216964016668,0.298632636666,0.297717953101,0.343824699521,0.299607828259,0.326120648533,0.299460150301,0.259249519557,0.347323421389,0.293548546731,0.227874977514,0.256235949695,0.217344816774
158,0.293190298602,0.28219714947,0.314285718137,0.300869905856,0.269945532549,0.290947146248,0.257337425835,0.300844300538,0.257196980645,0.301179502159,0.292513000779,0.216329296585,0.300349924713,0.300535738468,0.345807034522,0.303010238335,0.327631015331,0.300685305148,0.261259978637,0.34931665659,0.295192155987,0.22964294441,0.257960844785,0.216757601127
159,0.294256856665,0.308470331598,0.270521847066,0.285291071981,0.249866418657,0.276675057132,0.306012898916,0.271771351807,0.271557365544,0.274822860025,0.277122052852,0.215193452314,0.300134021789,0.300777763128,0.347175069153,0.30387772806,0.328297812492,0.299976814538,0.263563416898,0.34981893748,0.291829189286,0.230605645105,0.251491000876,0.215439649299
160,0.296307494864,0.294819420204,0.280332202557,0.30211794097,0.254889246542,0.274700130802,0.29840174038,0.335453712381,0.276074456982,0.305661947001,0.260609310586,0.213390711229,0.302495412529,0.30227300711,0.348727509379,0.303712742403,0.330945733935,0.302014548331,0.264142543077,0.351215496659,0.29733674787,0.231496118009,0.258438931778,0.21391366981
161,0.298244452104,0.291801244486,0.296120337327,0.315718685277,0.29393802397,0.294309076387,0.32158931531,0.309184261132,0.314772225451,0.266610075254,0.194545250852,0.211802802049,0.30438991636,0.304166464135,0.350728016347,0.305599534884,0.332301773131,0.304654832929,0.265383196995,0.35385325551,0.298024538904,0.232315134257,0.259841006249,0.213092325255
162,0.297783970833,0.291965809767,0.256557791494,0.30253994558,0.256990255555,0.244705633726,0.336139558814,0.301035951823,0.279605899472,0.298524154816,0.283274017507,0.211769285146,0.306149348617,0.306721357629,0.353747900575,0.308253685012,0.333833824843,0.304311409593,0.266684824601,0.355269879103,0.303563034162,0.23316331394,0.264336591586,0.212562095374
163,0.297891931608,0.282284323592,0.30615345249,0.300577603281,0.333688953426,0.312069287291,0.294863184448,0.237326114671,0.284586989786,0.25152436248,0.297434923472,0.211502203718,0.304948844016,0.30486574769,0.352031104267,0.308198079467,0.333904568106,0.302808046341,0.267258096486,0.353693775833,0.29859565571,0.23384328559,0.259242450818,0.211508579552
164,0.300847244449,0.267281076638,0.283348514698,0.289599703276,0.30416833004,0.273623144254,0.293767688097,0.298281512223,0.310589615488,0.29690305749,0.270380050177,0.209291533101,0.306643974036,0.306230904534,0.353381156921,0.308875540271,0.334570657462,0.304574497044,0.267376316711,0.356707107276,0.30241853185,0.232098676264,0.263601876795,0.210169294849
165,0.302415576763,0.261546841357,0.275840048445,0.367720304988,0.257822289597,0.286357295699,0.293160318863,0.281961887842,0.29346837732,0.290116318502,0.305492623709,0.20817446569,0.306284837425,0.306204618886,0.353529047221,0.308822436258,0.335101783276,0.305544693023,0.267706928775,0.356762297451,0.302228525281,0.233828255907,0.261140426621,0.209389938042
166,0.302105011418,0.281357185682,0.296089973301,0.256442015525,0.338958117645,0.286657107994,0.316862341482,0.324875727296,0.289488897659,0.28665597504,0.269295443548,0.207800654229,0.307792402804,0.307012939826,0.355820868164,0.309143096209,0.337444111705,0.30721225217,0.26945867762,0.357954736799,0.301857117563,0.234408291057,0.2623892501,0.208503998816
167,0.305011869408,0.31260158401,0.311000654474,0.254925456131,0.331148091704,0.332161288708,0.321632777341,0.2447682044,0.276846382767,0.291747615207,0.297370052431,0.206102111377,0.309927754104,0.308686535805,0.356359295547,0.311600282788,0.337974905968,0.308395016938,0.272054551169,0.359718602151,0.304729029536,0.237642614171,0.267123075202,0.207616712898
168,0.304466014728,0.280992212938,0.295881091151,0.264420125633,0.319117255975,0.331066970015,0.31805072492,0.281700760825,0.312997281086,0.262789238244,0.304607854225,0.206361789722,0.308632135391,0.307591997087,0.356682218611,0.310944085941,0.337338674814,0.30772189796,0.269840443507,0.359179709107,0.301317680627,0.236295450479,0.261136362329,0.208314295858
169,0.304561200552,0.36217829911,0.304029385326,0.272511071176,0.328403612599,0.305203349795,0.22095254052,0.270197149832,0.303689666209,0.313421768602,0.287784092594,0.206459517591,0.309654042125,0.30845775269,0.356855150312,0.311950430274,0.338490720838,0.307439405471,0.270448930562,0.360550392419,0.305533144623,0.234543414786,0.266200060025,0.20655156672
170,0.305576768704,0.287623322569,0.307461196557,0.349929333664,0.255284968996,0.281343742972,0.309504981386,0.304400149966,0.30006785458,0.347080715001,0.30865592137,0.205036741681,0.310157526284,0.309606123716,0.358957055956,0.313396628946,0.339499689639,0.308043189347,0.273313054815,0.361480101943,0.299573311582,0.236229358241,0.258673511446,0.205711662769
171,0.305100740865,0.314154722961,0.289617839269,0.315029974096,0.301263161004,0.290298013715,0.271955950884,0.279501919635,0.304170432966,0.319961275905,0.264025081415,0.204533326905,0.31196866557,0.311257407069,0.360164605081,0.314508488402,0.341308318079,0.309591386467,0.274472219869,0.363320976496,0.30514295958,0.236200001091,0.265087747946,0.204332241789
172,0.308244542219,0.279220974073,0.232560720178,0.317249401007,0.331490864977,0.2796088045,0.353651464917,0.298310853075,0.289124441566,0.284209573874,0.308857836761,0.20261624502,0.313063874841,0.310519199818,0.361326992512,0.313720038161,0.341749183834,0.308534834534,0.274951852858,0.363251570612,0.306522468105,0.237348334864,0.266635857522,0.203745014966
173,0.309502071701,0.258011360886,0.269592446042,0.284404556267,0.334988255054,0.246094678296,0.29367851303,0.315538585186,0.254473825917,0.272423242684,0.321931649232,0.201462310273,0.314947448671,0.31430763565,0.363458074629,0.316884662956,0.343875534832,0.31113480404,0.276595070958,0.365645185113,0.308951981366,0.239365851507,0.269234906882,0.202112399042
174,0.312023798004,0.320717620663,0.322182473727,0.293057449628,0.268821088364,0.307872971054,0.328624060843,0.295709536411,0.31742694322,0.262826625491,0.343419421464,0.19962247042,0.317194074392,0.316277211532,0.36501076445,0.320039860904,0.347068678588,0.313224323094,0.278662383556,0.369491193444,0.310527378693,0.241136254743,0.270116528496,0.201287956908
175,0.312683759257,0.296884058043,0.329864186235,0.364056605846,0.303396907635,0.324521719012,0.318850943586,0.261888959212,0.281085804105,0.320342535619,0.271592335775,0.198947159108,0.318468920887,0.317810982466,0.366197485477,0.319783670828,0.347197439522,0.315077789128,0.279245983809,0.368888858706,0.3128591571,0.242630017921,0.27410540916,0.200389932841
176,0.313107085414,0.299329555128,0.278812240111,0.329346429557,0.259016552242,0.283984295093,0.309686935507,0.281097837957,0.307674798183,0.26348045771,0.294987460482,0.198147888761,0.320274725556,0.31929185614,0.369239628315,0.320987764746,0.350197799504,0.31824201718,0.281348362565,0.371040582657,0.313233891502,0.243845855817,0.272897589952,0.199061404914
177,0.314755944535,0.318629764952,0.321263075573,0.295435659122,0.317339732312,0.26728523802,0.334770571906,0.293929673266,0.311821646756,0.314981115051,0.300038732705,0.197368823923,0.320716284215,0.319692214951,0.369394619018,0.322056597099,0.350372076035,0.316400889307,0.28191161342,0.371596239507,0.31490935199,0.242565818131,0.275163499638,0.198068942875
178,0.316511907615,0.306853326969,0.337098729331,0.332724157721,0.264776665485,0.343709213659,0.295881547499,0.312489686999,0.286591023672,0.313268929254,0.326157133095,0.195954475086,0.321664411575,0.320317713544,0.371202994138,0.323276618496,0.35189197585,0.316233366728,0.281387824565,0.374481905252,0.317439077422,0.241598773748,0.276542546228,0.197414303198
179,0.317068745382,0.29447494261,0.262144634034,0.352675466333,0.290038291365,0.263723758748,0.282918826211,0.318146630656,0.276054932037,0.312093974091,0.322498055641,0.195040748455,0.324795093387,0.323939898983,0.373217143118,0.326277380809,0.353972617537,0.319763228297,0.285094859079,0.375555064529,0.320461511612,0.24623102881,0.282044749707,0.196257807314
180,0.317919330671,0.285421256209,0.265702959383,0.326153352391,0.321876243223,0.296057087951,0.35598122701,0.293516715406,0.332502512727,0.291045113001,0.309626875911,0.194284537807,0.325548645109,0.323747120798,0.375315923244,0.326311798766,0.355912744999,0.321488481015,0.287243613973,0.377656374127,0.320791518316,0.247203875333,0.279533673078,0.195682115853
181,0.320197810419,0.353935388383,0.285313705914,0.332812158158,0.32762432145,0.293125193799,0.31654978171,0.345023666508,0.328813220607,0.286267545773,0.298462281469,0.193085625302,0.325462792069,0.324845202267,0.374991152436,0.326934546232,0.356001127511,0.321845337749,0.287001548335,0.377065733075,0.319928606972,0.247361162677,0.279192356393,0.194588750601
182,0.320993821137,0.320384406019,0.252940008184,0.29745432362,0.316112252418,0.315558557864,0.334211532958,0.272437047679,0.297275738791,0.269259232795,0.296381890541,0.192167622503,0.326811537147,0.325887186453,0.376617278904,0.328671120107,0.35683100298,0.323301546276,0.28641885519,0.378886803985,0.321687150747,0.247525999323,0.28112012893,0.193318502977
183,0.322896123864,0.339171431027,0.27582002664,0.300211515045,0.302001031581,0.32301912969,0.369461354334,0.320176795125,0.288325988688,0.278926353436,0.325316638686,0.191193326376,0.326933205128,0.324183842167,0.377405799925,0.327927924693,0.356958918273,0.321429342031,0.287020742893,0.379618473351,0.320809489116,0.246353220195,0.280346149579,0.193625915796
184,0.322601756081,0.33150266204,0.27617287985,0.346654277295,0.300601096125,0.305491517065,0.269042302738,0.300932393875,0.309002053458,0.296525144484,0.296843716875,0.191201889422,0.327949129045,0.325230171904,0.378543686122,0.328063338995,0.358618203551,0.322504661977,0.289454706013,0.380303025246,0.322722641751,0.247409688309,0.282107766718,0.19207489863
185,0.325748668052,0.328079988249,0.331221337197,0.301418086514,0.300276336027,0.325575329829,0.301654940704,0.313810923137,0.316031510942,0.337859470397,0.33377194521,0.189028397668,0.330422695726,0.329089827836,0.380820348859,0.331172371283,0.360663376749,0.325272530317,0.291680725291,0.381719652563,0.324950683862,0.251075884327,0.284782100469,0.190949954093
186,0.324729716405,0.337214753497,0.302842083853,0.295084615704,0.339497663081,0.355527051724,0.304988257121,0.308954115026,0.262845054734,0.275922905188,0.318838109728,0.189209279139,0.331396572292,0.329912938178,0.381266441196,0.332557469606,0.361084770411,0.325894266367,0.292639113963,0.382488947362,0.324024705216,0.252365296707,0.28400798887,0.190515771508
187,0.325305130333,0.269889605232,0.311521097086,0.31080781389,0.292614380829,0.312665573088,0.309698776808,0.347107657231,0.364149223082,0.334042981034,0.262428694637,0.188729651272,0.333153374493,0.331628838554,0.382854118943,0.334113121033,0.36318314448,0.325706504285,0.29386754334,0.38476375863,0.328659966588,0.25288660638,0.290363609791,0.189540542662
188,0.32907128986,0.324768151157,0.31360647874,0.308110394981,0.285586988786,0.314213426784,0.32476062607,0.306130061857,0.307313488331,0.302113974001,0.287861731602,0.186525191646,0.333666585386,0.332820205018,0.384292211384,0.336251584813,0.364275932312,0.32741496712,0.295352395624,0.38571850583,0.326682178304,0.253757063299,0.284703865647,0.188768263906
189,0.328907076269,0.288331852295,0.359495746437,0.305922689848,0.334241746925,0.303532789461,0.257453979691,0.337802970782,0.345139875542,0.358152099187,0.296934163896,0.186176560353,0.334016706795,0.332361685112,0.384906176478,0.336209628731,0.363899923861,0.327608302236,0.293668081984,0.384959407151,0.330721490085,0.252524772659,0.29137474671,0.188258901238
190,0.331375224516,0.333838900551,0.325574144023,0.351604796946,0.313544791657,0.254235676024,0.311236919835,0.317546260543,0.360222300747,0.357481960207,0.361094280146,0.18465979863,0.33743455261,0.336161985993,0.387860618532,0.339177943766,0.367883484811,0.331395644695,0.29747713916,0.388540171087,0.331004731357,0.255488837138,0.290964595973,0.187047122046
191,0.331482914276,0.322045515757,0.360925756395,0.363711562473,0.315005626995,0.31615832774,0.322768593207,0.330926363356,0.329684746452,0.297672199318,0.301203641575,0.184436567128,0.338257975876,0.336975030601,0.38868176192,0.340454738587,0.368924058974,0.332596320659,0.29786751233,0.390872687101,0.331016395241,0.255764141679,0.29064007476,0.18621702306
192,0.331160013564,0.287167802453,0.370087243617,0.356262291782,0.33330502687,0.316050460562,0.312881174963,0.248264822178,0.340770761948,0.331298087258,0.325046760263,0.184239468537,0.33752913028,0.335810394958,0.387806147337,0.339206499979,0.368599738926,0.332638956606,0.299378627911,0.38873045519,0.329405447468,0.256836108863,0.28871216625,0.18556763418
193,0.33354251273,0.264614389045,0.355120402761,0.353318877053,0.293719331035,0.339819725137,0.305540925823,0.317224260885,0.326740832301,0.305281195324,0.344571695663,0.182747734711,0.338986314833,0.335737001151,0.388765115291,0.340346824378,0.368625495583,0.33359047398,0.299587126821,0.389876987785,0.334595374763,0.257449226454,0.295592535287,0.184599062428
194,0.334984964691,0.281723563094,0.323550949339,0.377770926803,0.30706110294,0.327176663093,0.300907056546,0.345404017717,0.3783269329,0.285083011258,0.299430104671,0.181580058299,0.340854968876,0.338382020593,0.391395047307,0.342329591513,0.371686093509,0.334236118942,0.301451520994,0.393108472228,0.334439583123,0.258658338338,0.295009434223,0.183543212712
195,0.337230464444,0.317681193352,0.355716401711,0.344986435724,0.31971372338,0.300791518763,0.299148743507,0.350162763149,0.268908117898,0.345133061055,0.382157669403,0.180239583831,0.342937041074,0.341253796592,0.39348012954,0.3441454079,0.373988647014,0.336038380861,0.304168911651,0.39511853084,0.336016863585,0.260356804356,0.295327208936,0.18293277733
196,0.338313167915,0.364801303018,0.307640051004,0.325152727775,0.293157836189,0.377414395101,0.304214490578,0.286292826291,0.314376703929,0.365792782977,0.355605224147,0.1797830672,0.342235635966,0.339279578999,0.392943695188,0.343021923676,0.373304214329,0.334951344877,0.303507285193,0.394530739635,0.336279276758,0.259022349492,0.297333188355,0.18258437328
197,0.337915218435,0.334390986245,0.352894734591,0.349025494419,0.328933301615,0.264442841755,0.369171192404,0.335781582864,0.251572282286,0.367504932918,0.339797059074,0.179664527066,0.342596739531,0.340048078448,0.393937416375,0.343650460243,0.374230045825,0.332291219383,0.303283397108,0.395306646824,0.33835176751,0.258062018082,0.298945907503,0.181942036375
198,0.339267540723,0.296176684089,0.348389562219,0.311702693347,0.374253025278,0.281470906921,0.303013246274,0.340782653075,0.269628483336,0.352650966961,0.33065899089,0.178844636772,0.346481855959,0.34590132907,0.397351436317,0.349336206913,0.378228861839,0.339737728238,0.306072251871,0.398680381477,0.335813533515,0.263062108308,0.296244148165,0.18140524067
199,0.340426027775,0.371319175698,0.346501462627,0.30185046047,0.331137866247,0.287421771092,0.368004584685,0.293463543523,0.370680198539,0.296737762168,0.321170371957,0.178036815487,0.346104312688,0.343277225271,0.397031087428,0.346915569156,0.377107143402,0.338613003492,0.305803034455,0.398361753672,0.341372296214,0.259651580825,0.301703840494,0.180199809372
200,0.324301769026,0.314152037259,0.289292381611,0.355887096142,0.305558899418,0.312076661969,0.307407480665,0.256900844863,0.32172931172,0.329425468575,0.283786259592,0.189887612127,0.332265205681,0.331713568419,0.383684560657,0.339871125296,0.352044537663,0.322004538029,0.283688561991,0.390045814216,0.321694325656,0.250187696889,0.283167110756,0.188673710451
201,0.326775219291,0.309997951612,0.286537876585,0.283117922023,0.360653358046,0.339981814381,0.294089198112,0.322519201785,0.31539076753,0.317559158895,0.271735019982,0.186209127307,0.338593475521,0.334709720686,0.39004624635,0.342257009819,0.369289547205,0.327488869429,0.298676455393,0.394611213356,0.331529581919,0.252009363845,0.287648048252,0.183159172535
202,0.335255912505,0.320492891129,0.333820869215,0.377043839544,0.285597964423,0.330239052419,0.327217741404,0.305997804739,0.354756732471,0.346556417644,0.300076884334,0.180257743225,0.342006076127,0.338671471924,0.395703967661,0.344264971092,0.372864983976,0.331109158695,0.301389632747,0.395326562226,0.340723216534,0.253735383973,0.295891419053,0.180173849687
203,0.339628559537,0.304892483633,0.28624531813,0.345560500398,0.344766054535,0.372826802544,0.331754693761,0.325192555552,0.350788985379,0.298202750739,0.291246288922,0.176973896567,0.348996974528,0.345328409225,0.400934308767,0.349525906146,0.380695462227,0.337954360992,0.309257820249,0.4012940377,0.34616066888,0.260137511417,0.305218864232,0.176819015294
204,0.343883660622,0.326653028838,0.324372105533,0.377481300849,0.354931695852,0.311989638954,0.327722993214,0.350305039436,0.309298451524,0.329449851997,0.278477581218,0.17447967967,0.350946690887,0.346444062889,0.403142653406,0.350823860615,0.382296372205,0.340484954417,0.311874931678,0.403860710561,0.345676705241,0.262299792841,0.305277302861,0.174956519157
205,0.346033102833,0.322749687359,0.328150492627,0.347898283508,0.36088712886,0.347511977423,0.382108651102,0.299099072348,0.316592079122,0.295826408081,0.27918903809,0.172754300758,0.353930834681,0.350955110043,0.405736871064,0.353282418102,0.385203287005,0.34345773235,0.314332438633,0.406919319183,0.347026072443,0.2652642373,0.307405397296,0.173463262618
