epoch,jaccard,loss,val_jaccard,val_loss
0,0.0698023024373,0.718540425484,0.0640045721577,0.674045067281
1,0.0808284649482,0.648952970138,0.0637134397618,0.643336718902
2,0.0817259163238,0.623021052434,0.0636623868312,0.627415526658
3,0.0833576490673,0.60726211392,0.0652217110371,0.618013545871
4,0.0856605342661,0.597496585204,0.066566670925,0.612311640754
5,0.087110515254,0.591957761691,0.0666184028448,0.605545187369
6,0.0868464454722,0.5844218708,0.0673135257919,0.601682910696
7,0.0886608195993,0.579313486814,0.068485797622,0.597157394513
8,0.0887741030982,0.575204844658,0.0672714228382,0.591097228229
9,0.0860040589021,0.577694131778,0.0679700016362,0.588846711442
10,0.0884813821087,0.568904652045,0.0684921946387,0.584294157103
11,0.0862234819394,0.568363707799,0.0679125013982,0.579368699342
12,0.0904284923409,0.556528941943,0.0704296406657,0.576611481607
13,0.0931018394633,0.55212569466,0.0699625381068,0.57069430314
14,0.0913737189884,0.547149642156,0.0703537625797,0.566306093708
15,0.0935188852824,0.545084086748,0.0713393907848,0.562374817207
16,0.0916728350119,0.541544441993,0.0704519974582,0.55756559968
17,0.091242468701,0.537689291514,0.0720546239088,0.556275201961
18,0.0923634046832,0.53559629963,0.0706001743803,0.550325948745
19,0.0928670516094,0.52982434745,0.0728528129703,0.547003114596
20,0.0940286243478,0.525172006625,0.0725730620027,0.54293881543
21,0.0958621145154,0.520261197136,0.0735047892932,0.539696853608
22,0.0949437861832,0.51851544128,0.0734599875475,0.534795006737
23,0.0951322616579,0.513208033947,0.0743526300996,0.532391065732
24,0.0984664247013,0.506871655583,0.0753831103709,0.529720684513
25,0.0993981192318,0.502527885712,0.0749531717885,0.524203119799
26,0.0981936682589,0.501781882002,0.0753976787354,0.520803231746
27,0.0970968118367,0.50220567905,0.0735375071552,0.515995295718
28,0.0961339271699,0.496554672718,0.0765535421492,0.514151009731
29,0.101800906615,0.491834415839,0.0747018835408,0.510029258206
30,0.0959834731542,0.488789862165,0.0759974896011,0.505995115265
31,0.0986489745287,0.487770705269,0.0773873811,0.503734457307
32,0.102090118739,0.479441115489,0.0769241905947,0.499137504958
33,0.0994001662788,0.478101276434,0.0785711122135,0.49823234044
34,0.102580168786,0.475204458603,0.0762423639158,0.491693027318
35,0.0981371078927,0.480160356714,0.076900171007,0.489256126806
36,0.0990123841195,0.470597009246,0.0784964834572,0.488039692864
37,0.10315849718,0.464476062701,0.079011375807,0.482859010808
38,0.101507011801,0.462678151635,0.0802329163384,0.482763551176
39,0.104346061555,0.458665584142,0.0795733108205,0.476073806174
40,0.10417314017,0.453764863885,0.0816538656087,0.475649589673
41,0.107581427607,0.448934111458,0.0804557152005,0.469378326088
42,0.107028766177,0.447779198106,0.0810992066164,0.46750879474
43,0.105813946718,0.443463112299,0.0829908052442,0.466047503985
44,0.107939545638,0.44050050928,0.0813103215322,0.460494888946
45,0.110638674062,0.436698089425,0.0796720174989,0.45690721646
46,0.106950932111,0.435544461012,0.08348349197,0.456286435015
47,0.110728246375,0.429710289607,0.0840356441071,0.453372810967
48,0.111529100686,0.427436789641,0.0836210381923,0.449787706137
49,0.111912063108,0.423009180106,0.0829975431468,0.445170142688
50,0.111645633212,0.422550066159,0.0820893584961,0.442642767914
51,0.109114328686,0.420666978909,0.0859897316838,0.441818050109
52,0.116330164843,0.416899348681,0.0804731541527,0.438435047865
53,0.108692560918,0.4154505936,0.0870381316423,0.438083932735
54,0.115002089825,0.415638046769,0.0846324125985,0.434542245232
55,0.111339479398,0.411257746128,0.085804523052,0.429633110762
56,0.11427868129,0.40551103193,0.0862556671004,0.426435408182
57,0.114745211716,0.403978395921,0.0876070770287,0.424855896272
58,0.114990701469,0.398918267626,0.0899744977889,0.42377891764
59,0.117309263263,0.397193341301,0.0869212289499,0.419064350426
60,0.119530450266,0.391147606648,0.0904885368161,0.418605594896
61,0.121028052213,0.38899375269,0.0885366918601,0.414447770454
62,0.116871748764,0.391234543461,0.0898826149639,0.4130578693
63,0.119003526007,0.385671584652,0.0897315564091,0.409218279645
64,0.120390088512,0.386219959993,0.0913975378477,0.40795840323
65,0.116413568935,0.383973435714,0.0935924932642,0.409917859361
66,0.124261168906,0.377297314314,0.088617114769,0.400179912336
67,0.120159028958,0.376988013203,0.0931242964555,0.403108045459
68,0.12245688874,0.372955525151,0.0917393675977,0.396070125513
69,0.124446554109,0.369727375416,0.0914013813548,0.39381445013
70,0.125560344985,0.365696150523,0.0946383932521,0.394059176557
71,0.123814248122,0.365335158431,0.0959179130833,0.394596455619
72,0.127962528656,0.363212751654,0.0904705323675,0.385345823132
73,0.122601986505,0.362299499603,0.0951617585424,0.387061252259
74,0.126901121953,0.356948430722,0.0949788521524,0.382628649473
75,0.128415664801,0.354394038136,0.0967077570498,0.381056565791
76,0.128737400071,0.351976805008,0.0949292182988,0.378868097439
77,0.129480614685,0.34832234566,0.097355756049,0.377867313102
78,0.129411311104,0.348966863293,0.0954986716233,0.373413500376
79,0.132623853878,0.34365915679,0.0964672073967,0.371819693595
80,0.133068740941,0.34054369766,0.0967521686925,0.369072631001
81,0.132807570868,0.339001586804,0.0998763162879,0.370780341327
82,0.13194476899,0.338229946219,0.0958822160878,0.363440156914
83,0.131789639449,0.338383671183,0.0966477544664,0.363450706936
84,0.133181061023,0.335103659676,0.0980991440954,0.360321065411
85,0.134258253643,0.331189360756,0.0993760474655,0.359350254759
86,0.135976243764,0.328342912289,0.101906008466,0.357994521037
87,0.137836388384,0.327928261115,0.0951303358336,0.353071163408
88,0.137594870936,0.325310777013,0.100541858667,0.351630685851
89,0.135561807224,0.322319637124,0.10282181633,0.35417330917
90,0.134839234014,0.323980687903,0.0998053746887,0.347833174281
91,0.141257854895,0.318001278318,0.0989115721898,0.346834594384
92,0.139263084015,0.316028182323,0.104408157945,0.347740563564
93,0.140278694721,0.314051269339,0.104653917275,0.345321129076
94,0.142191184828,0.311749129341,0.101996455012,0.341543929651
95,0.141944593678,0.31403068625,0.0992490383569,0.338499668054
96,0.134175128518,0.316544402104,0.105497148714,0.342365881428
97,0.139354053312,0.313161633336,0.100913840462,0.332759723067
98,0.138917518636,0.309837410083,0.104677990143,0.332129874267
99,0.140690289581,0.306095376611,0.107747015676,0.334469283931
100,0.139084808815,0.306064908321,0.107101495009,0.328262415715
101,0.144591126304,0.301399814395,0.103182340412,0.325969586149
102,0.146537481592,0.297674975716,0.107933200424,0.325878066942
103,0.145247385192,0.295992777898,0.108233168055,0.326180327684
104,0.146808107025,0.295055273634,0.106184596915,0.321426249109
105,0.148830992241,0.292016939475,0.10739328753,0.320758758113
106,0.148429165666,0.290335098138,0.106622478005,0.317215860821
107,0.150591585355,0.289121345832,0.10616215576,0.317017358728
108,0.148174414698,0.287499464475,0.111278845554,0.316755376756
109,0.153070705441,0.283653956193,0.109012950518,0.312368711457
110,0.15329185644,0.28180932884,0.109738561668,0.313433642499
111,0.15151340715,0.281190374723,0.113845366706,0.312488427386
112,0.152235128272,0.280685592156,0.110889073785,0.30977849476
113,0.151765715044,0.279203906655,0.109090864922,0.305964243598
114,0.15753741591,0.275552860819,0.110601684444,0.305995283648
115,0.155491076123,0.273015095637,0.114745842907,0.310124108568
116,0.151527890792,0.27507802844,0.118388673808,0.307527252473
117,0.155609537203,0.274157980314,0.108861619621,0.299731259234
118,0.157697241467,0.270026461436,0.110968229076,0.297149118967
119,0.156221182587,0.268201879584,0.117193074002,0.30206667725
120,0.157841679425,0.267676465786,0.113241241756,0.296450569294
121,0.162486606492,0.263866223968,0.112921430791,0.294228219427
122,0.156154479258,0.264509163224,0.121414561899,0.298680195585
123,0.158529610875,0.262955587644,0.116683959517,0.292030024342
124,0.1629567142,0.261092071923,0.116184343465,0.289325645193
125,0.164918136138,0.257590874456,0.111188596462,0.2863858575
126,0.164199884694,0.256135612153,0.117054217629,0.286210146733
127,0.164270548007,0.254737805862,0.120059233145,0.288891814649
128,0.163184239887,0.254618530663,0.11820345906,0.283995922655
129,0.163172500924,0.252782641122,0.12358469275,0.28905745782
130,0.163367263973,0.251723581782,0.121432931938,0.284036253579
131,0.171066180445,0.248351197403,0.117824623843,0.279426106252
132,0.169161164703,0.246208802439,0.122601820583,0.281237460673
133,0.170081748699,0.245523824715,0.121635892797,0.279514861293
134,0.170828657941,0.243323791486,0.123817169184,0.278585482389
135,0.169626603333,0.243186952976,0.122873547268,0.276993120089
136,0.172195125371,0.24278022922,0.11490591008,0.271865649149
137,0.168925094776,0.241008047301,0.128206926319,0.277069234289
138,0.172556711504,0.239888088061,0.124286820189,0.274093713611
139,0.172732971322,0.237674834637,0.126710089229,0.274590464309
140,0.174855545163,0.236700355434,0.122971940783,0.269487857353
141,0.176867125699,0.233559621641,0.126236717783,0.269729227759
142,0.176945960292,0.232405115206,0.125272987719,0.267205114942
143,0.178601044875,0.23026634982,0.127131557256,0.267165102996
144,0.178541686959,0.229396973665,0.130819210278,0.267546854913
145,0.177700752679,0.230491514389,0.128436199464,0.264783543535
146,0.180652045,0.227381021931,0.126801688153,0.261581849772
147,0.178471425405,0.227800446061,0.129169313325,0.259569662623
148,0.179620709843,0.227039997394,0.126690638074,0.2580103972
149,0.179442473616,0.224360615588,0.132502501024,0.260497056413
150,0.180626625052,0.22489080005,0.124377976873,0.251605936326
151,0.17734839538,0.225420387319,0.121905983541,0.25114127202
152,0.179566808761,0.225344346693,0.133808711232,0.256332440767
153,0.177195428942,0.221774394696,0.134808001064,0.254383221734
154,0.180568276116,0.224661781811,0.123411711279,0.247145017609
155,0.171431139971,0.223257749127,0.138265177881,0.262664823793
156,0.183446661211,0.221359287317,0.125739666712,0.249209270347
157,0.177985961334,0.221473302406,0.129400321908,0.249925246928
158,0.179879311186,0.217142437513,0.138722321944,0.257957691327
159,0.185597697703,0.215142218539,0.136046401161,0.247342379764
160,0.184050008941,0.214149252153,0.135808658952,0.246071677655
161,0.188675372073,0.212275971014,0.13245051846,0.24432580173
162,0.18870507152,0.209275908768,0.141783893255,0.250774729997
163,0.19377807012,0.20818365136,0.133835602763,0.24112913385
164,0.194229711134,0.205762639069,0.13929847748,0.240790946409
165,0.193996605105,0.204820410563,0.137428809989,0.242108499631
166,0.190921090543,0.20472748463,0.139173371986,0.240835241042
167,0.197828294853,0.20232965396,0.135705023803,0.239818901755
168,0.196645224324,0.203260162129,0.132745810203,0.233309844043
169,0.196521608016,0.201159512194,0.139779773844,0.236975853331
170,0.195838408401,0.19922306274,0.143667342964,0.238582971506
171,0.198856643759,0.197804085337,0.14419203936,0.236621639226
172,0.199869753076,0.197863103679,0.138302119594,0.232241810765
173,0.203952631698,0.195011486801,0.141964663389,0.232195528224
174,0.203140447633,0.194006529565,0.143189085889,0.231615484226
175,0.203965928692,0.192520518716,0.144888259179,0.231957332697
176,0.201898560501,0.193083547056,0.145343157118,0.232030588668
177,0.202670295078,0.193161951235,0.141236447671,0.22718531359
178,0.205226423076,0.191955675299,0.139565291717,0.224611955229
179,0.20451527748,0.190596649853,0.144630732943,0.226947769523
180,0.205998257376,0.188902875552,0.14548205516,0.224906185642
181,0.209255640323,0.187153372054,0.145528183878,0.225429074839
182,0.211616187141,0.185403404901,0.147975068792,0.225652683061
183,0.21062788969,0.184875177076,0.148965443122,0.223513312172
184,0.212221061954,0.184059774646,0.146419644407,0.222817098722
185,0.173578654917,0.21711149124,0.143561341093,0.219224278349
186,0.185445191195,0.201971553839,0.139087430385,0.21340147825
187,0.183797158301,0.201018918019,0.147130646389,0.216764202807
188,0.19210981463,0.19525219672,0.142986879544,0.209692245349
189,0.187319988815,0.195228025317,0.150418011015,0.214600981213
190,0.193293394951,0.194266921053,0.146459662064,0.207797263283
191,0.202462026706,0.187888663549,0.147933857189,0.207457076758
192,0.203454619417,0.185385201413,0.15671611151,0.212885975372
193,0.210999086499,0.182422414422,0.149607497224,0.205270526465
194,0.213586030098,0.180058064942,0.150690299562,0.207237030845
195,0.209464299278,0.18033432502,0.155961433534,0.208462738898
196,0.214210707694,0.17816653905,0.157332907899,0.207932087593
197,0.209530255256,0.179689837763,0.149472326357,0.202111642808
198,0.20983422433,0.17811118926,0.150484577582,0.2024045703
199,0.217674575746,0.173911693578,0.159933572068,0.208457148634
200,0.218610232839,0.172969142405,0.156705868645,0.203784296755
201,0.221528380536,0.172171676388,0.151444752868,0.198969448917
202,0.217651631683,0.171813326386,0.16142747161,0.205599559005
203,0.216129282919,0.171771916632,0.157674196019,0.200706551783
204,0.223560940761,0.169284638304,0.157528937931,0.201666222885
205,0.213868243763,0.171138012065,0.158784161379,0.20101616485
206,0.224713500876,0.167316564574,0.162336421348,0.201670444105
207,0.226297590022,0.165955346937,0.156580724254,0.196176710073
208,0.232684526306,0.164366567364,0.154579275155,0.195497811306
209,0.227229505204,0.164007769181,0.165765660165,0.201161527541
210,0.225709616851,0.164660906562,0.157307927082,0.194041844457
211,0.227682659832,0.163240966315,0.161998414508,0.195354490075
212,0.226173377954,0.163358408671,0.165051112089,0.197844382841
213,0.231719893905,0.160256452858,0.165393238531,0.196681852452
214,0.226677524642,0.161702523438,0.163486018882,0.193007295486
215,0.234348364747,0.159728156833,0.158886612468,0.192298593465
216,0.232039493724,0.158895066151,0.169816908133,0.197449026629
217,0.226528662902,0.159766405248,0.167685073153,0.193337889854
218,0.237576120175,0.157330368001,0.161840698124,0.190093083773
219,0.238941818476,0.15536251263,0.166521660131,0.18914932711
220,0.233184860016,0.156490195829,0.170937675584,0.193263606634
221,0.240802317285,0.153723816459,0.172741311451,0.192545380443
222,0.239766308035,0.154439404607,0.165181754093,0.187633526511
223,0.241013404268,0.152355544269,0.169848489483,0.188462940045
224,0.243397292036,0.151314188081,0.170988831962,0.19021680858
225,0.243283425386,0.150875248588,0.174373425075,0.188521726523
226,0.242993629323,0.150723833304,0.173884630538,0.189977847505
227,0.232244752921,0.153608280306,0.169168496813,0.18529005954
228,0.245424699898,0.149093158543,0.172686306906,0.185626642779
229,0.247262944396,0.148215060051,0.176633726709,0.18730208464
230,0.246462887869,0.147833192578,0.181212839063,0.188371554948
231,0.24639382328,0.148110279097,0.174646515462,0.181405618787
232,0.249479370048,0.147101881985,0.166185943076,0.176709746942
233,0.247263070482,0.146887641114,0.172930334696,0.179116497282
234,0.248150383337,0.145830278786,0.173808738208,0.179580399301
235,0.245768698362,0.145345904506,0.176248790926,0.178169886116
236,0.25057790715,0.143560736225,0.179380588315,0.182473333087
237,0.253220757326,0.142611332238,0.185073009061,0.188237450551
238,0.249895678117,0.144209504701,0.180072092,0.178289251868
239,0.26000634982,0.140345817575,0.177634789786,0.176715954673
240,0.258264571428,0.139850633649,0.187384704355,0.181103521958
241,0.254171024721,0.140728580837,0.187515027899,0.18505482981
242,0.255612600881,0.140746851953,0.18210364791,0.175627234858
243,0.258869144779,0.13982464717,0.17340852082,0.173619564157
244,0.255338845058,0.138801793639,0.187301609652,0.179844081867
245,0.261574427096,0.136994835276,0.183147801065,0.177690669894
246,0.264644189236,0.135957259971,0.18450352226,0.175106360577
247,0.265812807931,0.135855796819,0.174731830477,0.170406410936
248,0.255497606328,0.137336591688,0.191500523923,0.180843797512
249,0.262742325807,0.136570721292,0.18578765738,0.171251129359
250,0.262631244384,0.135521704188,0.189918729798,0.170124375261
251,0.268053715619,0.133901785199,0.179274453151,0.165793606546
252,0.264107119579,0.13426538041,0.185609753445,0.16688026581
253,0.266312006288,0.132856249809,0.193439129025,0.173153023235
254,0.266654486553,0.132642382039,0.185529390409,0.16653263662
255,0.268234359387,0.132673015961,0.182749632429,0.165150046814
256,0.266568287634,0.131053054562,0.191421439752,0.167833473068
257,0.273142736692,0.129474783746,0.188914582324,0.166795840487
258,0.2716147252,0.129618838143,0.187830514554,0.16410173988
259,0.276434282271,0.127854471596,0.190623337906,0.166051033419
260,0.277027309514,0.128314627764,0.17726523876,0.160200110637
261,0.275161301287,0.127774819445,0.196540119514,0.1674590162
262,0.275315457812,0.126457377122,0.197233755032,0.172149249818
263,0.281688798506,0.126240604199,0.188163825331,0.16055222461
264,0.276812126717,0.126788921654,0.192258460528,0.161312187556
265,0.274790621721,0.125670596957,0.197992483913,0.166436738335
266,0.278496719897,0.124952930097,0.198344538864,0.164189506322
267,0.285704343938,0.122964679335,0.195671363982,0.163158583455
268,0.277822342056,0.123864899461,0.19990466232,0.164605695754
269,0.278882036702,0.123651138292,0.19770090823,0.162350736093
270,0.288116981204,0.121800894061,0.195451006548,0.160663283896
271,0.272703004571,0.123763591338,0.201815978521,0.165293041151
272,0.283058326405,0.121438655716,0.195223265245,0.159665714018
273,0.284586845109,0.120905088977,0.195228674895,0.157496076543
274,0.282570739205,0.121275627842,0.19988207751,0.159565161914
275,0.286096061652,0.119725115884,0.202624781234,0.156576806679
276,0.290596077648,0.118570475911,0.202908645802,0.158135735895
277,0.291508313555,0.118311407188,0.201751377904,0.156645637937
278,0.289915836201,0.118358806635,0.194506181007,0.153392942622
279,0.29428966458,0.117321552565,0.207435940687,0.15873591369
280,0.293770692096,0.117379968556,0.196169618593,0.152785178274
281,0.288017588166,0.117325532895,0.208375490565,0.158487434965
282,0.282663355653,0.118000985338,0.201312717476,0.15340283839
283,0.291930299539,0.11581273119,0.211081206061,0.159845759626
284,0.289183422063,0.116720463794,0.210273981681,0.153808701783
285,0.300895232421,0.114034340932,0.199657685123,0.149091434199
286,0.304872962718,0.1128660919,0.21280775425,0.154448324349
287,0.298978384298,0.113610144131,0.207849854468,0.151396777015
288,0.303061934618,0.112479336846,0.205880980664,0.151743747294
289,0.305476438541,0.111379634016,0.210518635121,0.153127914295
290,0.305853246496,0.110919446899,0.2156036546,0.156488522887
291,0.301347573789,0.111395070473,0.211734256742,0.151217873674
292,0.309359455911,0.110272932511,0.208471779434,0.150495972484
293,0.305630523425,0.110565987057,0.209771497652,0.147587972227
294,0.314506486631,0.10866053517,0.209787849377,0.148610993754
295,0.305520692124,0.109275291172,0.211538780508,0.147341033444
296,0.303788368519,0.109785875162,0.218892698187,0.153520772699
297,0.301067976138,0.109709594685,0.223132504418,0.155134323053
298,0.310764742012,0.108300654074,0.22434433202,0.154557521455
299,0.313247102958,0.107265988508,0.219163349587,0.150575671811
300,0.320929882618,0.105833009459,0.216456782491,0.14966087183
301,0.321256340696,0.105612574288,0.213746645928,0.146871483885
302,0.307584803838,0.106608365018,0.227809873603,0.15974471299
303,0.303353285274,0.108218418004,0.220248252014,0.146030648146
304,0.322669657377,0.104164075106,0.218631689564,0.147087084129
305,0.315808681341,0.105141120175,0.222564944727,0.14650437003
306,0.321558899604,0.103825082573,0.226651074724,0.153963284101
307,0.312842514079,0.104941987934,0.232410473518,0.160025951453
308,0.316652682538,0.105355499456,0.218075559529,0.142919271486
309,0.323691670711,0.104813159658,0.210517993401,0.141265871702
310,0.316113103468,0.104122285373,0.230883541492,0.153437660076
311,0.321504345307,0.103350621576,0.223828681346,0.146240963601
312,0.320585081784,0.102871285322,0.225246007397,0.144305026392
313,0.329460586493,0.100791235383,0.230275542815,0.149313875474
314,0.322118386053,0.101784927914,0.224555674818,0.143416495761
315,0.326347590639,0.100079843918,0.231646967577,0.146838397952
316,0.334493883527,0.0991256583769,0.223383098316,0.1416597364
317,0.323081928377,0.10018309607,0.236677591367,0.150651860982
318,0.333600219626,0.0987183881494,0.230380554542,0.145132982638
319,0.335197585133,0.098094607775,0.229591985511,0.140962718287
320,0.335323522297,0.0976636088811,0.232453224221,0.143064341741
321,0.329062727208,0.0981080004802,0.230731524921,0.142030987423
322,0.340549605397,0.0975363002374,0.227370794094,0.137087421259
323,0.335511114735,0.0972478831044,0.236761204883,0.141739991959
324,0.329844435247,0.0970336900881,0.237251601446,0.147369674174
325,0.339065213043,0.0963240784521,0.232326312241,0.139618606307
326,0.339409831625,0.0957503846058,0.229443018739,0.13736823597
327,0.33432889959,0.0965582851607,0.232862233193,0.141185477609
328,0.338906226823,0.0948973547381,0.235947786569,0.139241831377
329,0.33565749228,0.0954422744421,0.236798899236,0.13937143865
330,0.341580909605,0.0942201041258,0.229215387791,0.136395785492
331,0.345602942201,0.0935809325713,0.235788864521,0.141524642939
332,0.349771668132,0.0927797123217,0.240403242813,0.141542157158
333,0.334260799564,0.0944542566744,0.247497327411,0.147465842543
334,0.347059259621,0.0931920434993,0.243924576107,0.14275079011
335,0.346164052303,0.0927779135796,0.236846212934,0.133648297284
336,0.344742373778,0.0927694970025,0.237196385084,0.133327403339
337,0.3532867552,0.0918317440038,0.23168495968,0.133368518902
338,0.349777924327,0.0915892688701,0.241868374286,0.135843311669
339,0.336051651778,0.0929450960113,0.244091970593,0.139121787855
340,0.354519968996,0.0902820381408,0.240114668965,0.134311688598
341,0.356108389222,0.0897751304393,0.246250675926,0.137447285
342,0.344167415912,0.0913906859664,0.246950886651,0.137501385529
343,0.343926752416,0.0907194961149,0.246685675719,0.135305214673
344,0.357104610938,0.0886785863684,0.246647994964,0.135141119361
345,0.3470017377,0.0896895269935,0.247631241553,0.135148794623
346,0.356189777072,0.0888732749109,0.240501702621,0.135176584823
347,0.357228792631,0.0886806241022,0.243572139111,0.129673653049
348,0.355714011078,0.0881956572143,0.24889730895,0.136388487881
349,0.357786037601,0.0876856546562,0.249275778058,0.134581882041
350,0.358550370313,0.087248735703,0.248893041926,0.135861019604
351,0.354354279546,0.087566449092,0.239289790796,0.130159819499
352,0.363412374487,0.0864328971276,0.252249961494,0.133505484555
353,0.357680202677,0.0868694859628,0.253526193876,0.137576938607
354,0.357129530265,0.0863737206046,0.252638774918,0.13313848176
355,0.362287007845,0.0857553717036,0.245897826089,0.129553555278
356,0.37098896045,0.0850574890008,0.24990855661,0.12986502354
357,0.365322405902,0.0846219873772,0.259399198345,0.134646934923
358,0.370941736377,0.0838906701941,0.252427025269,0.130259225611
359,0.374260314382,0.0836835096662,0.253709662239,0.128431681776
360,0.369282329312,0.0836909602468,0.263748094857,0.136260227999
361,0.376581754822,0.0828005425059,0.26402727055,0.134669437306
362,0.372194595062,0.0833109218914,0.252312357259,0.130321048899
363,0.380419149995,0.0824098268954,0.262060503937,0.133040077984
364,0.373416656485,0.0825704488044,0.259359282178,0.128515080316
365,0.369090599509,0.0822210495289,0.265335366675,0.134061101824
366,0.371993309603,0.0822627527209,0.267028151755,0.136622262187
367,0.368785783648,0.0833075605333,0.26339050574,0.129369160393
368,0.378936917736,0.0816167656046,0.25584696478,0.126594681526
369,0.376082897186,0.0820128224217,0.251978885344,0.122596738627
370,0.37899740728,0.0806595410865,0.258663062055,0.126718027052
371,0.373344154312,0.0807435578452,0.264524191256,0.130423743511
372,0.38246460259,0.0796923236205,0.262478559431,0.127004734473
373,0.386630094968,0.0790839670942,0.261218618261,0.12550736405
374,0.387257443025,0.078823532336,0.261879611691,0.124367839424
375,0.376578904688,0.0800709025218,0.258159558566,0.127781800227
376,0.385885760188,0.080091641786,0.253330952407,0.121168653015
377,0.383162515095,0.0797029679211,0.255733991474,0.12127174763
378,0.391220560441,0.0786695741117,0.267584908882,0.128572009271
379,0.378492468825,0.0792129005377,0.273255240375,0.134878795128
380,0.385497842844,0.078153343728,0.270948488494,0.126285655191
381,0.397411167622,0.0772686391496,0.268499922337,0.129764089826
382,0.389397094456,0.077469987938,0.271432183041,0.127838951536
383,0.393012268039,0.0768682088416,0.270378162128,0.126177831087
384,0.386215201364,0.07704005591,0.265706316367,0.12781106797
385,0.389797005516,0.0765101138789,0.265948257806,0.124424309703
386,0.389353062098,0.0762440410371,0.281282061692,0.134407659294
387,0.378181165228,0.0777957866398,0.275504396562,0.129573378712
388,0.364157639733,0.0966966834206,0.207057833871,0.117630148074
389,0.249803718466,0.122579633043,0.246376537012,0.124630202539
390,0.298836523524,0.106136977959,0.244792055144,0.108849664219
391,0.305817749065,0.102220203441,0.249918241047,0.110757715302
392,0.309871155482,0.0989460314696,0.260898056876,0.114349506563
393,0.319480004219,0.0966171447474,0.260354546836,0.11028049211
394,0.326775428194,0.0939005702161,0.252960882734,0.109984932235
395,0.333922716861,0.0912534964199,0.269431380611,0.114343033405
396,0.340835879628,0.0885672927476,0.2589106124,0.112026923336
397,0.362566888332,0.0850841291249,0.268849523409,0.111261011567
398,0.371706685195,0.0827282194335,0.275348984129,0.119172147475
399,0.376020577091,0.0816769548334,0.278829545616,0.115947476123
400,0.367244398938,0.0814727733915,0.273907738395,0.112906543538
401,0.38586916488,0.0793363010654,0.265189891881,0.108740603318
402,0.369956159248,0.080514924744,0.276183681797,0.116319760913
403,0.38230341501,0.0780948056624,0.278025294324,0.112683160463
404,0.380344070494,0.0780767064828,0.280401642237,0.117299233796
405,0.384205023257,0.0771637922869,0.283456771147,0.112195965601
406,0.401583131689,0.0756279390592,0.276126990608,0.112799308263
407,0.399680921665,0.0756443807712,0.276390315609,0.109325406374
408,0.397059923181,0.0750620981249,0.280337849311,0.11550616147
409,0.401659768361,0.0738767451392,0.286969884972,0.116335524479
410,0.385726541854,0.0752662036281,0.28465046901,0.114458691562
411,0.393999056747,0.0752746760845,0.279084166607,0.104604554828
412,0.34947432291,0.0856257376189,0.265964170054,0.11396306823
413,0.385788749044,0.0800368648309,0.273974802243,0.105784227606
414,0.391779605013,0.0776791145595,0.27008533267,0.109694059007
415,0.395269842102,0.0751844014113,0.289887438058,0.118164506042
416,0.399724566019,0.0741637008121,0.28792839259,0.114474633941
417,0.406065642834,0.0728171593868,0.284152842137,0.11080788658
418,0.395254745506,0.0729241437064,0.293293457747,0.115676420508
419,0.408879061158,0.0717892729892,0.288905396401,0.110688155051
420,0.417536107393,0.0707192684595,0.286747289109,0.109756394522
421,0.390216455437,0.0727418096593,0.295714422522,0.116538267815
422,0.419344320893,0.0698742794876,0.288801714233,0.10933653242
423,0.409663795279,0.0699424680609,0.29320625518,0.112554804189
424,0.416787247245,0.069263491493,0.293031334581,0.112302711001
425,0.41192388076,0.0694557442688,0.290376137715,0.109981227666
426,0.414092768843,0.0691584377335,0.301067719908,0.117812715471
427,0.408290726634,0.0696808366248,0.298025412062,0.111844358966
428,0.426276690685,0.068140575519,0.289750255009,0.108578367392
429,0.401796023433,0.0700961382916,0.292162671784,0.110470120329
430,0.422116642961,0.0683824640627,0.299097984251,0.108202036703
431,0.419729283223,0.0679384200619,0.29436881181,0.111335370457
432,0.411949546291,0.0681293896185,0.29553760018,0.108606748283
433,0.424713767492,0.0664944290542,0.300035242513,0.111302708974
434,0.423639079699,0.0666387465138,0.300249194358,0.110419022851
435,0.423918111966,0.0665547205852,0.295038872483,0.108160565607
436,0.421129980339,0.0661454679301,0.302407964034,0.112131405622
437,0.42729561604,0.0662093294355,0.298364526438,0.109232442454
438,0.438389815963,0.0651250252357,0.300513459177,0.110370572424
439,0.427608469358,0.065765230415,0.298863915084,0.109542048071
440,0.428533794215,0.0656690680637,0.300545623446,0.108677852433
441,0.425267565709,0.0656555120188,0.300599532659,0.110040381784
442,0.433275076059,0.064814796528,0.303155547666,0.110484137665
443,0.416826221805,0.0660360601659,0.300802073463,0.108963621547
444,0.432066003864,0.0647448871571,0.300962010177,0.108904710272
445,0.441074985724,0.0640943152114,0.302749484537,0.110071043484
446,0.44557433862,0.0642209286587,0.299952337206,0.107449952047
447,0.430589097051,0.0643709940979,0.30585143277,0.111976506189
448,0.447069003032,0.0635020258622,0.303890754775,0.109845797531
449,0.413447048802,0.065873693245,0.309553514753,0.114512872417
450,0.417547068917,0.0655855090859,0.297106562094,0.107249328168
451,0.43558104107,0.0638551866779,0.307446735589,0.113026209874
452,0.428482014399,0.0645714395035,0.302266418174,0.108030213509
453,0.435191239302,0.0635959755343,0.310315366089,0.11367266858
454,0.424643052885,0.0649192917805,0.300425659051,0.107261027209
455,0.433819227494,0.0638252459466,0.308170943074,0.110443671932
456,0.43846808947,0.0635123797334,0.307772622474,0.109926459845
457,0.449938876125,0.0624889039363,0.305952821941,0.10899454006
458,0.432471584242,0.0638255141675,0.304470751211,0.109208086738
459,0.443144455552,0.0628485020537,0.307487994137,0.110215262277
460,0.447474978291,0.0625967013721,0.3067358077,0.108589334879
461,0.437162910516,0.0631613334498,0.304737816768,0.107991979923
462,0.438501398151,0.0629061193993,0.308493229932,0.110337370075
