epoch,jaccard,loss,val_jaccard,val_loss
0,0.0329133598673,0.753388728184,0.0397608516595,0.717750054139
1,0.0312853438931,0.696535078025,0.0398915816958,0.694134171192
2,0.0311766273655,0.684246512223,0.0394589356505,0.675649743814
3,0.0317928304169,0.672274220174,0.0397163933286,0.667495420346
4,0.0321997035813,0.664700019774,0.0409324693565,0.658962850387
5,0.0329063535168,0.656997018799,0.0417527181025,0.652349554575
6,0.0334862790513,0.650005254276,0.0410582758486,0.646054410017
7,0.0332361528485,0.644065737034,0.0423904267641,0.640159010887
8,0.0336598356373,0.638100678626,0.0428112467321,0.633750149837
9,0.0346679060745,0.631352943573,0.0438536941432,0.628971402462
10,0.0348303715724,0.625923444636,0.0422882116758,0.623203126284
11,0.0341031255064,0.620997195999,0.0416678442405,0.618178202556
12,0.0345881857179,0.615602038312,0.0428066282318,0.614260141666
13,0.0351728724323,0.609411801611,0.0427490065877,0.607276815635
14,0.0343765341335,0.605265354328,0.045319797901,0.603424008076
15,0.0351055510644,0.60334557525,0.0433571513456,0.59787270656
16,0.0342555687867,0.596513594209,0.0429005353497,0.593114779546
17,0.034494922802,0.593089858307,0.0407741129971,0.590388013766
18,0.0334796522776,0.585713058135,0.042662811967,0.584071631615
19,0.034024493474,0.580552845388,0.0436120861425,0.577724447617
20,0.0346394217641,0.57447102033,0.0429764954517,0.572012607868
21,0.0353821373354,0.568442036056,0.0421195909954,0.567536161496
22,0.0352190628964,0.563286236815,0.0446526852365,0.561935305595
23,0.0362485348819,0.557927854043,0.0435669777485,0.556853963779
24,0.0355909828629,0.553233297405,0.0468495296171,0.554818043342
25,0.0362149632201,0.548409983228,0.044437051106,0.548325854998
26,0.0368523934504,0.543229895439,0.0448739803754,0.542725604314
27,0.0365405427903,0.539301973282,0.0450110630347,0.539189026906
28,0.0370361805825,0.534252702269,0.0424251630902,0.535136392483
29,0.0362448620836,0.529659019934,0.0464006931736,0.529743731022
30,0.0375231736444,0.524691016978,0.0462844701341,0.524324389604
31,0.0372975703372,0.520384908413,0.0447852433874,0.520259329906
32,0.0377403127037,0.515426245665,0.0457519395993,0.518346117093
33,0.038279566094,0.510565887547,0.046468743338,0.511346353934
34,0.0384697765579,0.506862177812,0.0421044886685,0.509570690302
35,0.036739309322,0.503329393947,0.0465473455305,0.503230159099
36,0.0386457107961,0.497997812553,0.0478340705427,0.499412550376
37,0.0389909377631,0.49371521733,0.0473593373138,0.496454701974
38,0.0392651506286,0.488968731469,0.0477285055587,0.492285448771
39,0.0396243410768,0.485194181268,0.0473653121063,0.489448902699
40,0.0385352769672,0.48109044428,0.0482282902186,0.487496696986
41,0.0396076544515,0.474941583444,0.0501192550247,0.489265341025
42,0.0404945162258,0.471110287896,0.0444640164765,0.485611154483
43,0.0371417472261,0.470899741737,0.0481906547569,0.478577815569
44,0.0374074038478,0.467324740638,0.0449954271317,0.473122133658
45,0.0370560420469,0.463035708804,0.0485787156683,0.466434111962
46,0.0383038723906,0.455668281749,0.0476365098013,0.465467767074
47,0.0387500081729,0.453083341761,0.0453960388326,0.457553700759
48,0.0387778108846,0.44898131881,0.0459703654051,0.454759613826
49,0.0383068544927,0.443860177828,0.0485677908246,0.45024519471
50,0.0396797113897,0.443045601882,0.0472576962068,0.449685296187
51,0.0398714347351,0.436066801944,0.0481029233107,0.444360237855
52,0.0400284156779,0.432947105307,0.0486129487936,0.451866381443
53,0.0390526750431,0.431963745461,0.0473857917465,0.439814104484
54,0.0387876930514,0.427324102422,0.0467739712733,0.433492974593
55,0.0403159050034,0.421698844341,0.0499125280632,0.431697572653
56,0.0403687847081,0.418639428712,0.0505318372295,0.428541619044
57,0.0413652623942,0.415334029778,0.0492144986414,0.425655268706
58,0.0414983829534,0.411974918313,0.0489183094066,0.420657563668
59,0.0405088210601,0.408611391272,0.0512810598772,0.417553773293
60,0.0426171119954,0.404659987417,0.0497672893107,0.414609941152
61,0.0428368934937,0.400576099926,0.0498403256329,0.410475618564
62,0.0435053808794,0.396814632715,0.0509411469102,0.40651964912
63,0.0435473215281,0.393868174332,0.0517304379206,0.405691637443
64,0.0433900799588,0.390560443337,0.0496807187223,0.400536869581
65,0.0441660052849,0.385852630649,0.0529744063432,0.400146413308
66,0.0440714124835,0.384355720061,0.0501205941232,0.396732903444
67,0.0448394235526,0.381172199967,0.0516413275439,0.392558003847
68,0.044437121039,0.378352267402,0.0524923620889,0.390270123115
69,0.0459879573622,0.374812380573,0.0514496298364,0.387629190317
70,0.0460192758489,0.371334022767,0.0543184033953,0.3849736177
71,0.0457058717356,0.367689492274,0.0548805992764,0.381800133448
72,0.0470820606963,0.365257698021,0.0505895614624,0.379597684512
73,0.0457091703579,0.363729079027,0.0516577486235,0.375538447729
74,0.0462630024345,0.359611145778,0.0549628519668,0.37523833605
75,0.0455143229612,0.357167620226,0.0560570579882,0.37139662871
76,0.0473917075882,0.354123156043,0.0537987999045,0.369222416328
77,0.0479116152871,0.350736830801,0.05319827881,0.363853890162
78,0.0489866370947,0.348694661294,0.0547676705397,0.363240283269
79,0.0473674252399,0.346412146529,0.0576097205854,0.361326137414
80,0.047810696612,0.342708229098,0.0574020995544,0.360130924445
81,0.0496103678287,0.339439787805,0.0561946103206,0.354776001894
82,0.0512973979461,0.335695752996,0.0550102201792,0.353384921184
83,0.0494446219682,0.333947104492,0.0598577759587,0.354057371616
84,0.0512203049907,0.330392973879,0.0581559335383,0.350172269803
85,0.0519146638775,0.327860958213,0.0541871852027,0.346126194184
86,0.051889969863,0.325203440134,0.0581732847943,0.346534598332
87,0.0519322098222,0.322284585721,0.0579162609692,0.339643822267
88,0.0528598002888,0.319718817947,0.0537652083888,0.340864004997
89,0.0524647290815,0.318257563708,0.0588616316135,0.336990681978
90,0.0531196090821,0.314676847122,0.061100413593,0.335663680847
91,0.054557588685,0.312327513133,0.0576121193858,0.332290012103
92,0.0554890752011,0.309890481036,0.0569795908836,0.326620438924
93,0.0541585462894,0.307916001463,0.0605752863563,0.330866852632
94,0.0553246144795,0.304840416061,0.0610789923141,0.328149022964
95,0.0557042962681,0.302815525113,0.0599374177937,0.324117651353
96,0.0564024483346,0.300219122392,0.0609339681955,0.32047603222
97,0.0560015526719,0.298128572325,0.063018475301,0.320399713058
98,0.0559152980626,0.295967257966,0.0643638057204,0.321863417442
99,0.0579755023036,0.294258809458,0.0598150531833,0.314504160331
100,0.0572586806786,0.291422925055,0.060727907488,0.315344714201
101,0.0578665792597,0.289256759017,0.0603056252003,0.314624073414
102,0.059612628015,0.286348199407,0.0596143230796,0.311184089917
103,0.0592754523496,0.284732530016,0.0622449107468,0.309816557627
104,0.0601422506812,0.281375978559,0.0656753211067,0.310757510937
105,0.061920256487,0.279461285552,0.0615841961251,0.304146553461
106,0.0606084179176,0.278271337389,0.0590484205347,0.301125622713
107,0.0611942815361,0.275170954728,0.0660695840533,0.30156235053
108,0.0612969344705,0.275770453297,0.0612543566296,0.295709348642
109,0.0617680356022,0.272528108483,0.0625023807471,0.295097942536
110,0.0617259476319,0.271086182373,0.0604564074713,0.293954899678
111,0.0614944849753,0.268360022873,0.0675009950422,0.29711334522
112,0.0625272339721,0.266514281048,0.0710635173779,0.294303082503
113,0.0649011837297,0.264294387866,0.0676701879845,0.294480713514
114,0.0647685567212,0.261502932743,0.0688382312655,0.291723705255
115,0.0661094460823,0.258619247486,0.0681766245801,0.293154157125
116,0.0671919358599,0.256876167413,0.069326514808,0.28702798715
117,0.0675287794279,0.255362168242,0.0633162967861,0.282748621244
118,0.0684401471758,0.252564533279,0.0693030208349,0.287188883011
119,0.0678540887635,0.251361993231,0.0742050767518,0.291937458974
120,0.0689548672857,0.250970498475,0.0691292248666,0.283310408776
121,0.0693872035787,0.247639973651,0.0726866329519,0.280577650437
122,0.0697468481383,0.246014932408,0.0684275853519,0.282345443964
123,0.0695592493509,0.245176171877,0.0680906380025,0.278792443184
124,0.0699381903102,0.244258122094,0.0705454859596,0.276155602473
125,0.0698733344156,0.242216295545,0.0690841583105,0.275461024963
126,0.0705805808363,0.239692658128,0.0673399544679,0.270270537872
127,0.0723942847613,0.237353546624,0.0688872775779,0.270828423592
128,0.0720888854051,0.236297180811,0.0736631177939,0.267307568055
129,0.0737934520749,0.233652447872,0.0706793688811,0.266768104755
130,0.0747279548967,0.231954931005,0.0702524807018,0.26502219301
131,0.0752833235621,0.230379322666,0.0749461074861,0.26989320379
132,0.071607713059,0.236524387791,0.0637515734595,0.261943764411
133,0.0622143154698,0.244951935406,0.0539237214969,0.261231919894
134,0.0491705560287,0.254727925803,0.0596227929569,0.257253225033
135,0.0389482986369,0.257499461814,0.0489200330698,0.262121616648
136,0.0342237270189,0.260689965431,0.0422727485689,0.26323014727
137,0.0295851031124,0.270512855306,0.0370308963152,0.277927905321
138,0.0286764047004,0.265045351043,0.0334582162591,0.27089504783
139,0.0287072913556,0.261723776121,0.0335690482305,0.270739355913
140,0.0286280466423,0.259971617617,0.0304525205149,0.262507883402
141,0.0284591839868,0.25870253232,0.0279039160277,0.257302634991
142,0.0285132185171,0.257580302397,0.0278658283731,0.255307025634
143,0.0282651218136,0.257059460269,0.0278941061921,0.254739477084
144,0.0284203448006,0.255272687057,0.0278232199355,0.252732728536
145,0.0283060215816,0.253963071407,0.0277821497562,0.251721806251
146,0.0284075417185,0.252827739854,0.0277696260466,0.250618183842
147,0.028274347006,0.251329506341,0.0277429723109,0.249247555549
148,0.0283471170856,0.249939202457,0.0277271883992,0.247954477484
149,0.0283786103302,0.24873769594,0.027655860839,0.246970491914
150,0.0282554157423,0.247565194216,0.0276702592293,0.245606558827
151,0.0282802729648,0.246379593279,0.0276264065447,0.244387839849
152,0.0282557800441,0.245119911018,0.027589731205,0.243176981807
153,0.0281382962112,0.24401954875,0.0275942949721,0.242434220818
154,0.0282170448783,0.243022210465,0.0275582513557,0.241100884401
155,0.0280969205194,0.241938022918,0.0275202031032,0.239908252771
156,0.0280706301245,0.24082002596,0.0274861449232,0.238698668205
157,0.0280939987339,0.23973172719,0.0274562242513,0.237654510599
158,0.0280735871636,0.238640198779,0.0274249782356,0.236694897597
159,0.0279498523511,0.237619287662,0.0273985127704,0.235594082337
160,0.0279488021213,0.236554861184,0.0273845118399,0.2346766614
161,0.0279714828033,0.235564158863,0.0273556626187,0.233608745612
162,0.0279958397294,0.234543765834,0.0273239017966,0.232433713399
163,0.0277873834588,0.233524777657,0.027302875685,0.231489924284
164,0.0278689012607,0.232517766446,0.0272627657709,0.230457115632
165,0.0278605051109,0.231484677341,0.0272373385154,0.229500787762
166,0.0278116328404,0.23054755016,0.0272141897048,0.228670664705
167,0.0277852506941,0.229504051643,0.0271799800774,0.227428563512
168,0.0277769247063,0.228614719103,0.0271711007047,0.226355916032
169,0.0277930076547,0.227662084933,0.0271349150974,0.225579220515
170,0.027619344416,0.226853812466,0.0270945991461,0.224675222085
171,0.0274757218033,0.225788732293,0.0270838225977,0.223785062249
172,0.0277146628508,0.224838265523,0.0270096454769,0.222860700809
173,0.0275285077069,0.22391959507,0.0269947913117,0.221961947588
174,0.0275401072613,0.223132151664,0.0269561642781,0.221128454575
175,0.0275195441766,0.222180541015,0.0269514173269,0.220292089077
176,0.0275292073567,0.221298713021,0.0268939781504,0.219271318271
177,0.0273008902187,0.220514972525,0.0268609644845,0.21842284386
178,0.027497291493,0.219574055329,0.0268532390205,0.217554964698
179,0.027444658916,0.218711662477,0.0268261189787,0.216696929473
180,0.027222359553,0.217902602779,0.0268047924798,0.215800766761
181,0.0273514586325,0.217016068262,0.0267654250448,0.214962990238
182,0.0273101123906,0.216244310543,0.0267275278098,0.214211192269
183,0.0273398466149,0.215463630366,0.0267105778106,0.213461549236
184,0.0272908244987,0.214613825083,0.0266557259199,0.212545139285
185,0.027220144983,0.213986145426,0.0266510360659,0.212048626863
186,0.027221984363,0.213132787165,0.0266388521458,0.211267669614
187,0.0270708154556,0.21234897038,0.0266095096102,0.210641886179
188,0.0270699086782,0.211597618104,0.0265790994924,0.2098581768
189,0.0270516882402,0.210786492783,0.0265410968031,0.209036692977
190,0.0270820595971,0.210031746207,0.0265008517756,0.207992774936
191,0.0270290506364,0.209338088121,0.0264493250646,0.207365377591
192,0.0268432902294,0.208458099126,0.0264492812208,0.206785477125
193,0.0268729022312,0.207765107449,0.026378980193,0.205664459329
194,0.0268427745572,0.206974080631,0.026338957465,0.204883743937
195,0.0268862010717,0.206364265337,0.0263045632209,0.204162735205
196,0.0269131160136,0.205576111509,0.0262706873652,0.203553032417
197,0.0267921307602,0.204856494506,0.026274108113,0.203020268908
198,0.0267891397908,0.204208940383,0.0262288951243,0.202498341982
199,0.0268081429209,0.203525277466,0.0262247236589,0.201610127321
200,0.026815127905,0.202768331847,0.0261577685149,0.200734656591
201,0.0267290183879,0.202097152421,0.0261596959228,0.20012564384
202,0.0266062863689,0.201471167642,0.0261072616738,0.199958928503
203,0.0266241152774,0.200833908437,0.0261094866034,0.199082415838
204,0.0266300549364,0.200447855942,0.0260778380415,0.198424463089
205,0.0266601276659,0.199822018218,0.0260462317472,0.197767763184
206,0.0266065776391,0.199187184795,0.0260136658326,0.197118074848
207,0.0264405114325,0.198525067635,0.025981807938,0.196477735272
208,0.0265564116358,0.19782383786,0.0259399897634,0.195778642709
209,0.0264857331485,0.197012877545,0.0259043264848,0.195090325979
210,0.0263371526994,0.196405087026,0.0258403114545,0.19434560033
211,0.0263466068029,0.196028434632,0.0258654962795,0.193862275435
212,0.0263682406784,0.195171116517,0.0257964313317,0.193201094866
213,0.0262397606731,0.194543797652,0.0257350081005,0.192634422045
214,0.0263516097096,0.194016298387,0.025675277154,0.192853423265
215,0.0261885374641,0.193428188677,0.0256120877054,0.195454144707
216,0.0263178535813,0.192970950171,0.0256409791943,0.191613713136
217,0.0261317184303,0.192454029867,0.0255506851066,0.191461074811
218,0.0260991730285,0.192064982871,0.0255672117838,0.190120658049
219,0.0261634783568,0.191453066112,0.0255382454309,0.190448080118
220,0.0260834212929,0.190650063419,0.0255298982733,0.192197439762
221,0.0260385774349,0.190118622596,0.0255133054721,0.190402317506
222,0.0259027762849,0.189608416042,0.0253749854433,0.19405160042
223,0.0258755240963,0.189050517948,0.0253635477991,0.188251929787
224,0.0258110357758,0.18862854255,0.0253468478242,0.187075759356
225,0.0257365792903,0.187944344687,0.0253266266619,0.18628624884
226,0.0259030010249,0.187425180407,0.0252670975975,0.186097169152
227,0.0258097967644,0.186967067334,0.0253347717226,0.185016652712
228,0.0257661519177,0.186631577356,0.0253026327835,0.184507403236
229,0.0257474216255,0.186059042294,0.0252691767393,0.183998303918
230,0.025620248406,0.185615817898,0.0252368832723,0.183498906401
231,0.0257106795619,0.185123336649,0.0251640923178,0.183362408326
232,0.0255302118145,0.184570981269,0.0251279316413,0.182677694238
233,0.0256488472511,0.184073367232,0.0251318005702,0.18199857267
234,0.0255203438369,0.183538105785,0.0251031973614,0.181542808047
235,0.0253912212982,0.183059067742,0.0250716554717,0.181068177407
236,0.0254691147379,0.182676046972,0.0250291822192,0.180578434697
237,0.0254213000472,0.182129397758,0.0250064635363,0.180137338547
238,0.0254430326284,0.181648613116,0.0249732917605,0.179674584132
239,0.0252903546117,0.181235539867,0.0249395308873,0.17922233389
240,0.025431666552,0.180860827156,0.024906930442,0.178768590093
241,0.0254172278086,0.180488260499,0.0248732742352,0.178322262489
242,0.0252607004307,0.180050519327,0.0248402288327,0.177878316778
243,0.0253271506056,0.179619046424,0.0248064267664,0.177438335923
244,0.0252436627868,0.179178977795,0.0247731230293,0.177006224027
245,0.0252438261026,0.178750624815,0.0247407391524,0.17658084631
246,0.0250804160351,0.17833885516,0.0247066849126,0.176146926788
247,0.0251979372719,0.177913248827,0.02467308043,0.175728885027
248,0.0251663838402,0.177498009041,0.024639689077,0.175318531119
249,0.0251642215321,0.177093981316,0.0246067046403,0.174906697411
250,0.0249133402352,0.176690177222,0.0245725387851,0.174498835435
251,0.0250381243678,0.176292574716,0.024539335201,0.174092775354
252,0.0250698365199,0.175894155926,0.0245054955952,0.173695589487
253,0.0250166186912,0.175504997603,0.0244721069645,0.173300696107
254,0.0249606878371,0.175116625474,0.0244383197278,0.172912195325
255,0.0247733397086,0.174738155886,0.0244043381312,0.172523105374
256,0.0247528403494,0.174355289593,0.0243714809274,0.172144566591
257,0.0247931426182,0.17398304288,0.0243374940294,0.171767723102
258,0.0248527975616,0.173615429507,0.024304143583,0.171391918109
259,0.0247452000091,0.173246468586,0.0242708006587,0.171023694369
260,0.0247360707394,0.1728839372,0.0242369333282,0.170661065441
261,0.0246865508078,0.172526596136,0.0242035634672,0.170300904375
262,0.0245864293268,0.17217015265,0.0241705331092,0.169947869503
263,0.0245773998524,0.171827404771,0.0241356852393,0.16958749982
264,0.0244933828769,0.171477466074,0.0241018911251,0.169235894313
265,0.0245275607901,0.171132150649,0.0240688131979,0.168890843025
266,0.0244820093427,0.170792491222,0.0240358459548,0.168552986704
267,0.0242601292762,0.170457601317,0.0240015761497,0.168215725284
268,0.0245097188142,0.170126589051,0.0239680773364,0.167880516786
269,0.0243853736583,0.169801102699,0.0239340448036,0.167545113426
270,0.0243463110337,0.169470599719,0.0239007995965,0.167221318071
271,0.0243635404222,0.169155630999,0.0238669887185,0.166893093632
272,0.0243356811552,0.168832473716,0.0238338374318,0.166575358464
273,0.0242347639327,0.168520940892,0.0237997131995,0.166257767723
274,0.0239738593072,0.168208875021,0.0237662488451,0.165944897212
275,0.0240855830718,0.167901165237,0.0237329529169,0.165635866614
276,0.024191399914,0.167604762155,0.0236981765439,0.16532033338
277,0.0241156485737,0.167296638187,0.023664335362,0.165018100005
278,0.0238464942713,0.167003354626,0.0236304281279,0.164714228648
279,0.0241519070687,0.16670229168,0.0235972009742,0.164422749327
280,0.0239237860262,0.166418151678,0.0235635562298,0.164126068354
281,0.0239832218104,0.166128067264,0.0235299909344,0.163835393695
282,0.0238675826218,0.165842744892,0.0234963338679,0.16354897389
