epoch,jaccard,loss,val_jaccard,val_loss
0,0.0691646670237,0.706429161705,0.069509611596,2.57426023856
1,0.0707617901498,0.656568305997,0.0677529751556,0.686950006522
2,0.0732401990905,0.631626008795,0.0758956880018,0.620505236089
3,0.0739503626067,0.610083849384,0.0777556864487,0.632769928314
4,0.0732810319079,0.594080784,0.0711208549328,0.612576374784
5,0.0747071303642,0.573674565324,0.0775824514276,0.562318259384
6,0.0763475745916,0.555280904357,0.0770097557397,0.530467668548
7,0.0763631437081,0.538848528495,0.0788722903235,0.519160348922
8,0.0793132368977,0.520738649827,0.0766300963296,0.490632660221
9,0.0798930033791,0.50613312022,0.0798889208236,0.475135015789
10,0.081085463341,0.490587106118,0.0837718880503,0.467356704641
11,0.0808529238431,0.478761003568,0.0784814377839,0.452414213214
12,0.080446721771,0.469062754168,0.0718509328144,5.94362573326
13,0.0777192436732,0.457555056191,0.065608419216,0.678285974078
14,0.0761735930036,0.448069960452,0.0643257510819,0.932650845498
15,0.0738809694035,0.440534166992,0.0702808254864,0.69688499067
16,0.0752124140361,0.426494521017,0.0745572019659,0.447802154813
17,0.0721789915115,0.417539634384,0.0746665134793,0.784001507331
18,0.0741228155004,0.406829696435,0.0765977697156,0.681364336051
19,0.0784290455318,0.39559670767,0.0832454244664,0.44705506647
20,0.0774882139746,0.386963061415,0.0880699906556,0.392275188118
21,0.0814956039405,0.379126315507,0.080738632445,0.36355370516
22,0.0817182326797,0.368944892517,0.078030653327,0.354951922782
23,0.0801291809184,0.362890660763,0.0757055849244,0.344430843834
24,0.0799914839176,0.355375692821,0.0871891407587,0.349994098768
25,0.0841011248099,0.346950730452,0.0820446432626,0.327590028755
26,0.0836884265479,0.341307404523,0.0672146827856,0.361633124528
27,0.0805496899769,0.336045739742,0.094145972078,0.333442516392
28,0.0828445991501,0.330124455576,0.0843235982757,0.322426122846
29,0.0857508678276,0.323272443735,0.0898163693491,0.317854091292
30,0.0863051002917,0.317020296477,0.078136730328,0.303147382336
31,0.0856190292487,0.314110926138,0.0893371992861,0.315181357786
32,0.0858199165489,0.309669418977,0.0784337339283,0.298204329563
33,0.0837264981192,0.306449696995,0.0818830281496,0.295399155933
34,0.0838847890174,0.299666589556,0.0861987663375,0.40345150535
35,0.0900176784668,0.292710940712,0.090969690762,0.395979088498
36,0.0896845497907,0.289914113398,0.090457222308,0.301856476115
37,0.0923776704675,0.284762896884,0.0819627962774,0.28059865837
38,0.0895071331268,0.282431582419,0.0933538691606,0.276019563898
39,0.0936315588008,0.280861607824,0.0742300219135,0.272103314288
40,0.0910705177185,0.278475173104,0.0782893236901,0.399644076591
41,0.0870840978773,0.276702261028,0.0656056125008,0.27030450711
42,0.0920159853278,0.272044051152,0.0794093484583,0.288437334122
43,0.0927756331646,0.266977777561,0.0845194808498,0.263072983827
44,0.0960189829616,0.262638713591,0.0861926694924,0.247420666739
45,0.0970495934329,0.259878985011,0.0884602207516,0.251898349961
46,0.0989762453649,0.256141389219,0.0870801233395,0.243211128283
47,0.0986636291043,0.25389707375,0.0901540988707,0.241222781362
48,0.0953216968964,0.252743220673,0.0948194735392,0.242272489471
49,0.105206574886,0.246591363675,0.0944281691918,0.240071837325
50,0.103474767449,0.245055337938,0.10302078494,0.233630931471
51,0.108476763484,0.242040401181,0.077548831061,0.254591224017
52,0.10369257778,0.240489623008,0.106869889278,0.233187302714
53,0.105178922934,0.239632243147,0.102031887422,0.228877451969
54,0.106000630615,0.235423474644,0.11957124382,0.226239535259
55,0.116937248108,0.230773573598,0.114404774038,0.224768123007
56,0.115033036599,0.22947213283,0.111393174884,0.218973581679
57,0.111830551052,0.229080550659,0.124492024945,0.221623220481
58,0.1222425475,0.224893919837,0.130890555389,0.220963446656
59,0.123420744418,0.221826528414,0.108419138298,0.214962809812
60,0.125182792759,0.220577561798,0.0989499932912,0.217063131742
61,0.124664060771,0.219409977014,0.0958903045102,0.220931103686
62,0.115242768079,0.226865057189,0.0948204883607,0.221711856546
63,0.110879476469,0.224186958602,0.107057398709,0.217069190578
64,0.120231638054,0.219837806259,0.0924077071541,0.625961666927
65,0.125356650338,0.216724141573,0.115232114709,0.293334971648
66,0.129582328937,0.211622578307,0.117919453827,0.206472717691
67,0.135072844819,0.20904937931,0.107978830551,0.205246399273
68,0.144074929233,0.204280806562,0.105516601267,0.204876298318
69,0.140523560345,0.203117584093,0.132451935089,0.197336443118
70,0.146659252234,0.200944581571,0.16514891549,0.200945117511
71,0.158097680228,0.197365846198,0.143284875317,0.192634538282
72,0.138208762098,0.20177829151,0.148238993133,0.193214751547
73,0.153820718818,0.196500668732,0.159091213136,0.18608740333
74,0.156112541874,0.195904855831,0.127468394523,0.20133048459
75,0.164484560705,0.194114513122,0.162820288155,0.195043483749
76,0.163129481487,0.190815552783,0.18112145731,0.179703732021
77,0.179552455719,0.187721044971,0.167878168169,0.194932359736
78,0.17227551556,0.188303120721,0.150480861776,0.188468664885
79,0.173834603781,0.186590869123,0.154985054745,0.183245133841
80,0.17294756581,0.183735436975,0.18162777659,0.17612918478
81,0.186301392861,0.179038769924,0.184163859813,0.173883777577
82,0.180353820252,0.179738715578,0.156373523816,0.181137462496
83,0.181732779512,0.178534211161,0.153281604988,0.182388980291
84,0.18974796525,0.176031789671,0.176065651001,0.172478637891
85,0.192249411287,0.175494420271,0.190453471965,0.168911585468
86,0.199154571415,0.171988979412,0.189133095089,0.169343983172
87,0.196546715469,0.171218838973,0.188439757447,0.171200346202
88,0.203126837571,0.16982313747,0.177399143344,0.172747922479
89,0.203739177292,0.168108738242,0.168983629264,0.173687889124
90,0.208121449902,0.165697934249,0.206835649791,0.173657657579
91,0.200216521753,0.16913165281,0.203120344784,0.165712832473
92,0.213842410164,0.163694992232,0.198474048055,0.1653428399
93,0.224349471526,0.160301063783,0.201122241211,0.163658960257
94,0.22529897495,0.159449784228,0.189763004775,0.167598345666
95,0.228386333642,0.157856102173,0.199690015754,0.168584359344
96,0.232250069483,0.157613430315,0.201953695272,0.166005499312
97,0.239787405787,0.152754085138,0.220029077143,0.163656521006
98,0.233199606435,0.15492720816,0.215223012608,0.160339829163
99,0.224180505468,0.155921357612,0.207223640115,0.160446861992
100,0.246867121985,0.150537801763,0.218774239649,0.163371870294
101,0.252460426436,0.148852203758,0.199656559387,0.16497182392
102,0.237091762802,0.153648616889,0.176950840629,0.166903311503
103,0.246872640501,0.148214096203,0.215730715543,0.161153309396
104,0.249153179331,0.147102489638,0.208376017108,0.165584777482
105,0.258993469035,0.145429867105,0.243200450321,0.151623051264
106,0.255949863018,0.144321956027,0.219282025355,0.15224993939
107,0.272399746168,0.141469215974,0.226842037751,0.158789837267
108,0.273219870117,0.139671295165,0.239344712114,0.154407140566
109,0.275457750361,0.1387177061,0.231131261331,0.153264585184
110,0.282018178071,0.13891542359,0.248676366522,0.153372150846
111,0.286474898744,0.134061714061,0.253077775822,0.148611713666
112,0.28516749923,0.134839582472,0.230000103125,0.157119921292
113,0.287902470535,0.133191621074,0.249524796265,0.154839000665
114,0.293365793016,0.128846674584,0.236472876219,0.159462038428
115,0.302235285107,0.129545327849,0.199796259229,0.173551667947
116,0.292928059084,0.131858886578,0.220298237517,0.162708976073
117,0.305112647896,0.126755713987,0.243661409651,0.155764669762
118,0.298373561814,0.127672418952,0.225536547252,0.157582558692
119,0.315357723488,0.127229399836,0.25383561675,0.158460742794
120,0.326228735539,0.123062455167,0.274604664301,0.146415350609
121,0.322830451796,0.120388961469,0.254283786984,0.153609295026
122,0.335821939489,0.118468315555,0.265075181145,0.151871039416
123,0.340317378824,0.116585667388,0.220538681839,0.169407314213
124,0.353440981358,0.11499088931,0.258709339658,0.158957734879
125,0.341064786968,0.115042311498,0.269772132044,0.145569168613
126,0.362236067653,0.11032568864,0.288139110431,0.148330271128
127,0.366120326978,0.107980205749,0.236169597018,0.173661985318
128,0.364858302646,0.109903718345,0.274799744191,0.1546495246
129,0.368848738762,0.108554999416,0.282259510946,0.152631612495
130,0.367504129903,0.109129945103,0.269590913435,0.151382652111
131,0.393845033474,0.102705326576,0.255497140228,0.16123107262
132,0.374930453702,0.106448590397,0.272239853395,0.152855092078
133,0.376981629489,0.103987122814,0.25955057994,0.159911459312
134,0.401289798319,0.0998971869882,0.2879343729,0.152092915145
135,0.412687159502,0.0976046929136,0.283902885276,0.149904960941
136,0.407905906725,0.0955866283665,0.296889844933,0.147915245791
137,0.399513536348,0.0982568092071,0.287981687696,0.155392264249
138,0.41365026568,0.0945041611647,0.272494383971,0.162791468785
139,0.408747507116,0.0956251747333,0.292578260414,0.150768811698
140,0.425386397884,0.0916323730579,0.29656312021,0.150030968362
141,0.424386764948,0.0919577121878,0.31253067439,0.147405933531
142,0.444469365363,0.0864214675788,0.29645420087,0.148384530796
