epoch,jaccard,loss,val_jaccard,val_loss
0,0.178764898903,0.635734065221,0.179781707469,0.585500360467
1,0.202486469482,0.558253157597,0.190878939116,0.554312361404
2,0.210406200101,0.534332958552,0.197607890004,0.533864093944
3,0.21621351116,0.515750407599,0.201834762236,0.521978877019
4,0.222916667708,0.501382348629,0.205779629061,0.511292835232
5,0.225220838562,0.493923281821,0.20993636502,0.498964095954
6,0.224379104204,0.489728011764,0.211863540811,0.490447057877
7,0.228600272336,0.477007080729,0.217532322975,0.477157488931
8,0.233948201944,0.465620005933,0.220515773864,0.468898956664
9,0.237034395337,0.460001846346,0.223238399252,0.463506972883
10,0.243089434619,0.44896034094,0.223460055888,0.459862382151
11,0.242420416325,0.446039610757,0.228353514336,0.451572250575
12,0.247224591672,0.436598196053,0.230212031398,0.446632812265
13,0.249353489337,0.431954286419,0.232692791382,0.441021801438
14,0.252230235017,0.425087525294,0.234358393354,0.434138640761
15,0.252491736641,0.421335734427,0.237605526578,0.426820056979
16,0.254124607031,0.418241174175,0.240139093716,0.423170136753
17,0.260148764803,0.408202673953,0.240964628058,0.423167638015
18,0.260922010272,0.405598196846,0.243874468841,0.413614856079
19,0.2603649391,0.403962106086,0.24579442176,0.410968558397
20,0.267027046245,0.395103866664,0.245888180099,0.409101927653
21,0.263536229157,0.394936272158,0.249946522526,0.402260918636
22,0.26770689711,0.388792397311,0.253858587006,0.403263851069
23,0.270465280001,0.385538245623,0.253598229261,0.390991837252
24,0.272021547246,0.381826449472,0.255126069998,0.389665680937
25,0.274792674356,0.3760254257,0.255510913208,0.392000290565
26,0.277965498658,0.372223892464,0.257218361367,0.385963726323
27,0.281097848541,0.368353145627,0.258466842351,0.376581361983
28,0.28343857309,0.365148530557,0.260813946836,0.37439816026
29,0.281371825303,0.363243681307,0.260030543897,0.380230110604
30,0.286217425878,0.35817397787,0.265361767728,0.367603358813
31,0.284972026371,0.358346666854,0.266280827578,0.363710694946
32,0.285891651248,0.354181537261,0.268212652532,0.36860975856
33,0.288156749824,0.350784471402,0.268851706758,0.360932614189
34,0.295608762938,0.345222877768,0.266894906759,0.362330823205
35,0.289558635881,0.3465114276,0.27469618246,0.356453571003
36,0.297964871789,0.33869095204,0.273596372455,0.35353895789
37,0.29518440681,0.339810732466,0.274748572847,0.353875343688
38,0.297394441584,0.336145606752,0.278536838479,0.345795652363
39,0.300827300892,0.331703781508,0.280645199586,0.342053320259
40,0.295894225773,0.335068605267,0.280356417876,0.343117416371
41,0.303977172535,0.327671304345,0.28282254748,0.337043841835
42,0.303584711769,0.32511587269,0.283391689882,0.343760049902
43,0.308845193054,0.322951738651,0.282446643803,0.33473246498
44,0.306055733791,0.321222287531,0.282812345307,0.33291748492
45,0.309006123875,0.319725414308,0.28527433821,0.331206865609
46,0.312518455375,0.312195348052,0.283624521224,0.345143171959
47,0.314432107485,0.312507155996,0.28765558661,0.324978806544
48,0.313843809068,0.310837690074,0.288089935668,0.338425555732
49,0.318331604394,0.307100847937,0.292933256365,0.326412170194
50,0.316995466558,0.306766475622,0.29388758284,0.324773573782
51,0.319528820136,0.303976878524,0.295396105619,0.324720212724
52,0.324462766544,0.29856713632,0.292860345915,0.315574666951
53,0.317991365034,0.305359517726,0.289993552025,0.315903299488
54,0.32098945087,0.302494717332,0.293889567023,0.323769411072
55,0.327183967313,0.294428687829,0.299221453024,0.312714258209
56,0.329677505848,0.292336504047,0.303538921056,0.307999403216
57,0.32916191908,0.291087123637,0.303611411713,0.306985229254
58,0.330384692894,0.288760346575,0.303396546748,0.315615354571
59,0.336307037908,0.284190281939,0.302482090425,0.312100688461
60,0.335865419645,0.284601563445,0.305300606182,0.307461404242
61,0.337284053461,0.281696983541,0.30598100042,0.306564758997
62,0.33793901824,0.280619506653,0.305219833972,0.313486766536
63,0.340432146134,0.279079467058,0.309984141961,0.306388124358
64,0.34095246746,0.2768097368,0.309467124287,0.296188761946
65,0.344782772259,0.274161076603,0.314357355935,0.295578653924
66,0.340317375958,0.275790110517,0.313607969088,0.294184535276
67,0.347057495553,0.270072706903,0.315303263022,0.305220351089
68,0.348452564042,0.269030489028,0.31790193473,0.294233563356
69,0.346873564502,0.270209161708,0.314584637526,0.289621978067
70,0.349816751595,0.267192443116,0.321570296306,0.286068930291
71,0.354170193179,0.264543665716,0.322893572738,0.28190994449
72,0.355162258332,0.26362241518,0.320318647195,0.28333978029
73,0.344245027178,0.269443144019,0.324227378936,0.280884512234
74,0.356120287512,0.261191486453,0.323277898831,0.288676588796
75,0.359420654579,0.25842718121,0.325421259506,0.287853033282
76,0.360431029533,0.25498691889,0.328802117379,0.289170205826
77,0.361856835966,0.256113473039,0.325271301903,0.282254392281
78,0.355039608307,0.260644233857,0.329382257536,0.272044235608
79,0.369053884194,0.250823844511,0.327088088728,0.279131892603
80,0.36880996766,0.248778807143,0.333315250231,0.274527885951
81,0.365940358776,0.250792804532,0.334291869076,0.277625184506
82,0.375535982733,0.245889307788,0.33260793332,0.267592452001
83,0.369565598094,0.24552712131,0.337539457483,0.278741296614
84,0.376470556626,0.243511926096,0.336958534084,0.275189633016
85,0.375765509617,0.242265057105,0.336350587662,0.271505714394
86,0.379015391549,0.240426813181,0.343306472059,0.261041710386
87,0.371839606131,0.244616006716,0.334439034574,0.264632758219
88,0.379112811616,0.237825665336,0.339996453375,0.277944413014
89,0.373009150705,0.244332100336,0.332236919086,0.262417009333
90,0.373812864033,0.242666634803,0.339291005163,0.265495372936
91,0.374108573279,0.243146084536,0.342741458677,0.265890338458
92,0.382826316242,0.237381957185,0.345049878582,0.266437933082
93,0.387700047057,0.232109070684,0.35015943367,0.264806535095
94,0.386828066351,0.232525422883,0.348886216525,0.262004411779
95,0.387495017396,0.232668805008,0.34289265424,0.273674797732
96,0.388883300412,0.229600969989,0.353041428141,0.261393417371
97,0.387867739854,0.23139596186,0.346121634822,0.276473063976
98,0.387432527943,0.23127983052,0.3477366562,0.269156832015
99,0.392892945844,0.227821060958,0.353500206489,0.269486787263
100,0.399225708384,0.222647004689,0.353857338428,0.259248985909
101,0.399993859518,0.221123933792,0.357767974027,0.259384860052
102,0.405391048927,0.219509178343,0.360798357055,0.253292933339
103,0.404088489998,0.220847771145,0.351403374923,0.255867882399
104,0.400002152301,0.221463053272,0.35741436854,0.248543884605
105,0.398158072566,0.221429856637,0.366298718378,0.258389626164
106,0.411880516662,0.216572212485,0.353951538447,0.253375656204
107,0.409125306285,0.21505044372,0.362365609966,0.247539065778
108,0.407871611703,0.215245199032,0.366086097434,0.249141699169
109,0.40418842091,0.216763093781,0.366299511399,0.256789184641
110,0.414642603925,0.21163706854,0.365864583757,0.253271974158
111,0.412014236817,0.214307601349,0.363587548491,0.25146313617
112,0.409642380591,0.21496366996,0.359277409036,0.255676743342
113,0.415744141317,0.210020214892,0.368828817271,0.255773498444
114,0.41732426131,0.209999548415,0.372184449341,0.254364988534
115,0.418964747339,0.209368454149,0.368766648229,0.250968513079
116,0.418086443383,0.20747618148,0.374482402112,0.251196767204
117,0.420367534344,0.208422359366,0.374303914607,0.245764174731
118,0.416142717577,0.210893946485,0.373874100391,0.247927836608
119,0.425831571794,0.204699982244,0.377612430137,0.238926122198
120,0.429502576016,0.203890610773,0.368431038689,0.235463463468
121,0.418221335572,0.206958364409,0.372593600769,0.246396391653
122,0.427147173538,0.203078378278,0.371518679895,0.236342342105
123,0.425983473659,0.202905517931,0.372352763079,0.248303258559
124,0.427807658338,0.201251952981,0.382876118179,0.236453672173
125,0.438906432917,0.196746853109,0.384485818911,0.241296942113
126,0.438124160354,0.1979595801,0.373388621025,0.249608095735
127,0.433044984937,0.198305023118,0.377002826426,0.239711147035
128,0.430821215304,0.200178615462,0.375629437156,0.253207044443
129,0.437431079264,0.195957556367,0.377048081718,0.248859020881
130,0.433162995256,0.19688004943,0.380409894977,0.245378647232
131,0.437937917618,0.195366559693,0.378141787834,0.25795907015
132,0.436294131554,0.195697472359,0.387999735307,0.245050578378
133,0.439482695781,0.195480361294,0.387961570174,0.24492857419
134,0.438745247057,0.193602038977,0.382054082584,0.234622868709
135,0.443883139354,0.192728940971,0.383738182019,0.238032260677
136,0.448162153363,0.190154791451,0.380395036656,0.249519004254
137,0.439319693125,0.193099003858,0.396750412416,0.242656475632
138,0.45246358617,0.189854843972,0.38012947049,0.252757164882
139,0.447773803312,0.18943267115,0.391979250591,0.240619228687
140,0.440008650605,0.19441827186,0.387676618993,0.247373125982
141,0.445108033144,0.190322896322,0.396816476714,0.228430146351
142,0.453519121386,0.18710365261,0.38891785033,0.237131385366
143,0.455465584993,0.18515487703,0.391076657455,0.251665239222
144,0.452246438425,0.187569375795,0.394373752177,0.233035408892
145,0.452821184236,0.185990611808,0.395552737638,0.241690688767
146,0.448052279651,0.188323382575,0.400141520891,0.232201979496
147,0.45784521676,0.18348647826,0.399315419607,0.235607428011
148,0.45969703507,0.183357783522,0.403501316905,0.235712096328
149,0.460084337455,0.183374441014,0.38996321708,0.244264364243
150,0.4609818705,0.183120168459,0.386336016469,0.227901009377
151,0.456273219333,0.18267279147,0.402912411373,0.231000004103
152,0.467177358384,0.179098473432,0.399575806689,0.235071754083
153,0.467406383501,0.179723318953,0.40493797278,0.234906024765
154,0.463651685761,0.179444352595,0.395432278514,0.250898799393
155,0.458341102761,0.185281726603,0.403490438126,0.223257079953
156,0.465804035847,0.179020632632,0.402785535902,0.229786120122
157,0.468310541832,0.177235053995,0.407774936408,0.226218894124
158,0.465533183171,0.17924137786,0.400874752086,0.228662729263
159,0.472533648977,0.175707357721,0.400558757596,0.232598242816
160,0.471964189066,0.17695437515,0.405470155645,0.226777588949
161,0.476950628826,0.174802644035,0.40315174032,0.236952998675
162,0.480185263432,0.1717335897,0.399558985606,0.245369265089
163,0.475057336573,0.173702744051,0.411811983678,0.223774938378
164,0.472998276353,0.176413985972,0.40576214483,0.22621369781
165,0.480816704723,0.171534857211,0.406249955762,0.236999754794
166,0.48210138541,0.171129118794,0.407113675494,0.240235506324
167,0.478670839507,0.172494475658,0.413590940647,0.228105078684
168,0.477240035167,0.171473010801,0.407421444543,0.240105758654
169,0.479368306123,0.172447863966,0.415610445198,0.233087921515
170,0.486094152698,0.167787603604,0.415784189943,0.235312060686
171,0.473967404893,0.174931956312,0.418581467122,0.219147177413
172,0.474938254803,0.173949807309,0.412018080708,0.231942978688
173,0.480268207307,0.170900770678,0.415729552507,0.224800252123
174,0.491642020643,0.165903157626,0.413490428589,0.230183822336
175,0.491033535737,0.16580947202,0.415834082291,0.239456864772
176,0.492375126825,0.165768998747,0.416195244063,0.226209710352
177,0.49133602759,0.16599616437,0.423092427664,0.221838676371
178,0.496115666743,0.164946927188,0.418498480227,0.219275415177
179,0.487791935985,0.165905770774,0.416715321597,0.228048304562
180,0.495042337821,0.164697586057,0.41860692529,0.227363480022
181,0.495303693299,0.164509273492,0.413957615849,0.239431819879
182,0.501667227883,0.16153855937,0.421941343229,0.226071352838
183,0.495231526402,0.163504036143,0.420037559699,0.23690086999
184,0.495738614064,0.163950594429,0.421845140867,0.227558338316
185,0.501082325211,0.161242908297,0.419934510253,0.224725787761
186,0.497839876092,0.163894438973,0.426506984048,0.227527203038
187,0.494417450749,0.163818993534,0.414048464969,0.240913995076
188,0.496778636598,0.162217639387,0.42620874662,0.221724608215
189,0.494799056878,0.163849048603,0.417192200664,0.226673264755
190,0.505023695529,0.159472698489,0.417136115953,0.231216986896
191,0.502822298843,0.160653973142,0.431404006667,0.22494221176
192,0.503844767236,0.158958567163,0.424576547928,0.228666666429
193,0.507991458934,0.157944466632,0.430623374879,0.226566627156
194,0.509404400793,0.157771518311,0.422519806307,0.227018552599
195,0.506090071339,0.159661454364,0.418359500822,0.220393726137
196,0.503193867321,0.159650865369,0.42988976324,0.23769219988
197,0.507393610019,0.157783159556,0.432546004653,0.224930423079
198,0.506574899531,0.15786311231,0.429633739404,0.235519289738
199,0.50747152991,0.156327142595,0.4350656569,0.221603021491
200,0.517288400577,0.154651911643,0.425847820006,0.238339129835
201,0.515811806688,0.155338419601,0.42829560861,0.22135880217
202,0.510906361617,0.155735443991,0.43223597249,0.227875141427
203,0.51939549469,0.153155703241,0.435995008331,0.217565803556
204,0.514799902072,0.153648787106,0.431402670685,0.228090834105
205,0.518666579746,0.153244555713,0.42852397589,0.226646658266
206,0.511606606726,0.156496968837,0.4335101326,0.217299434589
207,0.509154509466,0.15696965158,0.429986700881,0.223145602969
208,0.515453334038,0.155760344978,0.43004723778,0.233487953898
209,0.51537601134,0.153709402308,0.435936603229,0.21544162021
210,0.512801034519,0.155757007117,0.42951531196,0.214824292343
211,0.515769998041,0.152741701987,0.427830648143,0.227500912966
212,0.524329370604,0.150885844173,0.440598670393,0.215206115972
213,0.516828545584,0.155431754457,0.425652723759,0.241369227879
214,0.507449943286,0.159082344948,0.429432997946,0.211547467858
215,0.524717469055,0.150994343253,0.449483169708,0.206505175214
216,0.520260981642,0.153433035916,0.439045911189,0.206956367474
217,0.521159129074,0.151117188426,0.445556609426,0.217029959662
218,0.531293834631,0.148103080833,0.448260273784,0.211155448575
219,0.534184564765,0.146357779319,0.445211265236,0.213152613956
220,0.536065647235,0.146200508882,0.442114844453,0.221130123362
221,0.529207784396,0.14863958482,0.437607581727,0.211144777015
222,0.535951998944,0.146433870236,0.441425266676,0.215646410361
223,0.527407641021,0.146705816715,0.438912918326,0.215620055795
224,0.525108587856,0.149598549048,0.441298530437,0.205929403426
225,0.530435154644,0.148254364729,0.436866494827,0.217440615641
226,0.532196308558,0.147805122802,0.439325024839,0.228502110345
227,0.530352090987,0.146343075169,0.446234704461,0.214740578318
228,0.53845805904,0.144622517177,0.444291244727,0.212463635951
229,0.532767185225,0.146790633694,0.450125850271,0.219942968572
230,0.535452499413,0.146515659701,0.448037948925,0.221551592229
231,0.531737409532,0.147556320979,0.443156558089,0.214521291666
232,0.534714145156,0.146240516924,0.448528678156,0.213666774333
233,0.534680553354,0.145744109956,0.437745227478,0.216930309776
234,0.533598032708,0.145696035944,0.44531553518,0.222938133404
235,0.541187122464,0.14309564548,0.442817648407,0.219448953867
236,0.532845741854,0.146199967855,0.441570580937,0.231790401507
237,0.539472478514,0.143723437276,0.440885943826,0.221892988309
238,0.548219546676,0.141007167072,0.445518235676,0.223089825362
239,0.545549345131,0.141364730751,0.453547026962,0.214199229144
240,0.542476472946,0.142406377655,0.451956286095,0.217623610748
241,0.538845063975,0.144397693041,0.454658468254,0.217057497939
242,0.544670574367,0.141739995864,0.450365376659,0.214151428081
243,0.536349027203,0.146115001148,0.434178793803,0.223169681383
244,0.53732147297,0.144070333586,0.4411071348,0.220478257164
245,0.549009079543,0.140449305137,0.451009963173,0.226373383543
246,0.541724135669,0.144066854738,0.441578947939,0.21934582456
247,0.537541738496,0.147689847132,0.43837799551,0.224989175098
248,0.538681538059,0.144318552974,0.447695086244,0.226764719468
249,0.551706182842,0.139308011446,0.447520769201,0.222002033144
250,0.552613958716,0.13808624733,0.458073926624,0.212401692988
251,0.551174366703,0.138997900658,0.45308333775,0.215362759074
252,0.553466341816,0.138417083913,0.449168060441,0.215922022937
253,0.552624852611,0.138654107944,0.448795755394,0.218632730888
254,0.55290136257,0.136511812846,0.454248704948,0.213731450727
255,0.557788887276,0.136750929631,0.449341978878,0.233776618727
256,0.551212775019,0.138767032239,0.44302019896,0.224000304705
257,0.561858752026,0.135878064885,0.453211925924,0.218643556582
258,0.559838658342,0.136707400187,0.455867774785,0.214758080896
259,0.552788843329,0.139023145231,0.456772444304,0.223719148664
260,0.561838919727,0.136703382175,0.451206862461,0.217665592209
261,0.565711146364,0.133642630508,0.450847056229,0.225250018528
262,0.556311908823,0.136422217609,0.451177233364,0.212645883206
263,0.558651860517,0.136952816724,0.455280062743,0.215433153557
264,0.559459882287,0.136779654485,0.45810124604,0.216584193753
265,0.561565483992,0.134533059568,0.45416785311,0.224470932968
266,0.565062799133,0.134404468565,0.461154639721,0.20535253128
267,0.56396199247,0.134990153834,0.458216344006,0.212178098038
268,0.567026809431,0.133649669014,0.457023222931,0.216602423461
269,0.568994484842,0.13269504174,0.458825702313,0.22116002487
270,0.556640673142,0.136074934728,0.460248984396,0.224456800846
271,0.567383140326,0.133091330242,0.462365898769,0.225241889479
272,0.569793929847,0.133091000554,0.463715016842,0.218101793667
273,0.563078251023,0.135148097116,0.463316961192,0.223172506085
274,0.56950350335,0.134059801268,0.458467415534,0.216008680174
275,0.569832939941,0.132254587343,0.456516977865,0.215658824658
276,0.569445846172,0.131791806135,0.451814224478,0.228830193169
277,0.566128368561,0.134215034401,0.462997086812,0.222004687879
278,0.567128999875,0.133459933102,0.462143511046,0.215047974838
279,0.568990353781,0.132553664824,0.456999537535,0.212307686685
280,0.577429596048,0.130089477708,0.454882345628,0.218331428478
281,0.573932662606,0.131368681788,0.460344629828,0.216997578507
282,0.564521609017,0.135636181212,0.456434658729,0.226455008844
283,0.571781658209,0.131065408914,0.464110731147,0.209465051303
284,0.568900941656,0.131525997502,0.459165321197,0.232598223258
285,0.574127078629,0.130465357779,0.464139138348,0.21673098579
286,0.574597291648,0.129844463645,0.459595570806,0.218307891162
287,0.572689393965,0.131163750417,0.459384582471,0.212808161043
288,0.576337005656,0.12922076795,0.466860002372,0.210647498025
289,0.572212495483,0.131433088619,0.462557369377,0.225145038916
290,0.573770587834,0.130847768285,0.461789116729,0.210267217364
291,0.579966444236,0.128340380839,0.467364356853,0.214914598735
292,0.574492203502,0.130979184205,0.470204303972,0.210872510448
293,0.576351330831,0.128178567267,0.462539263535,0.223590333713
294,0.573786126306,0.131113085752,0.46524557611,0.220505729318
295,0.576111099468,0.13219442677,0.461727003101,0.218148180284
296,0.575361377918,0.129700657697,0.467109770048,0.228622730589
297,0.582340034155,0.126983386823,0.460776530206,0.220769825624
298,0.582070687069,0.129284829331,0.455276343971,0.233378454577
299,0.576127937207,0.12950764009,0.447385420557,0.243800750002
300,0.579485846827,0.1287612031,0.466848396696,0.226086138282
301,0.586022208516,0.125948015744,0.46214425331,0.237533587962
302,0.576310623724,0.130419440567,0.454873865005,0.239737790776
303,0.579006690245,0.127357477466,0.469060014002,0.224381319014
304,0.584275501279,0.126571399518,0.462598300539,0.224223298021
305,0.587389593514,0.126128598045,0.471233439632,0.216763209552
306,0.588267669655,0.124626593378,0.468953932635,0.22423030599
307,0.593933790922,0.123464668313,0.464754191227,0.224509706022
308,0.579888204542,0.126643934502,0.471485678107,0.218487372622
309,0.581053219736,0.127233158081,0.461951928679,0.233232702129
310,0.580008060886,0.127349952093,0.469668062404,0.218351450982
311,0.588611081243,0.125084743334,0.465957639273,0.221046429127
312,0.589253508701,0.124551369164,0.463623841759,0.229467488127
313,0.587646174316,0.125540378575,0.469461076427,0.226685218979
314,0.583996296502,0.127247569653,0.460666981991,0.22919936548
315,0.582194452675,0.126515300228,0.463593800087,0.229632689618
316,0.594058407041,0.12271969006,0.466050424147,0.228011856554
317,0.592785675365,0.123592211363,0.467478525359,0.225368275773
318,0.588844515956,0.124466782006,0.463395160623,0.22087496426
319,0.5867079462,0.126288944139,0.466910066549,0.220465536462
320,0.586838714205,0.125332605094,0.465770480689,0.227652498521
321,0.591161636779,0.123891521962,0.465688393917,0.218086766778
322,0.593832254983,0.123189822699,0.470598293468,0.225253529148
323,0.592841000511,0.123111299597,0.468934857752,0.233983892715
324,0.585373998261,0.127272470639,0.469811700284,0.225874457974
325,0.589748131541,0.125984600244,0.466376903001,0.230968964752
326,0.584963881052,0.125955380786,0.46495237574,0.225333121372
327,0.596745754091,0.121670516065,0.478681673296,0.213598588947
328,0.591736282867,0.122897844618,0.470020783599,0.225535042817
329,0.598703946059,0.121892943548,0.474574720953,0.227086354978
330,0.593117245688,0.122707783889,0.474066828378,0.218706450425
331,0.597642744963,0.122760509356,0.459602938965,0.233229268575
332,0.595659739696,0.12176110008,0.462541179266,0.225299256155
333,0.596478747061,0.122538725344,0.471513330005,0.228026295081
334,0.60456116956,0.120100380996,0.470590211917,0.236061102245
335,0.596684272473,0.121019128853,0.475820724387,0.225304863648
336,0.607105458012,0.118946716333,0.47321169544,0.22264455026
337,0.599346119624,0.120716270059,0.475444979966,0.224242636235
338,0.597125441982,0.120803455894,0.471218257677,0.229106538463
339,0.607882100802,0.118937824065,0.470046148635,0.22470962326
340,0.604718646178,0.119349260743,0.467230905313,0.233678465476
341,0.59667975914,0.122698682002,0.461566066369,0.254936640849
342,0.584094683138,0.131170712698,0.473303797189,0.20988759608
343,0.581960682686,0.129127793157,0.473508280702,0.216656107921
344,0.600176487405,0.120588960269,0.474764468614,0.220707120141
345,0.605430141091,0.12033434814,0.470354677644,0.227790354285
346,0.602387512533,0.118996314991,0.473758773413,0.224176483462
347,0.611605460827,0.117336593998,0.475266361609,0.231157166651
348,0.604354385,0.12026835978,0.469698864035,0.231593880104
349,0.606388165974,0.117994627271,0.471664641052,0.22621502215
350,0.605175259022,0.118742704535,0.4745328594,0.221202979097
351,0.609802577931,0.117477923202,0.470768248197,0.222138237208
352,0.602359402065,0.120119601202,0.479527732357,0.218144991435
353,0.607080608606,0.118208037116,0.469973502681,0.227455928689
354,0.612993943577,0.11651262426,0.478050883394,0.224993819371
355,0.609226340858,0.119090145454,0.460538257379,0.225231161341
356,0.609976087625,0.117466906157,0.475171285216,0.232560258126
357,0.607732278796,0.118287651155,0.477511012461,0.218446728308
358,0.611444598207,0.116630019477,0.477725740056,0.222779378761
359,0.609428331829,0.116981378255,0.477343227249,0.226108108182
360,0.613751082466,0.116156911907,0.477947447449,0.233675037744
361,0.611129962481,0.117357327818,0.478550142143,0.218767113984
362,0.613615052058,0.116458352225,0.474029930774,0.221370046958
363,0.619738365022,0.114241896269,0.47668617405,0.225510236574
364,0.614053716453,0.116780902761,0.481504244264,0.225647765212
365,0.596802184215,0.127857292071,0.460503045004,0.216492785141
366,0.58978054959,0.126579626392,0.464862429071,0.242278783116
367,0.601189388679,0.122187142475,0.459340698086,0.252512543462
368,0.611493366269,0.117778297514,0.469487026334,0.231621513609
369,0.611472149308,0.116962183983,0.468254263978,0.235707855783
370,0.606276846849,0.119033404554,0.470714330673,0.229850028409
371,0.612928882241,0.115768529475,0.475513682235,0.231157821836
372,0.617668749048,0.115001860146,0.473829925992,0.226558736991
373,0.609716003904,0.116310781154,0.476670474745,0.223349513719
374,0.61971338781,0.114080129621,0.470408448949,0.236430033576
375,0.61832738897,0.114841022887,0.474475209136,0.230326170102
376,0.618686517844,0.115357105835,0.474661987741,0.226989700692
377,0.613864354216,0.115496532633,0.476422040723,0.229109166889
378,0.622531050673,0.11374780113,0.475149555132,0.228591717547
379,0.619730445055,0.114626273943,0.477496617474,0.227347235428
380,0.616530959423,0.114715506323,0.476755005773,0.235656393925
381,0.623338448314,0.112545182785,0.481529338751,0.228123583365
382,0.618356596965,0.114219241417,0.475894726347,0.235455529531
383,0.620674659426,0.113179848028,0.480070204474,0.234417406376
384,0.6203165914,0.11382548511,0.477179643698,0.230269741965
385,0.615349777616,0.11549216953,0.480572009925,0.227461904055
386,0.615804600601,0.11394090449,0.477226871997,0.227163725067
387,0.621285610474,0.112671247182,0.484980275389,0.229790933197
388,0.622424730888,0.11293984663,0.477959504817,0.234999468783
389,0.621244469514,0.115302092754,0.466128841508,0.233298904961
390,0.618220834205,0.113772459901,0.477767428383,0.22994846967
391,0.618165160601,0.114062965633,0.48155737808,0.231399095152
392,0.627424642444,0.111344126411,0.483177162241,0.222947240574
393,0.625183010331,0.111685685169,0.477158791386,0.225590238813
394,0.628036770683,0.111642284319,0.46786260698,0.234810453607
395,0.629585242042,0.111876038548,0.482023117132,0.228457991732
396,0.626156220069,0.111847260967,0.479099946562,0.231048443355
397,0.620885785956,0.112473243847,0.480581767857,0.228129802505
398,0.627701706611,0.110408597984,0.477185756899,0.231965576299
399,0.628986355204,0.110299207843,0.476636451669,0.227958208416
400,0.627446521933,0.110361221032,0.482132113539,0.229115617462
401,0.629986518851,0.110473518475,0.483828419354,0.228759985184
402,0.632028469673,0.109607601968,0.482337006833,0.231009552022
403,0.634399943627,0.109405175854,0.48004561523,0.231756048277
404,0.628045758949,0.112017601872,0.479100170545,0.237497537863
405,0.632088602735,0.110139752953,0.482494789176,0.238172893878
406,0.626973252457,0.111539930392,0.475559588987,0.232325604418
407,0.630045411678,0.110398644725,0.478877300397,0.23730080924
408,0.634427126784,0.109421156777,0.47810509894,0.241719617974
409,0.624521819445,0.113611262722,0.467762289103,0.23851265246
410,0.631003108162,0.110283803911,0.477176450659,0.233742870158
411,0.634881577813,0.108910072953,0.480018469505,0.229865978705
412,0.629435687111,0.10973625974,0.477133377921,0.234792363597
413,0.634323289761,0.108409611652,0.473757214844,0.25138412416
414,0.636417565437,0.109470078292,0.478667940013,0.228820226621
415,0.63392331967,0.109381308636,0.484075849876,0.234214314027
416,0.63287283824,0.109488853898,0.479830685537,0.238577416399
417,0.636040099538,0.108379430782,0.480957144871,0.236664425815
418,0.628946222938,0.111484266459,0.480023468379,0.227788696997
419,0.629248913664,0.113088298732,0.470019448549,0.230007500621
420,0.629162081159,0.109922840905,0.481891434174,0.229478854453
421,0.635072391767,0.107918251306,0.477447013371,0.240465456387
422,0.635804652021,0.1073653804,0.485008963384,0.231737514026
423,0.63360093534,0.108754060303,0.486953599378,0.235365998
424,0.632975831055,0.108682391735,0.482542908285,0.237952043768
425,0.635876930677,0.108115093783,0.477711202577,0.236227250891
426,0.635875339691,0.108243977221,0.477036072873,0.249575073831
427,0.6400781377,0.107280392271,0.484356571455,0.23964649532
428,0.637675793698,0.108115261134,0.480877423659,0.233152583241
429,0.636186281076,0.107931258658,0.482912412845,0.226884797681
430,0.639595012252,0.106318672761,0.48648387799,0.229829809163
431,0.634692697571,0.108114263186,0.482262489386,0.230793196242
432,0.637291182692,0.107794875995,0.479339552578,0.244252074743
433,0.63118240008,0.110126527671,0.485985383857,0.23218111461
434,0.636422138948,0.107984514764,0.479123793077,0.230897950009
435,0.637170736606,0.107404310829,0.484888514969,0.237656036858
436,0.641567381529,0.105838222429,0.482879482675,0.238757120445
437,0.642960115121,0.106219014153,0.484599372838,0.233851147117
438,0.644171460317,0.10615508201,0.485588814598,0.232888203813
439,0.635781559233,0.108438823086,0.47833086038,0.24496721779
440,0.640155529747,0.10641044278,0.478130555246,0.242441077949
441,0.640532523394,0.106100857831,0.466627437156,0.269352651201
442,0.643056205832,0.105851571505,0.480845724698,0.242560010869
443,0.637553917674,0.107727096774,0.478745217901,0.240229317453
444,0.640778001684,0.1052914663,0.482599236071,0.237617033999
445,0.637489930368,0.10609472149,0.475806657691,0.239687142661
446,0.645336548869,0.104919084419,0.481010162737,0.242835690035
447,0.640400656141,0.10738847197,0.477386462502,0.23653535964
448,0.640045883564,0.105533904324,0.481194736436,0.240768493619
449,0.646407203032,0.104322710289,0.479960802943,0.243981073145
450,0.645167237291,0.104600125064,0.480548761319,0.239103000378
451,0.647043821903,0.104516653846,0.481907551643,0.250186104793
452,0.638294756413,0.108030145988,0.485144630075,0.239158077864
453,0.639913474138,0.105714656842,0.465285561513,0.239018125692
454,0.641196114513,0.104962311542,0.483632186893,0.237343949033
455,0.644844535452,0.104331337202,0.483491544146,0.228157825768
456,0.64665158093,0.103445151749,0.484311279375,0.234877209878
457,0.650486582747,0.10311752744,0.484064000659,0.230149996467
458,0.640820225844,0.105465220502,0.485506418627,0.233193846885
459,0.648988799407,0.103763233727,0.48074175138,0.233015540056
460,0.64772753876,0.103839463196,0.482433510013,0.237573015504
461,0.645490652667,0.104394669716,0.487363296561,0.232127287891
462,0.637276078646,0.106448270022,0.48149843188,0.238978713285
463,0.642274088584,0.104531434293,0.477039800491,0.242691766238
464,0.640335603402,0.105397211889,0.485972065479,0.229845425347
465,0.638446852565,0.106576539576,0.478312065825,0.235464742407
466,0.645734527936,0.104683274976,0.485380290076,0.245608714176
467,0.64889339988,0.103127878303,0.488180830143,0.239073951729
468,0.645737058841,0.103461774782,0.485942151863,0.230920061702
469,0.652131312169,0.10235721317,0.47553875763,0.241655219346
470,0.650042319527,0.102690351697,0.487128913868,0.234005055157
471,0.650100345795,0.103183963623,0.481784539763,0.246083059115
472,0.648459073443,0.103143198272,0.482063181233,0.23986199568
473,0.648994226868,0.10428069188,0.476768825669,0.23695850349
474,0.643919243262,0.103965910295,0.479121395852,0.257898205193
475,0.647982454644,0.104226825114,0.478704614565,0.238393134438
476,0.652829597776,0.101654281911,0.481366363354,0.244115203386
477,0.650687699135,0.10247000314,0.485381094273,0.240028511267
478,0.646592857746,0.104147631747,0.47847476881,0.247128990479
479,0.651556292405,0.10187776444,0.484378030524,0.236118299887
480,0.659055936795,0.0998214725405,0.480595162138,0.242079104064
481,0.655287939769,0.10170744338,0.477930248715,0.238194887526
482,0.657381348885,0.100980281543,0.483462684322,0.251004633494
483,0.654886684739,0.101079246889,0.485299284104,0.247618821915
484,0.655099927233,0.101333799056,0.487995172385,0.240806399379
485,0.65559035425,0.100895489351,0.487780949567,0.241889448836
486,0.654763761621,0.100814312911,0.48807569081,0.237930043135
487,0.657364405119,0.100037407846,0.487833817955,0.246234426508
488,0.655741586135,0.100432588289,0.48415156221,0.239197721472
489,0.652912813884,0.102342762698,0.481423806865,0.240993857849
490,0.652966248301,0.101891954931,0.481057143304,0.237880128203
491,0.656465431819,0.100586184229,0.484922975302,0.242506538052
492,0.654410872322,0.100806306474,0.480376452673,0.248266545823
493,0.656566487482,0.100437916099,0.483446450904,0.250878487015
494,0.657539613545,0.100649607439,0.484095054213,0.239359191852
495,0.659467927538,0.100692085778,0.476433871314,0.259143185336
496,0.658708527684,0.0991714291561,0.484149591532,0.242731789825
497,0.65480631246,0.101529725183,0.484657033812,0.238874336239
498,0.657051705397,0.100794003273,0.489129030611,0.236109213904
499,0.657405383312,0.0992085779659,0.483416468836,0.244571068557
500,0.65942964187,0.0989211165848,0.486192178912,0.2480530662
501,0.665960647739,0.0979167489478,0.484877607785,0.243655157275
502,0.654675522676,0.101610657616,0.490132195409,0.237495283829
503,0.658802802746,0.0999761599188,0.480170295108,0.238207809161
504,0.660043371411,0.0990474900374,0.476027847733,0.270412950777
505,0.655659030836,0.101332942167,0.487280494533,0.243440757273
506,0.655487653155,0.100211842415,0.479891213588,0.249648803612
507,0.662957381744,0.0991758771527,0.491481954232,0.242823361419
508,0.663281594331,0.0985778244212,0.489997686818,0.241243343567
509,0.656956838874,0.0996643422315,0.48071227083,0.244037785567
510,0.661715953396,0.0990712603984,0.486730558332,0.251604420831
511,0.662294633113,0.098406846635,0.488382321782,0.244448000565
512,0.656682407627,0.0998532064975,0.486940237693,0.238015372772
513,0.663124795143,0.0986398970708,0.483234714717,0.253397026099
514,0.664032788231,0.0979241373447,0.491485883482,0.235518783098
515,0.664832624105,0.0971605597924,0.491550826002,0.24236674048
516,0.663865828743,0.0985182041589,0.489352279343,0.24316262966
517,0.661241933703,0.0978366826446,0.489774561953,0.249673906015
518,0.662375053534,0.0999048426747,0.485414140858,0.251075983746
519,0.662561086508,0.098264221102,0.488517296966,0.247622045456
520,0.663138253184,0.0981513483163,0.48927410692,0.247695808765
521,0.657922310325,0.0996944106256,0.488099941518,0.250039346749
522,0.66203643267,0.0985566519487,0.48842201056,0.242821254302
523,0.66362788127,0.096792576548,0.487229188904,0.24854079634
524,0.666279097016,0.0967814844961,0.486424756702,0.250453218818
525,0.670015392395,0.0953212499332,0.487256830093,0.245835666545
526,0.668256372213,0.0965857022943,0.489443486091,0.242614783579
527,0.668483116306,0.0961389058055,0.485300197266,0.248835040955
528,0.670453620645,0.0949336409999,0.492262171581,0.240507891634
529,0.672357235964,0.0949542470849,0.485710298643,0.244030620903
530,0.671661990193,0.0943817694743,0.488326099236,0.248862105655
531,0.675532211478,0.0940289873487,0.490160562098,0.246929078829
532,0.667444292742,0.0953180245482,0.492897225544,0.241476373281
533,0.675378048649,0.0944091190512,0.487892936915,0.245290601626
534,0.675637946679,0.0940954221699,0.489683180582,0.247380788205
535,0.674426055872,0.094628771767,0.490121676587,0.243039708352
536,0.674095121714,0.0938141383231,0.485690474976,0.2435754037
537,0.668115151616,0.0954681501652,0.489658718929,0.247290569125
538,0.671472782126,0.0946061191364,0.49206733238,0.24169490952
539,0.673430605577,0.0939865951928,0.493698290084,0.24067554879
540,0.674782464137,0.0941837049591,0.4926795871,0.243533978239
541,0.677906312622,0.0933218467264,0.492305982858,0.241493253503
542,0.67727392568,0.0937160217705,0.487747558858,0.248545374488
543,0.67486040638,0.0939609677029,0.48862604145,0.247899284819
544,0.673770832328,0.0933967413954,0.488553062547,0.243920416106
545,0.669252108496,0.0943011583474,0.492323811632,0.242622223217
546,0.674715006581,0.0946642743567,0.492376683746,0.243202771759
547,0.673198302205,0.093641551498,0.49032739969,0.246705398662
548,0.675893161159,0.093950866435,0.491998814978,0.239230396226
549,0.672300687203,0.0949219621431,0.488518535625,0.236113017425
550,0.675398993951,0.093875656191,0.490735302679,0.244874517666
551,0.66864751394,0.0958364880286,0.48717468977,0.248049634276
552,0.675020199556,0.0936500139248,0.494228519965,0.239984707208
553,0.671166889943,0.0947162571292,0.491526274476,0.245945388917
554,0.675187324102,0.0942967435918,0.492674179841,0.243367759278
555,0.674294468302,0.0933478023284,0.491927424911,0.244841654086
556,0.675584897399,0.0943245627702,0.491381453816,0.24322369229
557,0.680241609995,0.09205107964,0.491842297837,0.245076780207
558,0.679547996475,0.0922776415514,0.491224285681,0.249609072693
559,0.681407582301,0.09141836473,0.492410724051,0.244824375492
560,0.676147114772,0.0929953055456,0.490954783745,0.246752333594
561,0.674748209807,0.0946806258737,0.491238100454,0.247241242556
562,0.67940372114,0.0919857522329,0.490621920209,0.246855723206
563,0.678939425028,0.0933113123935,0.491650140379,0.245759104379
564,0.67469606262,0.0938575893927,0.491393513978,0.243518679403
565,0.68099041627,0.0915995293225,0.49073256366,0.247630834347
566,0.679119577775,0.0915654227138,0.491829880048,0.249082055409
567,0.676136587675,0.0927116420263,0.491282317787,0.250906020403
568,0.680149071492,0.0918162485871,0.49113498209,0.249124392634
569,0.676005613345,0.0923016152273,0.490811568685,0.251296326052
570,0.677393591175,0.0927922320194,0.489442298189,0.250313226599
571,0.675179368028,0.0927224588366,0.491992037278,0.245614578249
572,0.681136550812,0.091630336542,0.493424551561,0.243614666397
573,0.676598555767,0.0937947976904,0.492151724175,0.24338411144
574,0.681560053275,0.0912799274979,0.492525477428,0.24716295558
575,0.679823501752,0.0958427199377,0.492641745601,0.252908859635
576,0.676539573532,0.0929560873371,0.492762674112,0.245493636467
577,0.674902499868,0.0921615382227,0.4894444854,0.247356586391
578,0.679480397931,0.0916393855587,0.491615092847,0.249290111475
579,0.679377372448,0.0926154648455,0.492760485038,0.243988110451
580,0.684973699542,0.0907338043102,0.489737879951,0.248969292967
581,0.675230707114,0.0925334242817,0.489990239497,0.254680979066
582,0.679311147103,0.0914345332063,0.49149359297,0.250414684182
583,0.683718384458,0.0905891077306,0.490850126836,0.248905817978
584,0.681935050167,0.0912934775249,0.489836316556,0.251758124912
585,0.67979005323,0.0911930163319,0.491530846804,0.249173561577
586,0.682003649381,0.0914592062338,0.491715390701,0.249078965979
587,0.678941498582,0.0912961359494,0.491186825093,0.248895632103
588,0.683322893885,0.0917198153643,0.491802594159,0.247811336769
589,0.68430627424,0.0907910100829,0.490590941161,0.247392994352
590,0.681955785705,0.0911613229949,0.490491538774,0.249882216798
591,0.677551726882,0.0909125657322,0.490470997058,0.250849220436
592,0.677289483639,0.0916201864154,0.491983642336,0.249139043735
593,0.679192038683,0.0923177134962,0.488880881108,0.252929564798
594,0.677343962284,0.0924647745605,0.491104986053,0.251167286653
595,0.681302046547,0.0909811380104,0.491679938044,0.249977411702
596,0.680942421922,0.0908298069754,0.49325777404,0.250374789583
597,0.679290862038,0.0917310421713,0.489217702765,0.25771012553
598,0.682160339676,0.0913887494602,0.490570125636,0.254229383776
599,0.682791245671,0.0909238288609,0.491831688676,0.249663391849
600,0.685961051629,0.0900845942446,0.491839109454,0.250123043777
601,0.683772949072,0.0907129143866,0.489472202957,0.250068812864
602,0.681547962702,0.0907791231114,0.490782537032,0.250081523322
603,0.684190261822,0.090576008607,0.491297139786,0.251511767972
604,0.684414226275,0.0905363349101,0.490819375496,0.25153439166
605,0.682025533456,0.0913902728174,0.490784368478,0.253750224598
606,0.686839431524,0.0903838440919,0.490730030462,0.252428351901
607,0.687044951778,0.0898282785828,0.491912215948,0.250060676131
608,0.684112428473,0.0900137279039,0.490398783237,0.250446550781
609,0.684458979047,0.0904157471915,0.490169958677,0.251502689207
610,0.681512773037,0.0911983869827,0.490967996418,0.251245044405
611,0.678250302489,0.0912541659692,0.493588013574,0.249635570683
612,0.67983585023,0.0916281838973,0.492652530316,0.249794946052
613,0.686096424094,0.0900940486731,0.492619446944,0.248998452211
614,0.688689719026,0.0902651159379,0.492976727895,0.248736270936
615,0.680492281914,0.0904192172994,0.491820554715,0.251426519826
616,0.682758866594,0.0902849828395,0.492375909816,0.250319654355
617,0.681037333149,0.0919125613112,0.493548105936,0.24986481946
618,0.683006615593,0.0905490508303,0.492293791845,0.249805474654
619,0.681500905981,0.0906869389403,0.491193989292,0.248484007549
620,0.682281599595,0.0918043575321,0.492905678693,0.249910789542
621,0.685059949756,0.090145380666,0.490825688466,0.251636332832
622,0.685154062051,0.0900941108568,0.490463892464,0.252480875701
623,0.683230411548,0.0900323837279,0.491915551946,0.250247152988
624,0.684078151217,0.0906565385656,0.491777817719,0.249383337097
625,0.687854802379,0.0900258732816,0.491638613399,0.249018360628
626,0.683475292646,0.0917610388536,0.49105947651,0.249228879577
627,0.681379126815,0.0909057127025,0.491251566913,0.249455035431
628,0.680901181239,0.0912458041253,0.491404978093,0.249546936946
629,0.68114861846,0.0902725444534,0.492274310905,0.248685372062
630,0.681552638228,0.0913835177198,0.492415406741,0.249239603058
631,0.679254375971,0.090949996088,0.491822839715,0.248164350633
