epoch,jaccard,loss,val_jaccard,val_loss
0,0.0107142559002,0.792418181896,0.0082733177893,0.782687122002
1,0.0123096767347,0.767986579583,0.0103734405382,0.733820978552
2,0.0129020818008,0.715839963693,0.00988282403944,0.687690170482
3,0.0124186107423,0.699660207217,0.00961729745245,0.679438730702
4,0.0127493884916,0.680435985327,0.00969940301445,0.673868760467
5,0.0127999330871,0.675972397511,0.0096585925595,0.672932522371
6,0.0127231973904,0.675926751815,0.0099672621069,0.669590687379
7,0.0129240222383,0.673064309817,0.0100345910434,0.667024919763
8,0.0130192509431,0.670037826666,0.0101354008315,0.664765685797
9,0.0128701824265,0.669319780973,0.0101950395036,0.66320756264
10,0.012876901489,0.666494222788,0.010257060354,0.661658087745
11,0.0130600240082,0.667349173472,0.0102841973408,0.660423658788
12,0.0129055653233,0.66871169668,0.0102084486128,0.659619154409
13,0.0130721987942,0.660778435377,0.0102432612783,0.657357739285
14,0.0130426341202,0.662016804402,0.0103579322297,0.655768226832
15,0.0131986578747,0.659259488949,0.0103803556333,0.6553380806
16,0.0132473757705,0.659692115509,0.0104296456124,0.654129816219
17,0.0132735400425,0.657196446107,0.0104965152348,0.652901964262
18,0.0133581847096,0.6541798963,0.0105221134299,0.651510298252
19,0.0133566874115,0.657342326183,0.010462569817,0.651279801503
20,0.0132934501072,0.655214328032,0.0104518649277,0.65076235123
21,0.0133920270735,0.650929677945,0.010464879329,0.649809064344
22,0.0135063213081,0.654719162446,0.0106967935274,0.647472545505
23,0.0133826278213,0.654288161259,0.0105401014964,0.646065687761
24,0.0133709722879,0.650536899383,0.0104782289984,0.645304668695
25,0.0132988150446,0.648340089963,0.0104571581875,0.644668519497
26,0.0133668024881,0.647303198393,0.0105621130205,0.643589409068
27,0.013445195742,0.647633146781,0.0106610823085,0.642666259781
28,0.0135364964551,0.64574435124,0.0107110773884,0.641730565578
29,0.0136181210669,0.64317302979,0.0106861815955,0.640735974535
30,0.0136126243294,0.642414338314,0.0106981894467,0.639863310382
31,0.0136746695946,0.644808890728,0.0106639509064,0.639025453478
32,0.0137515189484,0.642603262113,0.0106893784464,0.638067224994
33,0.0138011943692,0.642639948772,0.0107463515468,0.637227162719
34,0.0138515491003,0.640347299668,0.0108549273907,0.636414889246
35,0.0139944964053,0.639841923347,0.0108832997537,0.635643312708
36,0.0141390400509,0.637834883653,0.0108321881062,0.63534489274
37,0.0144381696681,0.636387843352,0.010981734634,0.634988715872
38,0.0148587557308,0.635149591244,0.0110982769258,0.635053740814
39,0.015436575748,0.6363735497,0.0111567661329,0.634671740234
40,0.0154906895836,0.63292496938,0.0111687855529,0.63409133628
41,0.0159262216005,0.630269878186,0.0113446034786,0.635015916079
42,0.0162578414982,0.628460269708,0.0113897446669,0.632961004972
43,0.0162695953981,0.629765196488,0.0113779818563,0.631083352491
44,0.0164697867317,0.630059535687,0.0112596392319,0.62982685864
45,0.0162563746831,0.628105727526,0.0112533257907,0.630159908906
46,0.016804916211,0.627429737495,0.0110821295572,0.630251189694
47,0.0161119785088,0.624763607979,0.0110369816939,0.627484913915
48,0.0169736659154,0.626536406004,0.0114442271845,0.632799237967
49,0.0163616131848,0.623455118674,0.0109892200551,0.62412279658
50,0.0167263847274,0.623372770273,0.0114803585305,0.631358452141
51,0.0171174758938,0.620957615284,0.0111279218524,0.623153315857
52,0.0166445338311,0.61951065522,0.0114419441676,0.626012811437
53,0.0174360112645,0.618924024013,0.0115701808746,0.625919733196
54,0.0171050892856,0.615318674308,0.0113623712158,0.624775247648
55,0.0172655557354,0.614611398715,0.0114887783021,0.627178668976
56,0.0174147168246,0.614424551909,0.0114295365016,0.624329125509
57,0.0173180710811,0.614298407848,0.0113505075295,0.62227175571
58,0.0174249403823,0.61041399378,0.0117365947077,0.626426458359
59,0.0174193559035,0.61150054519,0.0115729261418,0.62235629186
60,0.0177821155208,0.610057246227,0.0114625230242,0.618605308235
61,0.0172564849043,0.608954429626,0.0116855891043,0.621071722358
62,0.0179001072493,0.609798548313,0.0115217818073,0.61746552214
63,0.017134344456,0.609022319317,0.011595485155,0.616928573698
64,0.017970355944,0.604753751021,0.0120257783669,0.62223049812
65,0.0180730865552,0.604752898216,0.0117270127971,0.615700563416
66,0.0179208775337,0.605067851452,0.0117923685418,0.619433056563
67,0.0180004528509,0.602774322033,0.0119201161076,0.616223273799
68,0.0180501135854,0.601861811601,0.0118203065111,0.615754749626
69,0.0179611930373,0.601759933508,0.0118362211774,0.615447793156
70,0.0180659976322,0.601395361699,0.0118305087969,0.61311744526
71,0.018257560495,0.599972523176,0.0119455660772,0.615648472682
72,0.0181667443651,0.598359243228,0.0118723537995,0.610623208806
73,0.0183839127421,0.597827044817,0.0120419197755,0.612741010264
74,0.0183804720246,0.597765801045,0.0118751478711,0.610321361572
75,0.0183221625093,0.596110401245,0.0120287861048,0.610939340666
76,0.0181526732631,0.597336335824,0.0118501168565,0.608313636854
77,0.0183649103587,0.595230937004,0.0123943562166,0.608191633597
78,0.018313581518,0.594470562843,0.0121357874389,0.606832215562
79,0.0184901497649,0.595181838824,0.0121634685878,0.610863283277
80,0.0184843504372,0.592669640596,0.0117557037532,0.60408962518
81,0.0183079444194,0.592806295707,0.0120838463664,0.605881949887
82,0.0185663735566,0.591796664091,0.0120908158826,0.603541620076
83,0.0187238462341,0.589111928756,0.0123296941912,0.604621617123
84,0.0186480746085,0.598664386914,0.0124510517611,0.609959132969
85,0.0182585095843,0.592529915846,0.0118762006904,0.604624750093
86,0.0180252611261,0.592585939627,0.0116154961173,0.602056542411
87,0.0179769311978,0.591709492298,0.0117326824894,0.59943164885
88,0.0183218695725,0.587584610169,0.0122850485274,0.602484906092
89,0.0185276493967,0.587357878685,0.0119842921663,0.601165236905
90,0.0184851624833,0.587266889902,0.0120417873782,0.59829393588
91,0.018556787507,0.585810922659,0.0120628374007,0.598904283717
92,0.0186262854662,0.584422911589,0.0121670463114,0.598027721047
93,0.0187540212288,0.583831626635,0.0122075248596,0.598488606513
94,0.0188284178909,0.583274926131,0.0121406792721,0.596623377874
95,0.0189418606818,0.581163014357,0.0122681265854,0.597292223945
96,0.018840503664,0.582430326022,0.0121676810581,0.595587495714
97,0.0188521059552,0.584211895099,0.0123171898448,0.594663035125
98,0.0188931756151,0.579847711783,0.0120501367991,0.593598291278
99,0.0188280476992,0.58070145662,0.0123006858079,0.59180912748
100,0.0190730150789,0.578596931237,0.0125691420039,0.592242693529
101,0.0189678931179,0.578859693729,0.0121130829286,0.592113116756
102,0.0190802376287,0.577402463326,0.0126008733914,0.592430075631
103,0.0190849797979,0.578030315729,0.0123301933161,0.589228115976
104,0.01910716383,0.577532834732,0.0122790225822,0.589703051373
105,0.0192624381743,0.577063370209,0.0123081634136,0.587771777064
106,0.0190871409678,0.574846182878,0.0120399999599,0.587891200557
107,0.0191408685194,0.575044927689,0.012569367492,0.58754523471
108,0.0194186976968,0.572884630698,0.0124597339536,0.586763182655
109,0.0193781536072,0.572817534208,0.0124958068129,0.586034385487
110,0.0193252440614,0.572093273585,0.0123338809278,0.58430670388
111,0.0193499651773,0.571828486828,0.0123675979485,0.584631050006
112,0.0192634835929,0.572219298436,0.0124865886708,0.584208026528
113,0.0192301780827,0.573135506648,0.0123900566622,0.58373404853
114,0.0193374656642,0.569257834783,0.0124922951574,0.583072718233
115,0.0194817836029,0.576735757864,0.0125217138125,0.587325936183
116,0.0196206045624,0.570806966378,0.012760572728,0.589419070631
117,0.0194389866307,0.568473066275,0.0124150095721,0.583586161956
118,0.0192765913402,0.56875583071,0.0124443085451,0.584146915004
119,0.0193709250575,0.568336009979,0.0122991818215,0.583250259981
120,0.0194616336196,0.56640204558,0.0125635677917,0.581036433578
121,0.019527207075,0.567903541602,0.0124421778219,0.5838486664
122,0.0194004730572,0.56642850775,0.0123144957023,0.578006869182
123,0.0195319898015,0.56578171024,0.0127815656683,0.580617053434
124,0.019645720577,0.563614675632,0.0124054725476,0.577262211591
125,0.0198019530732,0.564260271879,0.0125055459964,0.579955194145
126,0.0196935290901,0.564590252363,0.0125690880614,0.575766937807
127,0.0194698877749,0.563355709498,0.0126732892189,0.574383189902
128,0.0197813267676,0.561169651838,0.0125937512304,0.574029562995
129,0.0198903865038,0.560087417181,0.012512430141,0.573248744011
130,0.0199614076947,0.559431140239,0.0125569549206,0.572910234332
131,0.019920979125,0.559564138834,0.0126705369649,0.572901761159
132,0.0200602352046,0.557937672505,0.0127933018248,0.573401438072
133,0.0201845272587,0.557271237557,0.0126426996911,0.572569584474
134,0.0200938156161,0.557167977095,0.0127159575619,0.571703286842
135,0.0200914673579,0.557020162161,0.0128074889999,0.570572346449
136,0.0200725595574,0.555703112712,0.0128293594861,0.57066750899
137,0.0201916261934,0.555020605142,0.0125948116984,0.570145711303
138,0.020086362743,0.554715521061,0.0126215609779,0.571428790689
139,0.0201029578546,0.555598859604,0.0126648047092,0.568234251812
140,0.0202102198695,0.553158512482,0.0127575750396,0.568080199882
141,0.0201906245918,0.553372692603,0.01271328058,0.568158704787
142,0.0202839286783,0.552035347773,0.0130242478126,0.567458257079
143,0.0202641065519,0.552250678723,0.0129271994996,0.567132402211
144,0.0203492515362,0.551217363431,0.0130440688259,0.56689960137
145,0.0203887682695,0.551094740629,0.0128945278361,0.565393596888
146,0.0204076687268,0.550728305028,0.0129785319612,0.565619939938
147,0.020348699047,0.549697318902,0.0128230549074,0.563583312556
148,0.0203708681063,0.549242468981,0.0126680933851,0.563720649108
149,0.0203923989947,0.549718451041,0.0128961365818,0.563409173861
150,0.0204509572986,0.54774628465,0.012862802343,0.562753967941
151,0.0204666986381,0.548705266072,0.0127416460793,0.560400458053
152,0.0202842651902,0.54739723985,0.0128234247334,0.560162808746
153,0.0205697439468,0.546322845496,0.0128868946941,0.563212718815
154,0.0203932947837,0.54729777116,0.0127021527629,0.561582028866
155,0.020594055836,0.545076406919,0.0131938712431,0.562262158841
156,0.0204558167427,0.545762667289,0.0129181444146,0.558708824217
157,0.0205871090114,0.543912784411,0.0131743771599,0.56136270985
158,0.0207746884642,0.542511754311,0.0128142660832,0.558424670249
159,0.0204918470699,0.544826564881,0.0127815633625,0.559188159183
160,0.0206194315822,0.543956701572,0.013011555234,0.558345636353
161,0.0206095912637,0.542609904821,0.0127888604776,0.558525949717
162,0.0207141208319,0.541792039688,0.0132533865478,0.559769749641
163,0.0206765788607,0.541057788409,0.0127724172058,0.558493653312
164,0.0206801813955,0.540389661606,0.0129150757343,0.557759234682
165,0.020711736861,0.540650221018,0.0130840336715,0.554743295535
166,0.0208590677581,0.53911410616,0.0130418149241,0.557296397164
167,0.0209112507291,0.53786828197,0.0131891197055,0.557508165017
168,0.020992332568,0.537897084768,0.0131383398284,0.554203020409
169,0.0208486305335,0.536865823544,0.0130240363306,0.555636191741
170,0.0210546809965,0.536535290571,0.0128857313098,0.554914047942
171,0.0208137610282,0.536590252931,0.012750173755,0.553051646799
172,0.0210050392466,0.536752159779,0.0132585755381,0.554279707372
173,0.0209564558911,0.535904684892,0.0130341849408,0.55177522637
174,0.0211636017148,0.537202028128,0.0131654069006,0.553758434951
175,0.0210337195044,0.533717616246,0.0129067674629,0.55104823038
176,0.0210153507427,0.534758120775,0.013062108564,0.552159074694
177,0.0211540269665,0.533397140411,0.0129097351115,0.551321165636
178,0.0211386042916,0.533135329302,0.0129480792266,0.551786577329
179,0.0211567966079,0.535903935249,0.0133038463539,0.549389887601
180,0.0213076667144,0.53392006113,0.0134813436441,0.552389381453
181,0.0210326392418,0.532325364076,0.013179295509,0.55018966645
182,0.0207562417938,0.53185868034,0.0128973771513,0.54794299975
183,0.0207421701903,0.532938053975,0.0129462112864,0.54566556029
184,0.0211500885646,0.530900150537,0.013389005467,0.548057965934
185,0.0213275922713,0.529989380103,0.0129447934623,0.545869989321
186,0.0211243116064,0.532810105727,0.0134523021093,0.54744207859
187,0.0213281083942,0.530557160194,0.0133326196482,0.549271179363
188,0.0203669524143,0.533557155958,0.013201919318,0.54261357151
189,0.0205936304544,0.528778679096,0.0136025963075,0.546850882471
190,0.0209756910514,0.529091259608,0.013040723554,0.54317044653
191,0.020929496807,0.52960768342,0.0130148804974,0.544647082686
192,0.0214124282894,0.525597411853,0.0133642654509,0.54600748606
193,0.0214105326897,0.525634135191,0.0132606239989,0.543030038476
194,0.0212910749161,0.525705266457,0.0132645791846,0.543436797336
195,0.0214714083391,0.523595431676,0.0131631642386,0.544194355607
196,0.0215057852642,0.523198164426,0.0130141684442,0.541987281293
197,0.0214871517383,0.5229760225,0.0132596239446,0.541467221454
198,0.0215658734241,0.524561659648,0.0131859474908,0.538834990934
199,0.0213578372764,0.522602622326,0.0130812553709,0.539495000616
200,0.0214208266519,0.523046052227,0.0131615970911,0.541121762246
201,0.0215180020672,0.522326895824,0.0131131358016,0.538401789963
202,0.0215011608715,0.520191907883,0.0131746749612,0.53788167797
203,0.0216417506051,0.519245028496,0.013218417958,0.538570897654
204,0.0216578585454,0.520837511008,0.013157661719,0.538824660704
205,0.0217351480029,0.518996308629,0.0132113201231,0.538527190685
206,0.0216445357969,0.518438373621,0.0132932487785,0.536682831123
207,0.0217444766313,0.517926813318,0.0134473958725,0.537416862324
208,0.0217858796151,0.516696833647,0.0131863159643,0.53550099209
209,0.0217173568403,0.516328536547,0.0134312426629,0.535407345742
210,0.0217806764234,0.516894611029,0.0134888785327,0.534386374056
211,0.0216001880069,0.515296644889,0.0130878822004,0.535191003233
212,0.0218989762585,0.515773509557,0.0131972886301,0.535872433335
213,0.0218486549476,0.514362464731,0.0132251349662,0.535424495116
214,0.0219753703031,0.513526421327,0.0133631396607,0.534924291074
215,0.0219610629317,0.513342072184,0.0133776980964,0.533150542527
216,0.0219385599932,0.512361170008,0.013306541208,0.531658124179
217,0.0217710588521,0.513889485827,0.0134666059724,0.532429514453
218,0.022099760558,0.512336970522,0.0135089626816,0.530070723966
219,0.0219753501005,0.510430593903,0.0135336611612,0.530669033527
220,0.0220941634168,0.51168828171,0.0133381683777,0.531276101246
221,0.0220254806694,0.50994243874,0.0133980306877,0.530912699178
222,0.0220328410729,0.510279768935,0.0133093635835,0.530892388895
223,0.0220394991965,0.510953327784,0.0131494256684,0.529112676159
224,0.0221861958002,0.509311069663,0.0135739747105,0.529680859298
225,0.022106485298,0.507865135486,0.0134143934381,0.530071057379
226,0.0220751517022,0.507319167256,0.0131815954819,0.528560195118
227,0.0220656898231,0.506957044968,0.0134332079903,0.529908265918
228,0.0222828204457,0.506906170111,0.0134872184938,0.527664139867
229,0.0221642471778,0.505844016488,0.0136440009295,0.52801833488
230,0.0221844007386,0.507540019659,0.0136322821646,0.525546103716
231,0.0221609109475,0.506130712537,0.0135402861025,0.525324456394
232,0.022314567298,0.504145555771,0.0136727914762,0.526202309877
233,0.0223172384386,0.504114342424,0.0135059102045,0.524170460179
234,0.0221783796397,0.504114922423,0.0137323583103,0.523532887921
235,0.0222363903975,0.503392866025,0.0135676834234,0.522910859436
236,0.0222820452271,0.503208875656,0.0137494679651,0.525136029348
237,0.0223238524408,0.502511009574,0.0135144395155,0.522924363613
238,0.0223655784503,0.502571409711,0.0136099723427,0.523729680106
239,0.0223219693423,0.50151976026,0.0134634846444,0.520784186199
240,0.0222986131333,0.501481536489,0.0134665100637,0.52235657908
241,0.0226653189613,0.499613916645,0.0134973619591,0.522743055597
242,0.0224075120372,0.499529372041,0.0135248393091,0.520792409778
243,0.0223750168135,0.49955162406,0.0135176867312,0.52054079622
244,0.0226054774382,0.498388418785,0.0137024001469,0.520958313718
245,0.0225309955959,0.498719924918,0.0136521627613,0.519967667758
246,0.0225219497672,0.497903705789,0.0137284414529,0.520341537893
247,0.0225999429285,0.497535076279,0.0133165744516,0.518802545965
248,0.0225331876069,0.496558723541,0.0135285106052,0.518019214272
249,0.0226246335974,0.496538448792,0.013707043047,0.518069569021
250,0.0226529650032,0.49509538137,0.0136106447837,0.51760789752
251,0.0226013942335,0.495362066306,0.0135613653644,0.517316350713
252,0.0226634521252,0.49544228728,0.0135943043783,0.519399391487
253,0.0227104049767,0.499412851838,0.0141131496321,0.517831766978
254,0.0227217485483,0.49655794295,0.0135526684119,0.514979211614
255,0.0218012809324,0.498623093733,0.0135041180267,0.515569536015
256,0.0219254959733,0.495712840786,0.0134692112542,0.51305025816
257,0.022339210362,0.496860911067,0.0140796068545,0.513772778213
258,0.02250464257,0.494397813311,0.0140699188546,0.516497766599
259,0.0225430136332,0.492589479456,0.0138424162781,0.511729409918
260,0.0223723369149,0.493528724863,0.0139374698804,0.509167712182
261,0.0227832815502,0.492888076947,0.0142133328633,0.512645257637
262,0.0225878221771,0.491067550503,0.0137795119952,0.508362624794
263,0.0226307532822,0.490198543439,0.0138553003594,0.511465786025
264,0.0227691738222,0.489550817471,0.0138706232417,0.51014450565
265,0.0229082444969,0.489876075433,0.0140198325249,0.509776810184
266,0.0228401825477,0.488506007653,0.0137644896955,0.506916439161
267,0.0228272201852,0.488601855361,0.0138497930014,0.508213577792
268,0.0229264539577,0.488529039117,0.0139299880256,0.507527636364
269,0.022940863103,0.487033035893,0.0137340186737,0.506506517529
270,0.0229145241543,0.486510060154,0.0139142423205,0.505570217036
271,0.0226658779161,0.488698377059,0.0141015813839,0.50575019978
272,0.0230172503955,0.48675603133,0.0142544450681,0.507929136977
273,0.0228898651146,0.486074108344,0.013787289774,0.503611289896
274,0.0230534836435,0.484768492671,0.014011405744,0.503755281679
275,0.0230025726084,0.48516385945,0.0140545038278,0.503925309516
276,0.0231013454927,0.484367109262,0.0138718280956,0.503648539074
277,0.0231250069247,0.483743940408,0.0140803098303,0.503826653585
278,0.023063492209,0.483301750742,0.0142725861575,0.501957933418
279,0.023203161366,0.482271744655,0.0141598001825,0.50047533121
280,0.0230357532318,0.482270379479,0.0140120795678,0.500275510363
281,0.0231116544455,0.486654165846,0.0139775427648,0.499812824652
282,0.0233285028058,0.483406442862,0.0142138064991,0.504097506404
283,0.0231052436149,0.481791714063,0.0140171395527,0.501494121738
284,0.0228266495352,0.481114280912,0.0138955328744,0.502528164536
285,0.022939820559,0.483546637572,0.0138868828718,0.499475428835
286,0.0232249452697,0.479749421661,0.0139069039421,0.497969748452
287,0.0230454970151,0.47870751413,0.0140577378859,0.498368842527
288,0.0232124808244,0.477967175154,0.0142913813075,0.49990497157
289,0.0233716489031,0.477553416903,0.0141500934338,0.497265187092
290,0.0231899995572,0.477798363337,0.0141900618255,0.496575333178
291,0.0233948751926,0.476945956166,0.0142690377453,0.498286996968
292,0.0233112391478,0.478461894851,0.0139196742438,0.496073738672
293,0.0231868722834,0.475721416565,0.0139996892143,0.494106339291
294,0.0233838249428,0.475522051637,0.0142818391938,0.493957133032
295,0.0234450250148,0.474876623887,0.0143312026016,0.494671238586
296,0.0234177883965,0.476015453155,0.0141807602577,0.493019048125
297,0.0233679395885,0.474375708745,0.0141810329287,0.492880946025
298,0.0235141537224,0.474104537414,0.0143130360347,0.494235848077
299,0.0234185451498,0.473740037817,0.0141815888334,0.494151493534
300,0.0236321146815,0.472296672372,0.0140775996286,0.493642120622
301,0.0234833915557,0.475281133102,0.0141228581443,0.4914635038
302,0.0235296301723,0.472228010113,0.0145638740699,0.492922000587
303,0.0236323492046,0.474076241255,0.0144012748182,0.489952215925
304,0.0236052587772,0.471191080717,0.0142782653686,0.490589957684
305,0.0235962262735,0.47090398119,0.0142071017767,0.490278534591
306,0.0235652288494,0.470377464707,0.0144014440489,0.491953005083
307,0.0237719568854,0.470507948444,0.0143285794547,0.490615004674
308,0.0236782901204,0.469694270537,0.0142704042065,0.488479422405
309,0.0235764627309,0.471458880947,0.0145575618508,0.489650033414
310,0.0237037068448,0.469009924393,0.0146996780016,0.488953681663
311,0.0238624899111,0.468705333196,0.0144533435898,0.487712670118
312,0.0236983342956,0.467646295061,0.0144555742889,0.488640467636
313,0.0237141174909,0.466976968142,0.0143740839668,0.486710692756
314,0.023777235765,0.466540390482,0.0144157798826,0.486650106497
315,0.023904968662,0.466154567324,0.0144496758641,0.486938360147
316,0.0235687011423,0.468221649528,0.0143746237612,0.486437677406
317,0.0239414154695,0.465327551732,0.0145792367846,0.485758401453
318,0.0238903077463,0.465019164177,0.0146187006713,0.485413391143
319,0.0238991626538,0.463954471625,0.0145739742553,0.485178513452
320,0.023904321769,0.464997832592,0.0144980546237,0.484908550978
321,0.0239670599381,0.463529812602,0.0145750149056,0.486664511263
322,0.0240154263492,0.463465559941,0.0144306935661,0.48526451923
323,0.0240291898282,0.462115204105,0.0145113911125,0.484405081719
324,0.0239013093703,0.46322055161,0.0145810173346,0.483811166137
325,0.0240761772282,0.462488135466,0.0146008696503,0.482389724813
326,0.0238981390229,0.460930702778,0.0146472134228,0.48321150057
327,0.0241821171143,0.461927180107,0.0144513815848,0.482774798758
328,0.0238099486675,0.461637425881,0.0143290569652,0.481890895404
329,0.0241563233475,0.459778257287,0.0146766614679,0.482551010326
330,0.0241308780208,0.46170817201,0.0143552054634,0.480425807647
331,0.024029409298,0.459421924674,0.0146663679383,0.481052359566
332,0.0241278975915,0.458335220814,0.0146885662668,0.481298102997
333,0.02401925387,0.458936838003,0.0145684550032,0.481849635951
334,0.0242394898087,0.457702171344,0.0145361946591,0.482432964258
335,0.0243361453669,0.457853705837,0.0144774932569,0.479866454378
336,0.0241621426808,0.457295069328,0.0144157815826,0.47894307971
337,0.0243347463771,0.456493332982,0.0143906664284,0.477938019671
338,0.0242122088631,0.455552371649,0.0142895193494,0.477676697075
339,0.0244043205435,0.455903925575,0.0143812772982,0.478539372794
340,0.024281341296,0.455870020848,0.0145919108493,0.477267168462
341,0.0243119105267,0.455361051055,0.0148305486027,0.47804014571
342,0.0244375272081,0.454577372624,0.0145429316966,0.476555316709
343,0.0242404217402,0.453742423883,0.0145642867528,0.476005440578
344,0.0245064827434,0.454341750879,0.014647914628,0.476385917515
345,0.0243834042205,0.453461853357,0.0146113856158,0.475715291686
346,0.0245357623969,0.452776911167,0.0143594547695,0.474331147969
347,0.024493864021,0.452878393806,0.0145083347985,0.475303857587
348,0.0245247366122,0.453678137981,0.0144578014548,0.472451090813
349,0.0244742300935,0.451766786667,0.0149112191335,0.47274315916
350,0.0245844336012,0.450891813407,0.0148121136795,0.472967251204
351,0.0244977916591,0.451751738787,0.0148995016802,0.474948653951
352,0.0246062228241,0.450380630218,0.0146437910772,0.472148724832
353,0.0244195904547,0.449926653734,0.0146383961613,0.472225050442
354,0.024636723531,0.449339701579,0.0147297964885,0.472607004456
355,0.024617027957,0.449087168162,0.0147398099116,0.471326687373
356,0.0246185346578,0.448205527205,0.0148592340556,0.470880616456
357,0.0247677267493,0.447923985811,0.0147232469041,0.470426687039
358,0.0246565204042,0.446995317936,0.014602044473,0.469938996248
359,0.0247425771891,0.448278978467,0.0146767357676,0.467499986291
360,0.0247074271051,0.44657328381,0.0147558509518,0.466927666217
361,0.0248011212008,0.447655736254,0.0147041433315,0.467254934832
362,0.024791924265,0.445850642828,0.0147124471357,0.468414237723
363,0.0247732023709,0.445956035302,0.0146881604003,0.468082635663
364,0.0248482531617,0.446701985139,0.0147464331285,0.467634380795
365,0.0248785605296,0.444753026733,0.0148045354493,0.466987964697
366,0.0248846063175,0.443824147949,0.0150884087585,0.469190236181
367,0.0248007111681,0.444283496875,0.0145585508881,0.465923772193
368,0.0248708112452,0.444652401484,0.0151334407101,0.468868792057
369,0.0250396446791,0.443705084232,0.0148400151044,0.464834666811
370,0.0248739791031,0.442193542535,0.0148189650472,0.465524737723
371,0.0250082696036,0.443562285258,0.0148196246422,0.464399082586
372,0.0247834979986,0.442139729857,0.0147149927626,0.463411409408
373,0.0250085527077,0.441573010041,0.0146081759611,0.463495676406
374,0.024908060208,0.441605126629,0.0146796812724,0.463307874277
375,0.0250264001795,0.440601879588,0.0147422488778,0.463874331675
376,0.0250018423674,0.440398922333,0.0148796674896,0.463983980939
377,0.0250138593121,0.441129775001,0.0150583377522,0.464190091006
378,0.0251675721688,0.438727414379,0.0150626079558,0.463406618685
379,0.0250309371622,0.441080699746,0.0148638736142,0.462282509543
380,0.0250117997818,0.439113431252,0.0152375893829,0.462781380862
381,0.0252391462608,0.44000829527,0.0149881646968,0.459424444474
382,0.0250176015811,0.437492896731,0.0151652780554,0.460412700661
383,0.0252069873879,0.437708115348,0.0151277182157,0.461234624498
384,0.0249957338047,0.437796630538,0.0150626884084,0.461206186563
385,0.0253153156417,0.437372114796,0.0150306691758,0.460106112994
386,0.0251496645909,0.43597515959,0.014985410892,0.460484893993
387,0.0253952440734,0.435955659701,0.014862486453,0.460839560255
388,0.0252439463869,0.434733560452,0.0147038417912,0.45984255895
389,0.0253495136097,0.436499856986,0.0149194876391,0.461256523617
390,0.0253868793281,0.434550335774,0.0148649181884,0.459111796692
391,0.0253511845098,0.433924477834,0.0149590539673,0.459014817141
392,0.0253497364465,0.43547556492,0.0148694846227,0.457686750218
393,0.025396378281,0.43276103414,0.015152702824,0.459276110865
394,0.0254786170733,0.43168375813,0.0148233535639,0.457597009838
395,0.0253819357783,0.43318943794,0.0151092557935,0.45914641954
396,0.0254490104719,0.43106238544,0.0151572309428,0.455658994615
397,0.0254762614003,0.431793967119,0.0152945282614,0.457357503474
398,0.0255595362889,0.431143137125,0.0148593134503,0.457159155048
399,0.0256662968761,0.430556333982,0.0150950122652,0.456552699208
400,0.0255307888505,0.431157878958,0.0152834625197,0.456867102534
401,0.0257019225078,0.430194740112,0.0152579025723,0.454792375676
402,0.0255447018247,0.430083322984,0.015289690554,0.453350257128
403,0.0257062518324,0.429649661367,0.0149988818064,0.45291691646
404,0.0256552466979,0.428274106521,0.0150206441755,0.452924761921
405,0.025844067756,0.44401170428,0.0161080885739,0.487562930211
406,0.0255295261157,0.438600390003,0.014129933468,0.450501772575
407,0.0227585271932,0.434855197485,0.0144694611863,0.450741866603
408,0.0237758372767,0.433783017672,0.0150262958608,0.453607822768
409,0.0243485492941,0.430421026853,0.0150344793177,0.448326459154
410,0.0247590416111,0.430068914707,0.0152333149183,0.447602038272
411,0.0250207953012,0.428689774412,0.0153924513455,0.449360044673
412,0.0254052100488,0.426973130841,0.0155162934639,0.448060706258
413,0.0252338039617,0.427650607549,0.0153202518363,0.448011129163
414,0.0255774276045,0.426146518726,0.0155805470408,0.451791980304
415,0.0256504831621,0.425088708217,0.0154210219174,0.448694651946
416,0.0255532862905,0.424207797417,0.0153605275991,0.450429261662
417,0.0255244199473,0.425283001019,0.0153361036789,0.447430947796
418,0.0257164189019,0.423326753653,0.0153829884908,0.448423281312
419,0.0258573686185,0.425967922577,0.0151667649988,0.44949796889
420,0.0257410085402,0.423077952403,0.0151221727583,0.448119009845
421,0.0258800403143,0.42274833184,0.0152894960239,0.446203326806
422,0.0258482388006,0.421456081363,0.0155057488274,0.445594776422
423,0.0259097860947,0.422504560306,0.0154215729244,0.446295025758
424,0.025927908038,0.420912437714,0.0151991934327,0.445320152678
425,0.0258302039897,0.42083085271,0.0153151578055,0.444144915789
426,0.0261300795783,0.420480398031,0.0154922227459,0.443478628993
427,0.0259597865292,0.419713450166,0.0152864589007,0.443136282265
428,0.0260789595688,0.419444660728,0.0155073695805,0.444763380103
429,0.026088675305,0.419050732484,0.0154464337185,0.443712358363
430,0.0260798459371,0.418810439798,0.0156046154669,0.443178476766
431,0.0260361212736,0.418748957606,0.01561001153,0.442158930004
432,0.0261770542174,0.419522746251,0.015536391048,0.441914870404
433,0.0261287401574,0.418168713267,0.0154714448004,0.441483330913
434,0.0262715876496,0.418311329988,0.0154635689464,0.442114452831
435,0.0262315816676,0.416747626204,0.0152732678113,0.440428331494
436,0.0262622632122,0.416688021559,0.0156488459631,0.441499690525
437,0.0263079189194,0.415739860672,0.0156029274727,0.440152486786
438,0.026228016923,0.415274897447,0.0155526794566,0.439407011494
439,0.0262645837636,0.41505541939,0.0155347184857,0.439509298652
440,0.0264034413088,0.414798854635,0.0154109573672,0.438182039186
441,0.0262567398783,0.414525731252,0.0155366729695,0.438109359704
442,0.026411969358,0.413967628892,0.0155431561775,0.438406377099
443,0.0264700733913,0.413891644432,0.0156639189628,0.439241383225
444,0.0263626126286,0.413052296409,0.0155831323945,0.438894273713
445,0.0265840164099,0.412799519988,0.0157082099619,0.438724641688
446,0.0265039266445,0.412412629678,0.0156491713053,0.438012072816
447,0.0265352003491,0.411409321886,0.0155986955858,0.438344988041
448,0.0264865987074,0.412188621668,0.0155943988624,0.437811169773
449,0.0266097249248,0.412308265383,0.0156981299401,0.438077067025
450,0.0265731197567,0.410193066184,0.0156479005749,0.437243459746
451,0.026559516895,0.413026055464,0.0154696259607,0.436521145515
452,0.0266762352549,0.411326088584,0.015444551471,0.436001750641
453,0.0265942513226,0.410552891401,0.0154182703859,0.43456672132
454,0.0265887780831,0.409185919624,0.0155595720468,0.434208154678
455,0.0267053922065,0.408954898898,0.0157225600339,0.43503472954
456,0.0267268405654,0.407746218718,0.0156409650358,0.43395525869
457,0.0267170149331,0.408238382294,0.0157983651554,0.433991783299
458,0.0268863093,0.409360458071,0.0159206453202,0.434089067392
459,0.0268158983582,0.407075455556,0.0158428044915,0.433280017227
460,0.0267758084676,0.40718551324,0.0158954934579,0.433951793239
461,0.0268005388072,0.406612863907,0.0158461339939,0.434167416766
462,0.0269196233175,0.408422493018,0.0158950190325,0.434700974263
463,0.0269039199473,0.406895812887,0.0158579082525,0.431377986446
464,0.0269323795174,0.405055659322,0.0158312235308,0.428681741469
465,0.02684256721,0.405506707155,0.0158961892351,0.429750936106
466,0.0270317313978,0.40413345855,0.015722965555,0.428408732638
467,0.0270187912795,0.404556487615,0.015692996341,0.429009431042
468,0.0269878465109,0.404523126208,0.0156734034986,0.428255586885
469,0.0270048231961,0.404189700117,0.0159529639286,0.429019321688
470,0.0270909477885,0.402850994697,0.0158784411451,0.427329712547
471,0.0271200794959,0.403501172478,0.0158898344065,0.427868333645
472,0.0270565132467,0.401839573796,0.0159797630786,0.427003177814
473,0.0272928044881,0.402949047776,0.0159918432473,0.426214620471
474,0.0272794161708,0.400732470246,0.0159497734177,0.425218705088
475,0.0272910607477,0.40085177582,0.0158706466484,0.42507054098
476,0.0272214170904,0.400482100936,0.0159277844231,0.42582774628
477,0.0273386360003,0.400027524966,0.0160023757536,0.425008983351
478,0.0273385558707,0.40005456255,0.015873470286,0.423697361723
479,0.0272881490752,0.399093686388,0.0159681425822,0.423863385804
480,0.0273240181761,0.400449694349,0.0161071537631,0.424773074687
481,0.0274516450814,0.398812763966,0.0160112177455,0.422676557675
482,0.0274348524399,0.398252373705,0.0160468489601,0.42330267746
483,0.0275695968885,0.398567278798,0.0159017582263,0.422854628414
484,0.0273111861271,0.399742706464,0.0160324254921,0.422443244606
485,0.0276778016168,0.397116941901,0.0158121235144,0.419997938909
486,0.0273835364586,0.397064145941,0.0157813648784,0.417824666947
487,0.0276355132317,0.396152163927,0.0162157763572,0.417717412114
488,0.0277458458709,0.396163549561,0.0161337210803,0.415945649147
489,0.0276142004877,0.395504752031,0.0159332427478,0.415814026259
490,0.0277229995431,0.396365924523,0.0161968684599,0.41550163459
491,0.0277013843163,0.394984198304,0.0162296624115,0.416116924025
492,0.0276063180958,0.395127275815,0.0162047055628,0.416528486647
493,0.0278838056569,0.39567673321,0.0163183318749,0.416766310111
494,0.0278594252438,0.393852118116,0.0161490803739,0.414336383343
495,0.0278509717005,0.394732843225,0.0163540287903,0.415243728086
496,0.0278407882612,0.394469482394,0.0162114333282,0.415187308565
497,0.0277812682952,0.392239168286,0.0160979412101,0.41480814293
498,0.0278919127841,0.39228970844,0.0163207021267,0.416699466296
499,0.0279713751605,0.391361297323,0.0162862362066,0.416017659009
500,0.0279812893759,0.39141676403,0.0162846774891,0.416412293911
501,0.0281797011132,0.391814629619,0.0162898247163,0.415911523625
502,0.027963057841,0.390705760855,0.0163387267238,0.414355434477
503,0.0280922972955,0.390638866104,0.0163865650645,0.413495502435
504,0.0279672830007,0.389779260525,0.016328969573,0.413950854912
505,0.0280552917662,0.389110772656,0.0163216906798,0.412804817781
506,0.0280914447414,0.388988675979,0.0164886653882,0.413105405867
507,0.028235898389,0.388413788034,0.0163657559353,0.412063756026
508,0.0282905061299,0.388286181367,0.0163088837019,0.411533045582
509,0.0282262354874,0.389202125944,0.016284707634,0.410790225491
510,0.0282494153899,0.387735417256,0.0162669057759,0.41012428049
511,0.0281622076694,0.388465775893,0.0163923042796,0.41064948868
512,0.0284078515923,0.386626305488,0.0163398651842,0.41062425822
513,0.0282171842857,0.386190730792,0.0162850723269,0.408375956118
514,0.0282344724625,0.386194460667,0.0166184796219,0.407568343915
515,0.0283123805689,0.385259901102,0.0166154519115,0.407046231441
516,0.0285215443358,0.386059843577,0.0163698606152,0.407760309987
517,0.0283944243565,0.385538124121,0.0165640322554,0.407316016965
518,0.0285734958015,0.387802871374,0.0166470440414,0.40629077144
519,0.0283202403583,0.384724017519,0.0166681736721,0.405508038588
520,0.0285285099839,0.384908428559,0.0165831387201,0.407164635137
521,0.0285756338674,0.385898563724,0.0164460174875,0.406153208576
522,0.0286768016477,0.383807740532,0.0164862345831,0.40543210227
523,0.0285214419978,0.384344190359,0.0166175252928,0.40537300054
524,0.0287064360634,0.382988076944,0.0167278417381,0.405688743107
525,0.0286550766144,0.382234903482,0.0166024302042,0.405198431574
526,0.0287081977138,0.382113076173,0.0166983882733,0.404999954626
527,0.0288704228946,0.382205017484,0.0166478070746,0.403249915689
528,0.0287822927348,0.383653174226,0.0166606214842,0.403716771863
529,0.0287856738298,0.38059318868,0.0166183329337,0.403381200507
530,0.028824121942,0.381068936907,0.0166489410003,0.401904450729
531,0.028852951498,0.380959961277,0.0164912564569,0.39979399927
532,0.0287810015277,0.379368678882,0.0164120523868,0.400338071398
533,0.0289441500074,0.379929032463,0.0166353953761,0.401938745752
534,0.0290279743763,0.379669560836,0.0166497228056,0.400881184265
535,0.0288937248003,0.378434747458,0.0166105536472,0.401461266913
536,0.0290818869924,0.378367270415,0.0166407819308,0.402627692558
537,0.0290273640735,0.377630024002,0.0166931438647,0.402374112047
538,0.0291739441275,0.37755382978,0.0167576268553,0.401281307451
539,0.0289861208114,0.377061552726,0.0168508952498,0.399811840616
540,0.0291635611883,0.37638892348,0.0168297125359,0.399903085083
541,0.0291421819622,0.376295278852,0.0168382849355,0.399563704617
542,0.0292304338744,0.377026043259,0.0167813357963,0.398399829865
543,0.0290457064716,0.375984581617,0.0166546174905,0.399007400498
544,0.0292886262222,0.376592145516,0.0169461720749,0.399962840602
545,0.0293035763674,0.375629109832,0.0164228611233,0.397564026527
546,0.0291440440342,0.374563692854,0.016806538083,0.398901770823
547,0.0294319926492,0.376925196785,0.0168485086739,0.396692403592
548,0.0292416672366,0.374056371359,0.0166109488339,0.397505473346
549,0.0292590395727,0.374372246174,0.0164696057885,0.394837716594
550,0.0292923798641,0.373271067555,0.0168946812936,0.395571837202
551,0.0293980265538,0.373590535842,0.0170330278245,0.395372268744
552,0.0295363445408,0.371831618823,0.0169034595119,0.396905438974
553,0.029248263866,0.372460269011,0.0169301166704,0.396705931053
554,0.0296806974981,0.372278704093,0.0169799012256,0.394705605693
555,0.0295618604152,0.371012726655,0.0169931705371,0.393596362323
556,0.0295744935194,0.370759687745,0.0168371014894,0.393417729065
557,0.0294836812939,0.370841002235,0.0168015239414,0.392342921346
558,0.0298178021151,0.370664237784,0.0167918276851,0.392337113619
559,0.0296120324817,0.3703519232,0.0169050843654,0.393226368353
560,0.0296765751062,0.370349712097,0.0170089517119,0.393257459626
561,0.0297999250559,0.369183573585,0.0170536491358,0.393738104962
562,0.0297544021159,0.369237090533,0.0170464468528,0.394543146715
563,0.0296941935085,0.369526135234,0.0169867187271,0.394582208246
564,0.0298975217514,0.367758443722,0.017202166688,0.394442217425
565,0.0298428841007,0.368863744231,0.0170024445464,0.39331147261
566,0.0298275959212,0.368177842635,0.017050696234,0.393896995112
567,0.030067735674,0.366838744053,0.0170588084104,0.392593393102
568,0.0299062670495,0.367115013874,0.0170778110767,0.392363057472
569,0.0300535077516,0.366752013564,0.0168556581185,0.392426783219
570,0.0300095643347,0.366793462863,0.0170976628918,0.393078099936
571,0.0301049245665,0.365700734349,0.0171159140905,0.392643832602
572,0.0300174004112,0.366380670896,0.0172263683182,0.391691439785
573,0.0301538658185,0.364970117807,0.017348386569,0.392412595451
574,0.030309363322,0.365492894099,0.0171941202541,0.390946543775
575,0.0300386681651,0.36420852519,0.0173867259447,0.39171577245
576,0.0302922684843,0.364507782918,0.0173339331679,0.389901001938
577,0.0301471791015,0.363671215681,0.0171205696006,0.390444184653
578,0.0303531207789,0.364306738743,0.0173261145449,0.390106726438
579,0.0303258577075,0.36415127149,0.0174791436377,0.389767705463
580,0.0301901405104,0.362846661073,0.0173715286512,0.390984386206
581,0.0307866092156,0.377934802037,0.0178629185234,0.405370580032
582,0.0292601471659,0.368971591959,0.0165364887459,0.38851204142
583,0.028600733763,0.364659614288,0.0175648947784,0.3870733371
584,0.0287848101714,0.365963100241,0.017343776191,0.382011761889
585,0.0295848881539,0.363188904065,0.0177855549124,0.387195745483
586,0.0299022153665,0.361767306924,0.0178119701702,0.387537884526
587,0.0298928363392,0.361796816954,0.0177619608496,0.387033970095
588,0.0300298448151,0.361038870536,0.0176838343168,0.386339790188
589,0.030159526612,0.361061338049,0.0176327047993,0.384437098168
590,0.0301047479017,0.360224744448,0.0177754160991,0.384480819106
591,0.0303321349649,0.358946142288,0.0177852530255,0.38506425824
592,0.0302350594519,0.362732061973,0.018014810114,0.384065175429
593,0.0301075074464,0.359493933045,0.0173810497602,0.380550866015
594,0.0301198233994,0.359330011102,0.0176897956001,0.381865934469
595,0.0303431725703,0.358027236966,0.0175000799159,0.380812895484
596,0.0303689108159,0.358913321908,0.0176295375009,0.380846781656
597,0.0304666332936,0.357835150682,0.0176232048202,0.380523215048
598,0.0305480172213,0.356849818276,0.0177790414211,0.379284117371
599,0.030798117666,0.358866714514,0.0175606846528,0.377776519395
600,0.0305163823785,0.355959947293,0.0174904583855,0.378976997919
601,0.0307212235549,0.354823719997,0.0176546864002,0.378669371828
602,0.0309058865174,0.355492366048,0.0176564979427,0.377924523316
603,0.0307915316751,0.356339609394,0.0177451367974,0.37791079469
604,0.0307414119777,0.354572688158,0.0177721888776,0.377564106137
605,0.0309461642845,0.35474017721,0.0178719490123,0.377876991406
606,0.0309243851986,0.353306944554,0.017676893518,0.377792352811
607,0.0309939082855,0.353171139956,0.01764323413,0.378245364875
608,0.031154703922,0.353661697644,0.0176092213521,0.377431298606
609,0.0308898003557,0.352703871635,0.0176992790018,0.377060040832
610,0.0311660025305,0.352899480325,0.0178522879185,0.377039015293
611,0.0312001218733,0.353362411261,0.017816409206,0.376765215769
612,0.0311544422204,0.351433057051,0.0178485099057,0.37572167255
613,0.0312351068625,0.350427023493,0.0179140470575,0.376110732555
614,0.0312062529131,0.351013604265,0.0179949686415,0.376062846743
615,0.0311832454575,0.352076106347,0.0178805106739,0.375325866044
616,0.0311802631387,0.351278410508,0.0179945142879,0.375247966498
617,0.0314263176674,0.349859866958,0.0179749462877,0.375411987305
618,0.0314298725974,0.350998758123,0.0178260379423,0.374322485179
619,0.0312220580124,0.349990684253,0.0179187098729,0.373891158029
620,0.0313932391672,0.349839756122,0.0180122704696,0.373859504238
621,0.0314590864313,0.348601184212,0.0179278290759,0.371868530288
622,0.0314344470747,0.348193411644,0.0180385854646,0.37240437977
623,0.0315153881764,0.347275200945,0.0179421012124,0.371338442899
624,0.0315242210905,0.348494084982,0.018013522734,0.371707988903
625,0.0316191565317,0.347672240092,0.0180724090062,0.371389141306
626,0.0316172394758,0.346902944721,0.0179601206708,0.371943090111
627,0.0315616730457,0.346557406279,0.0178816061584,0.371110711247
628,0.0315205504258,0.346269060786,0.0179394329919,0.370973496698
629,0.0315306391567,0.345582157373,0.0180548054457,0.369411171414
630,0.0317438369832,0.345561933059,0.0180112439425,0.369695400819
631,0.031765809408,0.346060809035,0.0179278399346,0.370023478754
632,0.0316624396409,0.344992014078,0.0179203053119,0.369870817289
633,0.0316492365673,0.345379216167,0.0181984882506,0.370399796404
634,0.0320247650111,0.344488125581,0.0180945984453,0.368949919939
635,0.031687315446,0.345045854266,0.0180423236202,0.369785985909
636,0.0319668535286,0.343920141459,0.017904952655,0.367616506293
637,0.0317166004903,0.344265076977,0.0179357304658,0.368034536019
638,0.0319962823907,0.344232842326,0.0180248500312,0.366284271702
639,0.0320482268356,0.343121386491,0.0182663660655,0.365239929408
640,0.0319504237805,0.342379637636,0.0182094045076,0.364733627066
641,0.0319778790447,0.342941603982,0.0182833868405,0.363689690828
642,0.0318250531278,0.348026345556,0.0184415560796,0.361604035832
643,0.032079106143,0.347651712023,0.0179410332116,0.366275055334
644,0.0310832458333,0.342279109817,0.0178354001018,0.363992889412
645,0.0315174304952,0.342090205504,0.018466760775,0.366731663235
646,0.0317725404524,0.341423286841,0.0183522030341,0.363933749497
647,0.0316531266301,0.344391575226,0.0174332049685,0.362748858519
648,0.0314077607428,0.341641853635,0.0179128254017,0.362702309154
649,0.0317445961902,0.340377668922,0.017917800749,0.361817819998
650,0.0318628522353,0.33945775032,0.0179800271569,0.360168761574
651,0.0319055073286,0.341482355044,0.0181269975592,0.360956395976
652,0.032156503222,0.338915583033,0.018242305418,0.360293612815
653,0.0320641803197,0.339337846408,0.0181696137395,0.359832596965
654,0.0322629961257,0.339230207297,0.0181478929153,0.358298664913
655,0.0320851928913,0.338341057301,0.018291961158,0.358948871493
656,0.0322965600599,0.337488988271,0.0183280120161,0.359045634046
657,0.0323765667585,0.336867208664,0.0184849687505,0.358528063633
658,0.0324489166602,0.337969777676,0.0185684911835,0.359273080714
659,0.0324588280816,0.336250132093,0.0183733428096,0.358771639876
660,0.0324887340673,0.337158693717,0.0184533282861,0.359843150713
661,0.0325722266705,0.335984714902,0.0183076220942,0.358330015093
662,0.0322453891142,0.334919927212,0.0185439957986,0.359053156339
663,0.0327499920431,0.335530385375,0.0185320496105,0.357330253348
664,0.0325404242254,0.334552472601,0.0184198031366,0.356150107458
665,0.0324609657893,0.33375505186,0.0185073999162,0.356304881163
666,0.0326322007638,0.333934805714,0.0185096454338,0.355940682814
667,0.0326254589913,0.333977836829,0.0184501926155,0.355656762607
668,0.0327207454695,0.333194322311,0.0185098670383,0.355529825203
669,0.0326378306087,0.333015189721,0.0183398178874,0.354313592426
670,0.0326880019946,0.332900536748,0.0184417764967,0.355736679398
671,0.0328985391758,0.332138411128,0.0182019635304,0.355044336058
672,0.0327387770924,0.332335089262,0.0180774268197,0.354270144366
673,0.0329912052134,0.338401672932,0.0179365260524,0.354622434825
674,0.0326143512502,0.331893292757,0.0180118069859,0.354360550642
675,0.0328535563671,0.330953665651,0.0182677295834,0.354141609743
676,0.0327120146786,0.330563168113,0.0183446237434,0.352812358178
677,0.0329511956885,0.330648354613,0.018419233862,0.351103521883
678,0.0328053313021,0.330718062245,0.0183281775392,0.350862116553
679,0.033096917296,0.331212408268,0.0184038681562,0.351743489504
680,0.0328966894617,0.330070801652,0.0183044123282,0.351300736889
681,0.0331208140303,0.33105660058,0.0186223853552,0.352834680118
682,0.0329370807426,0.329085137982,0.0181783385044,0.351892534643
683,0.033206073424,0.329625388751,0.0185485080185,0.351987286471
684,0.0331439480472,0.328030833831,0.0186208026068,0.351936720312
685,0.0330369874405,0.32772854429,0.0185355511135,0.351200869307
686,0.0331690482652,0.327953612575,0.0186680250681,0.350742874667
687,0.0332990227124,0.327377625383,0.0184794747088,0.350213863887
688,0.0332316082472,0.327588628118,0.0185596077872,0.350915228948
689,0.0332685873056,0.326948022613,0.0186436559441,0.350024438463
690,0.0332459906976,0.326430312716,0.0185128598312,0.349778056145
691,0.0331672541797,0.325890232737,0.0187551820645,0.349747355096
692,0.0333351443808,0.326092957304,0.018820017953,0.349481474608
693,0.0332517310117,0.325629990834,0.0186577922848,0.348688041791
694,0.0334034141583,0.325918096762,0.0182010931367,0.348463111557
695,0.0334637384289,0.324832102427,0.018471250974,0.348810741678
696,0.0334765812955,0.324120798936,0.0184935950563,0.347581798211
697,0.0334058025709,0.324857696891,0.0185111776284,0.347273716703
698,0.0335096314979,0.323735233683,0.0187601180285,0.346885366365
699,0.0335700491873,0.323647445211,0.0185405300249,0.34633421991
700,0.0335853595573,0.322675785193,0.018739694711,0.346155377105
701,0.0336116645843,0.324270836436,0.018918103191,0.346764229238
702,0.0336388396816,0.322377037544,0.0188116961288,0.346213608049
703,0.033822311178,0.323142920549,0.0187826094923,0.346017985605
704,0.0334825348825,0.321594971877,0.0189246212133,0.346090487204
705,0.0338835025099,0.322682545735,0.0189156077563,0.345456762239
706,0.0338805915716,0.32250801875,0.0188728852447,0.344550912268
707,0.0338847326974,0.321365738144,0.0189825828493,0.344722893089
708,0.033747451953,0.320123448968,0.0187293701135,0.344243192114
709,0.0338021868016,0.32135452674,0.0187673516239,0.343823687173
710,0.0338861295738,0.321598218038,0.0188742253947,0.34333203733
711,0.033859639142,0.319751930925,0.0188681880034,0.342950480059
712,0.0340427931112,0.31996119137,0.0189202038405,0.342777546495
713,0.0338379054402,0.319903780635,0.0188960180105,0.343281930313
714,0.0339177481544,0.320033410421,0.0190487280495,0.34208164271
715,0.0339799688842,0.318819851829,0.0190139677434,0.343079680577
716,0.0341180777894,0.318274116287,0.0187739922512,0.340932850726
717,0.0337394768945,0.317872081812,0.0189731308549,0.340460331179
718,0.0344234851296,0.318410839026,0.0190736512457,0.33972818777
719,0.0341109445122,0.321033266874,0.0192737526265,0.33850340452
720,0.0344281827744,0.318482232782,0.0192858973289,0.337075279094
721,0.0335664545687,0.318004343372,0.0191849396972,0.335488938726
722,0.0340670777413,0.319159814945,0.0193309733779,0.335931641981
723,0.0340479882792,0.31850792353,0.0192187889165,0.335636504926
724,0.0342225206013,0.315556450532,0.0192526093538,0.336102448404
725,0.034196040414,0.316038636061,0.0192320120009,0.335838653147
726,0.0342823947207,0.316331259333,0.0192861281641,0.334992961027
727,0.0343716322946,0.315128298906,0.0188540233435,0.334884089418
728,0.0342350977545,0.314104676247,0.0191811378518,0.336087555625
729,0.0344830223431,0.314703989487,0.019131573041,0.335798827
730,0.034429402807,0.314567497143,0.0191470983477,0.335682354867
731,0.0343004511669,0.313394468564,0.0193529866333,0.334901074879
732,0.0345236945969,0.313207375316,0.0192711771765,0.333920352161
733,0.0345392559225,0.313873650936,0.0190834891146,0.33434030693
734,0.0346256002712,0.314191370056,0.0191423192248,0.334331047721
735,0.0346083943016,0.312362518448,0.0191655940803,0.334518171847
736,0.0344896890366,0.31197506304,0.0191548660032,0.334147455171
737,0.0345261165729,0.312337940702,0.0190018041073,0.333049992099
738,0.0347512923181,0.311177913959,0.0190452611325,0.33248777315
739,0.0346730164467,0.311924269566,0.0191632507801,0.333054556511
740,0.0347273451491,0.310977854408,0.0192515226381,0.33287904691
741,0.0347410533577,0.310856487889,0.0190528584044,0.332384394482
742,0.0348215571676,0.310672304951,0.0192152243237,0.332874050364
743,0.0347602219822,0.310713660259,0.0191568273256,0.331581642851
744,0.035063163237,0.319271723811,0.0203134736694,0.357997234911
745,0.0345053247964,0.315333670148,0.0185824150815,0.333773661405
746,0.0326325020108,0.312446421156,0.019033276466,0.331277119927
747,0.0341861628426,0.312154812308,0.0192997143952,0.334795349278
748,0.0343193818564,0.312654881523,0.0184677320201,0.331258600578
749,0.0340531464809,0.309481291817,0.0191393561472,0.333728256635
750,0.0347664946547,0.309158092508,0.0191380820056,0.333307782188
751,0.0345571454471,0.308090089605,0.0190197920379,0.332193163224
752,0.0348430255858,0.309187451234,0.0194407346614,0.331924903207
753,0.034686796009,0.307629701037,0.0190375669717,0.328642698936
754,0.0347302906,0.307645127177,0.0192252895392,0.32806978561
755,0.034784789627,0.30683917151,0.0192486401331,0.327033665963
756,0.0351317261632,0.30709265631,0.0194915077761,0.328337965533
757,0.0350500642537,0.306288982813,0.0194058283396,0.327303063124
758,0.0351068727815,0.305979784865,0.019396909883,0.328694288619
759,0.0350761190415,0.306334451987,0.0194092101517,0.328445551917
760,0.0351284563971,0.305367034215,0.0195400165615,0.32835065946
761,0.0352105017966,0.305799028048,0.0192273309863,0.328061795793
762,0.035320026012,0.30533862114,0.0191703244941,0.328441396356
763,0.0352679004606,0.30425852881,0.019313327824,0.32776419539
764,0.0353207051253,0.303803819876,0.0195173418763,0.327011170797
765,0.0354370100137,0.30459602521,0.0194589519936,0.326647153124
766,0.0352713689208,0.303265495942,0.01949410675,0.326165788807
767,0.0352404169165,0.302505112611,0.0196922794007,0.326873188838
768,0.0354531461086,0.302986004032,0.0194939872056,0.326840575784
769,0.0355002549835,0.302810302147,0.019657545947,0.325325139798
770,0.035447445125,0.302207891758,0.0198180218797,0.32493946515
771,0.0355554516069,0.302207503181,0.0199003764501,0.325396548957
772,0.035598596164,0.301864370704,0.0198129893106,0.32531847246
773,0.0356891858033,0.301055792433,0.0196044083063,0.325762231834
774,0.0355461955142,0.300671650813,0.0194780180741,0.325368841179
775,0.0357770877532,0.300940873531,0.0195886531801,0.325385589153
776,0.0356315332107,0.30079781436,0.019479056944,0.32358024735
777,0.035599557253,0.30113735795,0.0195832223624,0.322886701673
778,0.0358812323986,0.300053301912,0.0198081688293,0.321944448166
779,0.0356637596941,0.300040772328,0.0196811864137,0.322667100467
780,0.0358573525714,0.298577704109,0.0196490433889,0.322771372274
781,0.0359480626021,0.299386759217,0.0197224346746,0.323186961934
782,0.0359655459626,0.298692409809,0.0199279569908,0.322192707099
783,0.0357303776993,0.298868727226,0.0187987621975,0.322568677366
784,0.0357066896529,0.299150899053,0.0192219732708,0.32287764363
785,0.035848632634,0.299186479587,0.019412508015,0.322263888083
786,0.0361636071824,0.298295576985,0.0195751725203,0.3227179721
787,0.0359390160929,0.298067166255,0.01963198729,0.322322612628
788,0.0360652617752,0.297484562947,0.0196202473869,0.320790802129
789,0.036058620693,0.297404651458,0.0195897772103,0.320692005567
790,0.0361236311639,0.296037644148,0.0196563540821,0.321027818136
791,0.0361715731426,0.296261030894,0.0195843185647,0.321124841459
792,0.0363033731253,0.296080037951,0.0197682962516,0.320831175894
793,0.0361705326045,0.295538916038,0.0196947569318,0.32046050299
794,0.0363750136099,0.295906243416,0.0197127938898,0.318970434368
795,0.0364437774092,0.297670081258,0.02013737685,0.318385976367
796,0.036352828145,0.295339763165,0.0199127052492,0.317743052728
797,0.0362444842736,0.294952487716,0.0197350121921,0.316257490776
798,0.0363789885663,0.293751601989,0.0198311870322,0.315962733701
799,0.0363801938052,0.294434627661,0.0197364530454,0.316410873085
800,0.03641839132,0.293062496644,0.0196589250472,0.31702250056
801,0.0365735360851,0.293278192098,0.0195693220337,0.315613431856
802,0.0362681154018,0.294052972243,0.0199582247019,0.315234791487
803,0.0365239034335,0.296879813075,0.0198441338068,0.313961087726
804,0.0363685294198,0.292971552565,0.0197833678346,0.315314774401
805,0.0364362503975,0.292780249165,0.0197168250324,0.315759066492
806,0.0364269826991,0.291589161524,0.0198018357044,0.315713454969
807,0.0365959717534,0.292340435661,0.0198619890396,0.315978270024
808,0.0365781449498,0.29132289726,0.0198434672075,0.314888581634
809,0.0367142541621,0.291087777569,0.01991047603,0.314789130352
810,0.0365655810501,0.290392736976,0.020009932646,0.314069675282
811,0.0367428410368,0.29048692607,0.0201089236114,0.31369758863
812,0.0368859525412,0.290790140629,0.0198911361183,0.312005230226
813,0.0367416849073,0.290393835077,0.0200054347179,0.312186090276
814,0.0368286034522,0.28955771029,0.0200905851025,0.312419708818
815,0.0368837475992,0.289630595308,0.0202235465663,0.313386482187
816,0.0370550272055,0.289379782402,0.0199486827771,0.311383808032
817,0.0368436762991,0.288962333248,0.0202651995801,0.311693145894
818,0.0370579845845,0.288621811913,0.0202246549529,0.310713641346
819,0.036958857529,0.2892456112,0.0202465770672,0.311307131313
820,0.0369777152172,0.287600141305,0.0199492785014,0.309490283951
821,0.0369228000681,0.28772602173,0.0202961738426,0.310916717164
822,0.0372470812514,0.288504121395,0.0203161705556,0.310029610991
823,0.0371698754338,0.287643460127,0.0201278703462,0.30959006492
824,0.0371100036427,0.287843601062,0.0203089589236,0.310175657272
825,0.0373137241516,0.288238315628,0.0202495514038,0.309181033634
826,0.0372481485471,0.286869460574,0.0202431876328,0.309366765432
827,0.0371537881259,0.2863202714,0.0201208696694,0.308068018407
828,0.0373490452229,0.287735804915,0.0202182837293,0.306450858712
829,0.0374795209903,0.285848841071,0.0202909232958,0.305385595188
830,0.0374399237335,0.286618275138,0.0205206639041,0.3057947997
831,0.0373872780743,0.285098997446,0.0204214777143,0.305736827664
832,0.0373993139141,0.28453912414,0.0203842690744,0.306651204824
833,0.0375162096551,0.284460441424,0.0205164059694,0.307061926462
834,0.0376506795247,0.284581594742,0.0202961676393,0.306447559036
835,0.0373941578974,0.283440192158,0.0203090809819,0.30668310076
836,0.0374235843953,0.283183191831,0.0205182050354,0.305255116895
837,0.0379024609171,0.284890218423,0.0205703797014,0.303581068292
838,0.0375407494676,0.283158761951,0.0205467587964,0.302730679512
839,0.037613730018,0.282494109411,0.0206542346416,0.302465252578
840,0.0376217584484,0.282092408492,0.0206004827694,0.30287371017
841,0.0376771825294,0.281794937757,0.0207176540234,0.302897064015
842,0.0376745973212,0.281297291701,0.0206409492964,0.303083426319
843,0.0376477103609,0.282984534135,0.0205542404403,0.30350904353
844,0.0377904522734,0.281947595569,0.0207204786761,0.303382998332
845,0.0379400504216,0.282761564622,0.0206199480567,0.303950366564
846,0.037673410279,0.281307676664,0.0206568653466,0.302685442381
847,0.0379355144687,0.281251303278,0.0209590646725,0.302737773396
848,0.0378509626652,0.280318617821,0.0209549750705,0.301133196801
849,0.0379215763309,0.279360612998,0.020948337037,0.301797118969
850,0.0379682470185,0.280465817222,0.0206538229277,0.301102884114
851,0.0379072798846,0.279026533549,0.0211561955036,0.303142724559
852,0.038273064236,0.281284167216,0.0208708168216,0.302484762855
853,0.0380435044376,0.278821738867,0.0207440483036,0.302375845611
854,0.038166507004,0.279239672881,0.0208344821649,0.301888588816
855,0.0381956137717,0.27899420376,0.020992652228,0.301096749492
856,0.0383364956181,0.278876983202,0.0208931975474,0.298942977563
857,0.0379138420551,0.277671488432,0.0206909559765,0.299118995667
858,0.0384089818511,0.277292064749,0.020823636894,0.300050994381
859,0.0381139516114,0.277517239635,0.0208591016428,0.29953389708
860,0.0384745022927,0.277863383293,0.0210902824113,0.298170578666
861,0.0381891659389,0.276672877944,0.0209418737836,0.297570098191
862,0.0383379577587,0.276227929271,0.0210579847578,0.297787753865
863,0.0384377426683,0.276475045543,0.0211778562077,0.298451839946
864,0.0385911910293,0.275468229101,0.0209193159126,0.297389674
865,0.0383350193644,0.275218501687,0.0210445280136,0.298122678883
866,0.038431136045,0.276008229989,0.0209593678455,0.298882123083
867,0.0386183703175,0.274637264701,0.0209018798878,0.297472332604
868,0.0385202530485,0.274151899494,0.021091295451,0.296951571479
869,0.038621049052,0.275590223762,0.0209524754857,0.295984481461
870,0.0386526484687,0.274985467012,0.0211968621863,0.295976496302
871,0.0387269042146,0.274637454977,0.021122351576,0.296795824543
872,0.0388022425155,0.274170107566,0.0210795424161,0.296924055554
873,0.0387797572005,0.273539182085,0.0211124881321,0.296978530474
874,0.0386961824102,0.28075097272,0.0212820520289,0.297334404662
875,0.0386326173679,0.278480661603,0.0208233932076,0.306177170947
876,0.0371685794626,0.276121510909,0.0204580770201,0.29637135379
877,0.0366127925853,0.2757534912,0.0213558361017,0.298810356297
878,0.0379722788751,0.276267834581,0.0205648160347,0.297979479656
879,0.0377116222293,0.275452178258,0.0207472736495,0.298102855682
880,0.0384400140208,0.274378257302,0.0211231207227,0.296281863004
881,0.0385054856395,0.272555108254,0.0215729941765,0.297003565356
882,0.0386055699335,0.272990694413,0.0210665633217,0.296443056315
883,0.0388389798598,0.270798019492,0.0214466679101,0.297625351697
884,0.0390094125715,0.271383995047,0.0213700974491,0.296117377467
885,0.0386801674389,0.271114704701,0.0216290755698,0.296635803767
886,0.0390998566738,0.272336070354,0.0216417285112,0.294716158882
887,0.0388367556465,0.269892670787,0.0219477457733,0.292966708541
888,0.0391480410113,0.270690392416,0.0219348099702,0.292439250275
889,0.0389162929944,0.269612690577,0.0218916728384,0.292838121764
890,0.0392740900055,0.270335117212,0.0217985258923,0.291738689877
891,0.0388985150852,0.269229953106,0.0216804994163,0.291912206449
892,0.0394372947586,0.268992378162,0.0219129871471,0.29322767444
893,0.039292672649,0.268852498669,0.0216103230191,0.289775975049
894,0.0391412004112,0.269328422844,0.0219089541567,0.290336748585
895,0.0393883985682,0.267467067792,0.0215764341774,0.288001202978
896,0.0390840457537,0.267975658178,0.0217693286243,0.28805625625
897,0.0394271035822,0.267632745779,0.0217765174091,0.28840046376
898,0.0393908698685,0.268455568414,0.0219210639523,0.289383738302
899,0.0395021252334,0.267182963399,0.0219171109879,0.289103115909
900,0.0393551221977,0.267584948586,0.0221013911332,0.290166595019
901,0.0397108661083,0.266572901836,0.0220618503417,0.289373771288
902,0.0396565931778,0.265844102089,0.0221570896992,0.28827101551
903,0.0396518185377,0.266326921491,0.0220738501491,0.286791068502
904,0.0395778174011,0.265545215744,0.0220366583685,0.287792320363
905,0.0394629472867,0.265492067887,0.0219655674175,0.287658079527
906,0.0397666269698,0.266424622673,0.0220772900977,0.289078421891
907,0.0396340451418,0.265205632036,0.0218805371462,0.285816980526
908,0.0398004481999,0.265004136815,0.0220113860914,0.287028130144
909,0.0398669603925,0.263952702857,0.021881669328,0.285283375531
910,0.0397373299974,0.264181229931,0.0221019490009,0.285803033039
911,0.0398181922591,0.263472152444,0.021952979916,0.283627163619
912,0.0399487853552,0.264452752012,0.0221568136258,0.285472663119
913,0.0399137739665,0.263593775149,0.0221311543121,0.285222262144
914,0.0399502199143,0.262987429133,0.0222114402657,0.28593334835
915,0.0399672378284,0.262255897889,0.0220859108547,0.284912984818
916,0.0401287004889,0.26308727379,0.0221010480273,0.284518211149
917,0.0402741918985,0.262535951458,0.0221380312694,0.283472034149
918,0.0400609048083,0.262404954204,0.0221969225711,0.282852589153
919,0.0402461868138,0.262053673657,0.0221674990237,0.28370822221
920,0.0399152220298,0.261182481853,0.0221580326822,0.284092597663
921,0.0403179977304,0.261651158906,0.0222928308319,0.284670977853
922,0.0402740759309,0.261497247678,0.0221164056663,0.283707202412
923,0.0401655897283,0.261387448471,0.0224255521691,0.28498036135
924,0.0402691830666,0.260651124211,0.0221929992611,0.283709427342
925,0.0404910595658,0.260521806203,0.0224069365638,0.284666186199
926,0.0402950226114,0.259846055737,0.0222195185472,0.28300318867
927,0.0404514076475,0.260239617756,0.022473066007,0.285037986003
928,0.0406057519408,0.259973956988,0.022352218781,0.282976320013
929,0.0405330782613,0.25870553748,0.0224721790585,0.282264534384
930,0.0405769237819,0.258252193148,0.0223986719229,0.281505938619
931,0.0404751096637,0.260803622122,0.022552212371,0.283680858091
932,0.040727525448,0.258559186871,0.0223448690076,0.281608366407
933,0.0406736923883,0.258561882262,0.0223851894652,0.281485423446
934,0.0407264068579,0.257765805492,0.0221512274738,0.280615487136
935,0.0406211554431,0.256998019723,0.022503533967,0.281274070032
936,0.040821540456,0.25695128395,0.0223136605177,0.280068368651
937,0.040778566725,0.257050039103,0.0225033453391,0.279836386442
938,0.0408236691728,0.256815470182,0.0224192124886,0.279135406949
939,0.0408651745663,0.256439984991,0.022664660285,0.279555830173
940,0.0409436564749,0.256355730387,0.0225795090514,0.279425715096
941,0.0410135699293,0.256058145028,0.0225032613494,0.279547460377
942,0.0408184762614,0.255658851793,0.0222803420254,0.278066397645
943,0.0409880746514,0.256162207287,0.0225467032169,0.279471528716
944,0.0411619441584,0.25614202481,0.0224681684865,0.276262218133
945,0.041098646533,0.255452656975,0.0226411893905,0.276932396926
946,0.0412126509473,0.255373395979,0.0225164477556,0.275753331371
947,0.040796257842,0.254412669402,0.0227133435665,0.277369883843
948,0.0414860509336,0.255357860946,0.0227673732011,0.277127400972
949,0.0410877198984,0.25337134359,0.0225809870001,0.275754653849
950,0.0415123442116,0.256163262404,0.0226584028628,0.276498132385
951,0.0413242365019,0.253482632339,0.0226636781813,0.276860409416
952,0.0413636331661,0.253435556132,0.0225955024709,0.275727992877
953,0.0412041095014,0.252547508249,0.0227491637804,0.275613863021
954,0.0414861672056,0.252766864231,0.0229477052835,0.275828317739
955,0.0414666568216,0.253801204837,0.0228395232577,0.274561043829
956,0.0413790509964,0.25300318977,0.022779807523,0.273503419943
957,0.0417768742101,0.25369644165,0.0226368439551,0.27299321536
958,0.0411109853393,0.251944388335,0.0227220999627,0.27193932049
959,0.0416939790862,0.251480325483,0.0227393729028,0.272819546051
960,0.0415147673339,0.251143237146,0.0227506303411,0.272418138571
961,0.041597635342,0.251429137129,0.022952363714,0.272391854785
962,0.0417162546028,0.250572403463,0.0229903174129,0.272843829356
963,0.0417391632039,0.250644086645,0.0229446374799,0.273037326522
964,0.0417264108188,0.250744368021,0.0227872817766,0.271273584105
965,0.0417946306272,0.24944767012,0.022795082966,0.270298246294
966,0.0416290424227,0.250853583217,0.0228136782134,0.271336997859
967,0.041993903426,0.249507176761,0.0230233318462,0.270353863947
968,0.0416244918194,0.249636069513,0.0230653687381,0.270615557209
969,0.0420670195733,0.25043939054,0.0231052861434,0.270468717441
970,0.0419972321162,0.249250678489,0.0229300467388,0.269468180835
971,0.0421027571966,0.249092713572,0.0230132060296,0.269232260995
972,0.0421886780801,0.249749316619,0.0229541048532,0.269033221528
973,0.0420119558962,0.248078743426,0.0229212121017,0.268603551202
974,0.0422299032171,0.247943560664,0.0229910405808,0.268289543688
975,0.0418579684427,0.249630356637,0.022971877459,0.268193139695
976,0.0423426828705,0.247949128541,0.0229116377236,0.26871111244
977,0.0421741626297,0.247672129136,0.022653600432,0.26870388072
978,0.0422111023934,0.246573925018,0.0226853354345,0.268198545091
979,0.0421593130495,0.246995050174,0.022818295196,0.267917435616
980,0.0424314805378,0.246811948144,0.022639734781,0.267736229114
981,0.0422646385403,0.246915365641,0.0228318299464,0.268349195831
982,0.0424013347365,0.246342748977,0.0229697761029,0.267548708245
983,0.0424216031455,0.246147374694,0.0231844283821,0.266813421622
984,0.0424919069673,0.245372183621,0.0230128692422,0.266175583936
985,0.0424208708394,0.244415367452,0.0230206957428,0.266079598106
986,0.0425604341122,0.245169677987,0.0232119843365,0.266988756135
987,0.0426703778884,0.245432434747,0.0230705290596,0.266896534711
988,0.0425117643407,0.24465436603,0.0232590435071,0.266858392395
989,0.0426939147023,0.245229917077,0.0233743881295,0.266560848802
990,0.042793743384,0.244164102353,0.0232371646023,0.266492475756
991,0.0427314055582,0.244278672223,0.0231152273286,0.266501261853
992,0.0427783279178,0.243415547105,0.0230648484498,0.265394635499
993,0.0426917724813,0.243382409788,0.0231819920389,0.265369165689
994,0.0428194117088,0.243703396848,0.0233581055813,0.265410173684
995,0.0429425311203,0.243432850219,0.0233199209586,0.265024119988
996,0.0428361156239,0.242623542364,0.0234034488751,0.265115730464
997,0.0429939925671,0.242230648605,0.0234564158663,0.264383756556
998,0.0427187542216,0.242716733653,0.0232342958961,0.264049419202
999,0.0433210249131,0.243760421872,0.0232460913342,0.26400149148
