epoch,jaccard,loss,val_jaccard,val_loss
0,0.101338205859,0.688598303124,0.103699329309,0.59918769449
1,0.0995713463053,0.582408100367,0.102316845208,0.572649046779
2,0.0989135974087,0.566215140745,0.101928682067,0.563726939261
3,0.0985843669623,0.558190776035,0.10163469892,0.555974543095
4,0.0984458471648,0.55021497421,0.101373092271,0.548772111535
5,0.0981670429464,0.543641917408,0.101120189764,0.543181121349
6,0.0978095799219,0.53841641359,0.10088059213,0.538539819419
7,0.0974954599515,0.533827412874,0.100667464547,0.534261286259
8,0.097523110453,0.529570078477,0.100454318337,0.53012445569
9,0.0973096033558,0.525415766984,0.100258631632,0.526164487004
10,0.0970911609475,0.521411418915,0.100055638701,0.522316262126
11,0.0966974336188,0.517539421096,0.0998285114765,0.518552832305
12,0.0968394549564,0.513729637489,0.0996194593608,0.514863319695
13,0.0967506882735,0.509939650074,0.0994235612452,0.511157914996
14,0.0965230714064,0.506144726649,0.0992050962523,0.5074782148
15,0.0960961068049,0.502390493639,0.0989968292415,0.503892499954
16,0.0961417977232,0.498775520362,0.0987924328074,0.500406365842
17,0.0958424769342,0.495217369869,0.098595011048,0.497056063265
18,0.0957552979235,0.491813221015,0.0983982319012,0.493754260242
19,0.0955225380603,0.488438678905,0.0981963882223,0.490587800741
20,0.0951696496923,0.485188946128,0.0979872429743,0.487485542893
21,0.0952142477036,0.48199674394,0.0978620080277,0.484484691173
22,0.0951414215378,0.478885917924,0.0976582784206,0.481555301696
23,0.0950423295144,0.475862469524,0.0974885607138,0.478687651455
24,0.0950295501389,0.472868666984,0.0973998717964,0.475927826017
25,0.0949243346695,0.469925011508,0.0972582967952,0.473282791674
26,0.0950687439181,0.467045991682,0.0970173301175,0.470684979111
27,0.0950985718518,0.464229235426,0.0968511067331,0.468163028359
28,0.0950762690045,0.461373945698,0.096990596503,0.465730719268
29,0.095439118566,0.458581860177,0.0966796642169,0.46325744316
30,0.0952372162137,0.455931571312,0.0963553264737,0.460944399238
31,0.0955350575969,0.453166197985,0.0964653370902,0.458882968873
32,0.0962342782877,0.45046232827,0.0960414027795,0.456614207476
33,0.0961076442618,0.447851018049,0.0965114785358,0.455192230642
34,0.0963514086325,0.445333375596,0.0964688798413,0.452805265784
35,0.0969630659092,0.442745914683,0.0955263655633,0.450444936752
36,0.096733260667,0.440350741148,0.0963598471135,0.449284870178
37,0.0975184910931,0.437827954069,0.0951489983127,0.44636772573
38,0.0976457344368,0.435353860259,0.0953992605209,0.444462221116
39,0.098175380379,0.432853912935,0.0955546740443,0.442917328328
40,0.0982585554011,0.430550583638,0.0953401243314,0.441061731428
41,0.0984986275434,0.428231413476,0.0952413752675,0.439684897661
42,0.0992371113971,0.426017925143,0.0947031248361,0.436960730702
43,0.0997258927673,0.423738220707,0.0949073024094,0.435452632606
44,0.1000112826,0.421610152349,0.0943897655234,0.434201963246
45,0.100100279786,0.419396772049,0.0948907267302,0.432906731963
46,0.100099343108,0.417606533505,0.0945958765224,0.43144530803
47,0.100381138269,0.415608409792,0.0939126480371,0.428768914193
48,0.100801012712,0.413674963638,0.0939501943067,0.428467489779
49,0.10061671841,0.411881171167,0.0939860483631,0.42666400224
50,0.100788709009,0.410177460872,0.0939062284306,0.424688886851
51,0.100447312696,0.40854919143,0.0938299410045,0.42402850464
52,0.101509303553,0.406226138584,0.0944726383314,0.423369716853
53,0.102117298637,0.404432919808,0.093237916939,0.42120185867
54,0.101865852484,0.40268920362,0.0938178859651,0.420442190021
55,0.102535911137,0.400867243297,0.0936018107459,0.4197213687
56,0.10290699359,0.399257698096,0.0934908688068,0.41763387993
57,0.102902702987,0.397730964236,0.0933889290318,0.41711621359
58,0.103594169253,0.396046749316,0.0926201185212,0.414616532624
59,0.103445838904,0.394439425319,0.0930296583101,0.414454270154
60,0.103868618142,0.392808470875,0.0931972060353,0.414110198617
61,0.104082206497,0.391295457259,0.0921183368191,0.412154100835
62,0.10260491888,0.390906349756,0.09274515789,0.412194311619
63,0.102901294595,0.389364632778,0.0920860171318,0.409549523145
64,0.103849357693,0.387525889091,0.0915604960173,0.408600177616
65,0.104441909585,0.386062401347,0.091999524273,0.407204151154
66,0.104565067915,0.384421284311,0.0924890208989,0.408114388585
67,0.105676594889,0.382870725356,0.0912439255044,0.405117437243
68,0.105781961,0.381488383748,0.0916778910905,0.405906848609
69,0.106397069292,0.379914321005,0.0913532786071,0.404763355851
70,0.106849654578,0.378436268307,0.0915259420872,0.404604677111
71,0.107943050796,0.377164094709,0.0905180368572,0.401626896113
72,0.106599505292,0.376275926828,0.0907187648118,0.402896698564
73,0.107269541826,0.375214511529,0.0917761530727,0.404081709683
74,0.107538686832,0.374132119119,0.0897684944794,0.400121875107
75,0.106635989156,0.373435808346,0.0907144900411,0.400036450475
76,0.107593419729,0.372114562429,0.0896469000727,0.398228883743
77,0.107829462504,0.370713430457,0.0904318457469,0.399001654238
78,0.109292984474,0.369238387793,0.0901406593621,0.398421514779
79,0.108876561048,0.367949207313,0.0899662543088,0.397593457252
80,0.110132222762,0.366806945764,0.0899584200233,0.397245388478
81,0.11051673023,0.365753126331,0.0895312130451,0.396437376738
82,0.109755024081,0.364961062558,0.0900464719161,0.396531295031
83,0.111040344695,0.363964658231,0.0894941398874,0.395255841315
84,0.110435276991,0.362950212322,0.0893823467195,0.394253119826
85,0.110736165894,0.3623404596,0.0877355635166,0.392916679382
86,0.110176349292,0.361651983112,0.0888109011576,0.393463477492
87,0.11101375171,0.360489564016,0.0893323179334,0.39329251647
88,0.112040313659,0.359031580389,0.0891433935612,0.39296939224
89,0.112640192267,0.357884733938,0.0888327993453,0.392720971256
90,0.113257389748,0.356824093498,0.0883525488898,0.391693498939
91,0.113480958855,0.356115860865,0.0889028916135,0.391752511263
92,0.112785207573,0.355867421255,0.0886449851096,0.390370465815
93,0.113625537604,0.354572352953,0.088331813924,0.389569614083
94,0.114557011286,0.353471044451,0.0876340456307,0.388957876712
95,0.113878619857,0.353155880235,0.0876879906282,0.389404106885
96,0.112390211783,0.353398372419,0.0870598703623,0.386883437634
97,0.112545553595,0.352649397217,0.0884106066078,0.38858878985
98,0.113805672852,0.351347440854,0.0889290003106,0.389785788953
99,0.114601810928,0.350343108177,0.0878054890782,0.387343153358
100,0.115743354894,0.348818389699,0.0876234686002,0.385666530579
101,0.117186033633,0.34758592397,0.0873394524679,0.386363133788
102,0.117958705872,0.346559401602,0.0889774216339,0.388595145196
103,0.118100098567,0.345999801531,0.08773273509,0.386478178203
104,0.118857132038,0.345157438889,0.0881257262081,0.386937297881
105,0.118558424525,0.344614361413,0.0871139904484,0.38364834711
