epoch,jaccard,loss,val_jaccard,val_loss
0,0.102072573733,0.679760133848,0.106508853845,0.602947466075
1,0.10227758321,0.570799505338,0.105750658549,0.547132253647
2,0.102475724649,0.53240644373,0.105369781144,0.524329088628
3,0.103117866674,0.514296419919,0.106875186786,0.512234091759
4,0.105435553705,0.50305435434,0.108291849494,0.5033223629
5,0.108703371603,0.493886569515,0.11010174267,0.496352221817
6,0.109734475845,0.487013975158,0.108864059672,0.491748657078
7,0.110032277182,0.481179174036,0.112521052361,0.48415716365
8,0.110713658389,0.47584617231,0.113166035153,0.47927319631
9,0.11098540551,0.471081931144,0.113176267594,0.474305920303
10,0.113732089289,0.465154677629,0.111613405868,0.469965096563
11,0.114698921563,0.45953103248,0.114635278471,0.465630352497
12,0.115349360975,0.45527805388,0.113848815672,0.461540635675
13,0.115451575024,0.450797276571,0.116105612367,0.457971658558
14,0.117679696996,0.446114510298,0.114489905536,0.455014605075
15,0.118175936164,0.441750134341,0.116370638832,0.450793765485
16,0.118708156981,0.437644647434,0.116447306238,0.447563473135
17,0.119391505374,0.433842638507,0.118494911119,0.443862508982
18,0.122526994208,0.429331510328,0.11528857518,0.442192230374
19,0.121794758365,0.426010485739,0.117153008468,0.437235351652
20,0.122735794168,0.42230796814,0.117953953333,0.436056777835
21,0.124938912457,0.418208123185,0.117114685476,0.431657902896
22,0.124908871716,0.414526838809,0.11730577331,0.430175233632
23,0.124925109558,0.412547320127,0.119455979206,0.42692457512
24,0.125244056806,0.408882506192,0.120950573124,0.426381301135
25,0.127803725656,0.405412303284,0.11700715404,0.423656672239
26,0.127607107162,0.402130684815,0.118989771232,0.420225035399
27,0.129394308431,0.398573925719,0.120299015194,0.418046534061
28,0.132300577126,0.394958184101,0.114174477756,0.414709158242
29,0.131317500025,0.392276353203,0.117380353622,0.412971064448
30,0.130509687122,0.390100788325,0.121747327968,0.411674410105
31,0.134849662893,0.386616964824,0.113128049299,0.413036536425
32,0.13116183551,0.385051189922,0.12421727553,0.406929817051
33,0.134176401654,0.382084999233,0.124897403643,0.405646834522
34,0.134662334574,0.380060029216,0.119063545018,0.40506092459
35,0.137099395972,0.376100626774,0.12004972063,0.403539285064
36,0.136951395776,0.373307449743,0.121558000334,0.398838955909
37,0.139120765962,0.37103890162,0.117270599119,0.397506117821
38,0.138429911109,0.36871700082,0.122930936515,0.396101534367
39,0.138819170417,0.367247267626,0.126764478162,0.397117964923
40,0.140550293028,0.36468785163,0.120411447249,0.393785949796
41,0.143274030183,0.361022463068,0.121561416425,0.39028371498
42,0.144774600165,0.358117489144,0.120050977916,0.390199005604
43,0.144435703754,0.356705970131,0.121396940202,0.387316111475
44,0.145309199113,0.354672782123,0.119720426388,0.387891031802
45,0.145749293733,0.35221476946,0.12464200519,0.386280354112
46,0.149387886282,0.349720546976,0.119034335017,0.385270740837
47,0.147530748043,0.347614740022,0.126609663479,0.384890723974
48,0.149023982696,0.346080039628,0.125951406546,0.38445995003
49,0.152282521594,0.3435454797,0.125746442936,0.381945829839
50,0.151638933457,0.341854875907,0.124977016822,0.379977062345
51,0.156194090378,0.338243875653,0.119062991813,0.380226451904
52,0.153518775478,0.337507791817,0.126429483294,0.378545437008
53,0.152299073059,0.337969630025,0.12458380498,0.3804885149
54,0.157479826361,0.333188039251,0.125183025375,0.374880090356
55,0.15763968043,0.331682093441,0.124859574251,0.376799657941
56,0.160476208664,0.329390670173,0.121603714302,0.375368718058
57,0.159165999386,0.32763325423,0.130017852411,0.375448416919
58,0.162048630416,0.326140171848,0.125645488501,0.371494621038
59,0.159647597931,0.326339662075,0.12258983776,0.374016147107
60,0.161783665884,0.323849705979,0.123394370079,0.371564481407
61,0.162145498209,0.321816850454,0.13034042716,0.372124053538
62,0.165882186498,0.319741573185,0.126108814031,0.372074920684
63,0.165430257563,0.318138309754,0.126022300683,0.367094263434
64,0.167256026529,0.316153558902,0.128274565563,0.370154112577
65,0.168488991447,0.314825878479,0.125715024769,0.370506867766
66,0.168990485836,0.313499500044,0.12224217318,0.368661500514
67,0.16661143396,0.312987466343,0.124732937664,0.366715300828
68,0.170013645664,0.310575624928,0.129196068272,0.367775116116
69,0.174368113745,0.30776840914,0.125531507656,0.368718776852
70,0.175766095053,0.305585647933,0.127009559423,0.366740453988
71,0.17786924215,0.303850464523,0.123258979991,0.365726031363
72,0.172918077558,0.305971233174,0.125681317411,0.365615129471
73,0.175746612251,0.303119465709,0.125542487018,0.364623274654
74,0.176705305465,0.302369093522,0.127453895286,0.36310634762
75,0.178901684936,0.299830273725,0.128185184672,0.367057863623
76,0.17691032961,0.30039550364,0.129829905927,0.370292920619
77,0.176697618328,0.299868313596,0.125984589569,0.362290807068
78,0.178749184124,0.297923407517,0.128948347643,0.362662710249
79,0.182733451948,0.295134019107,0.12757505849,0.361989546567
80,0.182184262667,0.293375248089,0.135362708941,0.363360226154
81,0.182748782448,0.29524673149,0.127278897911,0.360007692128
82,0.183568949345,0.292556769215,0.125806658529,0.360253866762
83,0.184550066013,0.292196322232,0.121253623627,0.36163175106
84,0.186199502088,0.289000759833,0.125998457894,0.358891751617
85,0.189474257175,0.287294918671,0.12173239328,0.361028261483
86,0.183576218784,0.288984936662,0.125739848241,0.359766535461
87,0.187945515849,0.287756234407,0.129744170234,0.360921926796
88,0.191294730175,0.284576685168,0.130029292777,0.358188975602
89,0.190957609098,0.283923946321,0.12700295262,0.360448293388
90,0.196911011357,0.280287648551,0.127954104915,0.360609378666
91,0.194349627942,0.281055847183,0.129621202126,0.357649311423
92,0.194845608901,0.280205971561,0.126917611808,0.35785825178
93,0.194566563237,0.28097001696,0.122350955382,0.357194680721
94,0.196990845725,0.27891631797,0.125073270872,0.356443360448
95,0.196391658392,0.277002220973,0.126789879054,0.360705140978
96,0.197052187286,0.276650404558,0.130986353382,0.358846493065
97,0.201718852855,0.274223705754,0.130333986133,0.356205008924
98,0.195909379981,0.277547723148,0.129733910784,0.358576059341
99,0.199738326017,0.276068863459,0.119267418981,0.359283793718
100,0.200343130156,0.273459328339,0.124447062612,0.357452202588
101,0.204396176152,0.270847059786,0.120139846578,0.358574733138
102,0.199137283955,0.271913927514,0.133867539465,0.360583793372
103,0.207761290949,0.268060463481,0.131218338385,0.359522741288
104,0.20870145224,0.267121049576,0.130643047392,0.357610899955
105,0.208242723253,0.266861489508,0.13022999838,0.365156680346
106,0.21052853018,0.266032456886,0.131295109168,0.35921703279
107,0.206981710158,0.265240587294,0.137484980747,0.367526162416
108,0.210284307133,0.266049626749,0.127288404852,0.357750046998
109,0.213120739907,0.262980374508,0.124904857948,0.358854971826
110,0.21414371999,0.261261393782,0.130737522617,0.359584998339
111,0.211918162182,0.263356013224,0.129984404892,0.357105556875
112,0.21297565056,0.260735573247,0.137023868039,0.362374894321
113,0.213354593143,0.262310531456,0.131968325004,0.360502298921
114,0.218429528177,0.258796277456,0.126235660166,0.359735302627
115,0.218779355288,0.257138287183,0.131653275341,0.362373601645
116,0.220881253481,0.257168068085,0.127227263525,0.36042239517
117,0.218511485495,0.256012070458,0.133583551273,0.364978164434
118,0.223156757653,0.254836736713,0.130618387833,0.361642863601
119,0.220718212426,0.254959513433,0.136119754985,0.367391224951
120,0.227190194651,0.253016087692,0.129613049328,0.364347904921
121,0.22554633813,0.252275201492,0.13235174492,0.363922089338
122,0.224383436609,0.253084659576,0.127099622041,0.367011133581
123,0.222462116741,0.25382719608,0.128619674593,0.35882807523
124,0.222730740439,0.252443267498,0.132670260966,0.366434428841
125,0.225600656122,0.251253949944,0.133587980643,0.36118203029
126,0.225591677241,0.252361405641,0.132952354848,0.360857233405
127,0.224711576942,0.250292889774,0.130350427702,0.35935543105
128,0.229221278336,0.248859957326,0.13458589837,0.366075690836
129,0.230254035909,0.24664115021,0.133839191869,0.36055758968
130,0.235009180848,0.245863843709,0.130358286202,0.363566994667
131,0.235874617007,0.244363369886,0.1311266087,0.364557176828
132,0.233797065448,0.244057424832,0.137610735372,0.369544882327
133,0.236933045555,0.244278355967,0.130894975737,0.368842445314
134,0.233478428796,0.245176242664,0.129246991128,0.361275605857
135,0.239195398986,0.241883497685,0.127985797822,0.364358324558
136,0.232670892961,0.245849127416,0.135508148,0.368060212582
137,0.235345697496,0.243985124398,0.129122253507,0.359347313643
138,0.234187442809,0.243261930533,0.130924325436,0.363782156259
139,0.238516355399,0.242459618952,0.126080075279,0.35987284407
140,0.235976107419,0.241846521385,0.129438750446,0.364749159664
141,0.237237342633,0.242022729013,0.126642920077,0.360997714102
142,0.239814449567,0.240567723289,0.128195501864,0.365167204291
143,0.234394988045,0.242155550513,0.135589711368,0.359911292791
144,0.237618814223,0.241480453406,0.130968963727,0.378045119345
145,0.244744147174,0.2386871255,0.130958326161,0.3627894409
146,0.234367392492,0.241652939003,0.132216181606,0.366015251726
147,0.245106523857,0.23743489664,0.135129289702,0.368313901126
148,0.249694197439,0.233594835736,0.128723870963,0.364830892533
149,0.248438182753,0.233860310167,0.133568504825,0.363848306239
150,0.245842277072,0.237317760475,0.128334790468,0.36878439784
151,0.235377606936,0.240730059333,0.131710125133,0.365703932941
152,0.240196210332,0.239832282998,0.127395244315,0.360240072012
153,0.239412012976,0.238865755033,0.134196488187,0.371808987111
154,0.249539792538,0.232931802049,0.1299792137,0.367209795862
155,0.247410307638,0.233659249265,0.138632247224,0.368681643158
156,0.253975362517,0.230844559148,0.131890350953,0.370532963425
157,0.257596158423,0.229528227355,0.130417704582,0.367612291127
158,0.25570766395,0.227959602606,0.135543202981,0.375750213861
159,0.257731001824,0.229463100899,0.133010966703,0.371445450932
160,0.25489069242,0.23007833492,0.135087691247,0.366309162229
161,0.260620961431,0.226368278731,0.130301874131,0.370964020491
162,0.264587441925,0.223905717954,0.135264035314,0.372569222003
163,0.262186876033,0.22954159556,0.121769285761,0.372654542327
164,0.252223229967,0.227864051238,0.13552759029,0.373819738626
165,0.262376839295,0.226291735191,0.132255887613,0.374837305397
166,0.26168281585,0.225805938244,0.133907228708,0.370594542474
167,0.259883149527,0.226066906936,0.135437516496,0.370903171599
168,0.265401124489,0.2251503109,0.127396605909,0.368925143033
169,0.257999338675,0.226080824621,0.135748410597,0.372043721378
170,0.263303654268,0.226857260335,0.128868643194,0.371641647071
171,0.268405136652,0.22265766561,0.124582385644,0.375068999827
172,0.265396464616,0.222701949533,0.130036644638,0.374236546457
173,0.264114134479,0.221852784045,0.14105332084,0.37907846272
174,0.268722286448,0.223987621255,0.12770742178,0.368589591235
175,0.267045439687,0.221166423522,0.134224295616,0.377572864294
176,0.27454988705,0.219549334142,0.124635340646,0.371778335422
177,0.265038490295,0.222369873431,0.131878746673,0.372411437333
178,0.264847174753,0.224623946473,0.131515057757,0.370734531432
179,0.272206247784,0.218769179191,0.131785480306,0.377532191575
180,0.274930234998,0.218388888054,0.1286678873,0.375641047955
181,0.276861516759,0.217471010052,0.129900448024,0.374733325094
182,0.268915188499,0.21908798907,0.138286981732,0.383943218738
183,0.277500312775,0.218197955284,0.13024254702,0.374443590641
184,0.273161133751,0.218303170521,0.131344586611,0.375187788159
185,0.279398232698,0.215734635014,0.127988431603,0.381006177515
186,0.270837064367,0.219707417302,0.127446677536,0.370570018888
187,0.272686132696,0.215982740279,0.145076405257,0.388030994684
188,0.281697382219,0.215643805452,0.132397335023,0.373828426003
189,0.278665527701,0.215701571666,0.127388827503,0.374800950289
190,0.279134145007,0.21327430848,0.136187061667,0.384729728103
191,0.281293406151,0.215573566034,0.131400395185,0.377697974443
192,0.275424336083,0.215130676981,0.141654683277,0.382386486977
193,0.27903550677,0.218310212251,0.127023842186,0.373110882938
194,0.277963164262,0.216203750111,0.129332037643,0.382974289358
195,0.276766907424,0.215284891427,0.13350299187,0.384466581047
196,0.28213323094,0.21531775035,0.134581873193,0.383218917996
197,0.278207071126,0.213643149473,0.13241770491,0.379626806825
198,0.283884070814,0.213196469005,0.13291233778,0.383159469813
199,0.287067045458,0.212016740814,0.123498450965,0.385644543916
200,0.274688228965,0.216476261616,0.132286250591,0.383702132851
201,0.28353591729,0.21159662772,0.13711983338,0.383731525391
202,0.290234854445,0.211109259631,0.129418361932,0.383893948048
203,0.287824272178,0.209750749171,0.13583265245,0.388042584062
204,0.286127302796,0.211741372943,0.132484136149,0.385487958789
205,0.286634353921,0.212205860298,0.128509754315,0.382063861936
206,0.286963925697,0.210346328095,0.136032277718,0.385220363736
207,0.289445884526,0.209182339255,0.138093309477,0.390717990696
208,0.291165842675,0.210203192197,0.127208707854,0.388791944832
209,0.288714047521,0.208897124976,0.133974416181,0.38480714336
210,0.2932024654,0.207259501796,0.133646715432,0.386158719659
211,0.294285058044,0.206666711252,0.140593634918,0.386520970613
212,0.292591717094,0.209488188848,0.134933071211,0.380300477147
213,0.293966183439,0.206265170127,0.135106833652,0.390554986894
214,0.29561193008,0.206450916361,0.134565543383,0.393205586821
215,0.292752808891,0.207760696765,0.132230889052,0.382106006145
216,0.297799990512,0.205909073818,0.126319000497,0.392772808671
217,0.291425849311,0.208598448429,0.126139532775,0.394032191485
