epoch,jaccard,loss,val_jaccard,val_loss
0,0.0233240396214,0.779267964455,0.0204434732168,0.743061754853
1,0.0236262017145,0.7264219362,0.0185076379796,0.6995637808
2,0.0230064708381,0.701985980456,0.0185275704614,0.69298645854
3,0.0230889374104,0.691247417377,0.0182218694455,0.678943216801
4,0.0229363990231,0.678038186752,0.018779647186,0.673518516123
5,0.0229846001961,0.673181886856,0.0185265162316,0.66760023497
6,0.0234993027093,0.666452568311,0.0192931316443,0.659549919888
7,0.0237116905001,0.659270497469,0.0185993235436,0.654308179393
8,0.0235503919852,0.653829345336,0.0188837624218,0.649774819613
9,0.0240553090206,0.648594934207,0.0190989949867,0.645113782957
10,0.0241201459072,0.644550346411,0.0191945282872,0.640860360116
11,0.0242984895236,0.639805649336,0.0193479321118,0.636716039851
12,0.024757680913,0.63577289077,0.0195520376384,0.632290760055
13,0.0247760337706,0.631303337904,0.0195306442736,0.628288902342
14,0.0246309172004,0.627164269869,0.0199183130927,0.624125307426
15,0.0251841212336,0.623635413555,0.0192870326516,0.620231565088
16,0.0252324546902,0.620797501161,0.019875540064,0.616418097168
17,0.0241738649157,0.618049699527,0.0190144310474,0.61445097439
18,0.0238892612262,0.614019597952,0.0193893623958,0.609720032662
19,0.0248147267132,0.60911071759,0.0194989036138,0.605542240664
20,0.0242057742479,0.604888549218,0.0201677390363,0.601394176483
21,0.025390042995,0.600418776274,0.0201323514094,0.597319316119
22,0.0253454539925,0.596521971317,0.0205253784172,0.59330448322
23,0.0255020115381,0.592839876047,0.0201074463354,0.589661095291
24,0.0255701123522,0.589076292056,0.0208824917901,0.586280127987
25,0.0260124392807,0.585021021274,0.0207739734698,0.582422034815
26,0.0260017467663,0.581321691091,0.0207773223559,0.57884872146
27,0.0261587031687,0.577713221312,0.0215918185756,0.574922658503
28,0.0269365835792,0.573849100333,0.0205679899871,0.571161163971
29,0.0259915859653,0.570666038073,0.0211161680054,0.567368553951
30,0.0271922771174,0.566594777199,0.0209913402822,0.563828129321
31,0.0270299353422,0.562917014727,0.0215842968365,0.560600174591
32,0.0265480866298,0.55980688792,0.0216297908426,0.557036601007
33,0.0273892452511,0.556601428069,0.020998005349,0.553652599454
34,0.026958241414,0.552548213647,0.0225223960198,0.549878042191
35,0.0277740536258,0.549223028697,0.0213498345877,0.546696834266
36,0.0276634869381,0.545580923557,0.0225821237578,0.544005906209
37,0.0269692389724,0.542890431789,0.0231083398559,0.540041778237
38,0.0285568162799,0.53913122874,0.0204747473176,0.536951392889
39,0.0270242305616,0.535828847152,0.0233821771739,0.534159785137
40,0.02873560557,0.532262277145,0.0214160863519,0.530063040555
41,0.0275590577378,0.529374175347,0.0226557121972,0.526233768091
42,0.0283287539362,0.525802910328,0.0228284652534,0.52297151275
43,0.0281520182124,0.522653921292,0.0225848235963,0.519945556298
44,0.0288282986014,0.519309678903,0.0220363930747,0.516818091273
45,0.0288062800582,0.516243969019,0.0227723423548,0.513206219301
46,0.0277286664081,0.513295153013,0.0242091627157,0.51057548821
47,0.027779000274,0.510797200295,0.0222437218908,0.507164487615
48,0.0297592212804,0.50690474877,0.0226185995464,0.503827018663
49,0.028528927109,0.503613659969,0.02392761788,0.501127403229
50,0.0297947572544,0.500253142073,0.022315274329,0.498167907819
51,0.0293405867325,0.497515187814,0.023805844007,0.494980024174
52,0.0294850960804,0.494271177512,0.0239926918185,0.492276291363
53,0.0296003376134,0.49157983867,0.0225285498603,0.489008230157
54,0.0297277290016,0.488958114615,0.0224353462846,0.485874788836
55,0.0281817612167,0.486165824991,0.0250513697016,0.483613232151
56,0.0310043439699,0.48261438654,0.0223652649125,0.480287290178
57,0.0293769872962,0.479705918294,0.0246169954229,0.478094302118
58,0.0297022950836,0.477113767312,0.0237173194636,0.474130647257
59,0.0312510286816,0.473988425273,0.0233070075794,0.471656209789
60,0.0290164526982,0.471515960418,0.0247758081578,0.468814067543
61,0.0303454538091,0.468236452112,0.0242238214041,0.466248874553
62,0.0312645753416,0.465791294208,0.0228882678527,0.463324263692
63,0.0299069040383,0.462958576588,0.0243155387192,0.460243523121
64,0.0308723129475,0.459909053949,0.0249176485778,0.457629566081
65,0.0311881972907,0.457116807883,0.0239106940425,0.455602711067
66,0.0309975557029,0.454796230564,0.0245833983101,0.452109375969
67,0.0303857860943,0.452315515051,0.0248473640668,0.449583168142
68,0.0309444080608,0.449580198297,0.0252218588109,0.447766374797
69,0.0320166927547,0.446304816466,0.0241595552812,0.444251897745
70,0.0298207652254,0.450194180012,0.0208578166352,0.445821771398
71,0.025832265114,0.446914363366,0.0215651602182,0.442811535671
72,0.0265083426896,0.443679817594,0.0216109296683,0.439439050853
73,0.0271377824247,0.440809382842,0.0216856166448,0.436221255921
74,0.0267239767485,0.438448816538,0.0218297647846,0.434008192271
75,0.0282511979055,0.434991897299,0.0227460699726,0.430957514793
76,0.0284643633864,0.432248026133,0.0230856599851,0.428234963678
77,0.0283747103352,0.429553530537,0.0229512948395,0.425461778417
78,0.0294857887694,0.426452392569,0.0232742483169,0.42274002824
79,0.0287326143052,0.424163054961,0.0245648479324,0.421119805425
80,0.030160672103,0.421510819059,0.0230630308592,0.417894540355
81,0.0293729770212,0.419151363465,0.0245426769761,0.415274336934
82,0.0294679987531,0.416749249284,0.0246523488474,0.4126844313
83,0.0314439944923,0.41351111921,0.0243962281742,0.410322014242
84,0.0300127658277,0.411351271547,0.0255798918984,0.408668353222
85,0.0312341940231,0.409042040889,0.0238970234851,0.405835265294
86,0.0296753414262,0.407176980605,0.0252919307569,0.403794405982
87,0.0314996389386,0.404756239974,0.0226462919787,0.401387778111
88,0.0287733456621,0.402536587073,0.0257651512519,0.399082617834
89,0.0322506050221,0.399919193525,0.0250468470832,0.396463140845
90,0.0301038117076,0.39772053636,0.0254756099148,0.394381628372
91,0.0322505992192,0.395110757305,0.0249831191861,0.391942048445
92,0.0314779034458,0.393119497941,0.0253760173925,0.389715245925
93,0.0311705162749,0.390710411163,0.025624093124,0.387304387987
94,0.0326864965833,0.388400551218,0.0249256935754,0.38508543279
95,0.0314933066615,0.386134116695,0.0262426068964,0.382958255708
96,0.0331336098651,0.383895620704,0.0256927815421,0.380826681852
97,0.0321739112528,0.38170173535,0.0259255771291,0.378892820328
98,0.0328749282859,0.37971753799,0.0254389844056,0.376843038946
99,0.0320730028101,0.377726922815,0.0260765011419,0.375386198051
100,0.0326796333807,0.375562568124,0.0256265299543,0.372462217696
101,0.0310488544548,0.374091923237,0.0268855168144,0.372305573896
102,0.0326434228426,0.371832971389,0.0257101746924,0.368189313449
103,0.0328519484745,0.368967658052,0.0261666081287,0.366219671443
104,0.0327853143502,0.367409996115,0.0258938981142,0.363950532861
105,0.0337848897594,0.365020314088,0.0260638936838,0.362146784551
106,0.0329241290545,0.363390257725,0.0267374223611,0.360394906253
107,0.0331226690816,0.361676730789,0.0251512101072,0.362384868786
108,0.0330601966438,0.359239860223,0.0274837940826,0.356514603831
109,0.0345490879308,0.357194909683,0.0254392056238,0.35430736281
110,0.0320498689006,0.355791520614,0.0276823766917,0.352682746015
111,0.034495207696,0.353360874149,0.0256556987472,0.350490446202
112,0.0342149903568,0.35135236841,0.0274570495878,0.348693658598
113,0.0339268521907,0.349563823296,0.0272530483455,0.346568107605
114,0.034655872804,0.347452485791,0.0266315900083,0.344861395657
115,0.0346120134211,0.345744461967,0.0266742932652,0.342819730751
116,0.0337158167162,0.343775071777,0.0276882837518,0.341483957134
117,0.0355369095476,0.341679160412,0.0270416958892,0.339058965445
118,0.0352171766213,0.33965021028,0.028226627056,0.338053210638
119,0.0356246288149,0.338081410298,0.0268925617754,0.335552862845
120,0.0350458688604,0.336325503313,0.0299945798529,0.335221856833
121,0.0357840316227,0.33464367,0.0275920593999,0.332792343572
122,0.0343413188194,0.332873360469,0.0283734828577,0.331182960421
123,0.0360289167326,0.330791526116,0.028217682896,0.328424375504
124,0.0346259504127,0.329331027774,0.0284711186105,0.326984247193
125,0.0345543691029,0.327110981712,0.0304080773162,0.325830149464
126,0.0358054773309,0.326125491124,0.0277363124071,0.323758582585
127,0.0368145616152,0.323942884803,0.0273315746001,0.32192431204
128,0.0341301821172,0.32219688709,0.0289812037156,0.320090815425
129,0.0348087163785,0.321004825143,0.0294042423977,0.318481761962
130,0.0348020710338,0.318115016589,0.0300831538693,0.31666216813
131,0.0361034622273,0.315873288191,0.0306086901621,0.316303794272
132,0.0356938730066,0.314674668587,0.0314382983379,0.313780002296
133,0.0345567112001,0.314666464925,0.0309087787257,0.312228183262
134,0.0335972503257,0.31512135038,0.0312724016587,0.312266373076
135,0.0355972192752,0.312144407859,0.0244984339779,0.309763459489
136,0.0327090407507,0.310339637674,0.0299299007643,0.307223666459
137,0.0330848394392,0.307707253557,0.0290272583634,0.304980517365
138,0.0364756093432,0.305472003726,0.0281940603054,0.303981370293
139,0.0346356872469,0.303284543065,0.0301893861099,0.301982830279
140,0.0378516916042,0.301334668811,0.0296074137566,0.301338867284
141,0.0354185307828,0.300253803913,0.0294287154768,0.298497903161
142,0.0369094029212,0.297950903957,0.0300321318782,0.297668864019
143,0.0374414705886,0.296377953428,0.0312443938615,0.296286529861
144,0.037559225224,0.294527921539,0.0305486196432,0.294988751411
145,0.0374362963037,0.293170853303,0.0318814464104,0.293506816961
146,0.0379686185087,0.291890632648,0.0293641661831,0.291238585487
147,0.0381185034863,0.290398295109,0.0312383717305,0.28992383182
148,0.0377547672162,0.289910981288,0.0285864835798,0.287831999362
149,0.0343902953542,0.290095511537,0.0287566154229,0.289355162531
150,0.0348633661007,0.287994537216,0.0299793993324,0.286328117363
151,0.03739046986,0.285430848598,0.0309985343579,0.284428538755
152,0.0372544630932,0.283984949956,0.0295650728035,0.282975591719
153,0.0384046993433,0.282092395883,0.0308536567818,0.281088133343
154,0.037539600323,0.280550154356,0.031413461388,0.280047797598
155,0.0388582608161,0.278672879705,0.0306406654145,0.278375525028
156,0.0387133102721,0.277453490175,0.0343212156204,0.278811226599
157,0.038626921793,0.276410399721,0.0318419786886,0.275526047684
158,0.0398409256282,0.27460202804,0.0309900461666,0.274120029062
159,0.0383229169708,0.273572963018,0.0332533535875,0.275039728731
160,0.0394360566368,0.271778509021,0.0321776113581,0.271855072118
161,0.0394879532978,0.270404892472,0.0326578909019,0.270191033371
162,0.0406215410106,0.268672679479,0.032907154218,0.269577090628
163,0.0406908418697,0.267467433443,0.0320637777741,0.267716963775
164,0.0394854228944,0.266243164356,0.0344847852609,0.267281346954
165,0.0403670693676,0.264987365558,0.0328242268997,0.265924045816
166,0.0403067626489,0.263529103536,0.0322203609085,0.264883644879
167,0.04052602206,0.262144001631,0.0351153489653,0.263280839659
168,0.0412314544933,0.260916620493,0.0328287189573,0.261197256856
169,0.0411771972879,0.259488865733,0.0338199663347,0.261243209243
170,0.0408986612725,0.259165465832,0.0316982688335,0.259310415946
171,0.0421753461258,0.256987501795,0.0325143783921,0.258720369078
172,0.0415438860655,0.256114278848,0.0327892395321,0.25641251076
173,0.0412964210487,0.254714330802,0.0339049582653,0.255702182651
174,0.0416904848356,0.253617297571,0.0324308077011,0.253979496658
175,0.0414833850585,0.252037013379,0.0346391419785,0.255026010796
176,0.0427321965735,0.251196641762,0.0354499681109,0.25251349248
177,0.0421530028375,0.249817710656,0.0345934391114,0.250966682099
178,0.0422705719964,0.248906116073,0.0337358741003,0.249247882515
179,0.0419432539135,0.247332292107,0.0358359242039,0.248787633609
180,0.0438190638446,0.246006080737,0.0325436858968,0.247781889047
181,0.0421009476368,0.245110707214,0.0346452510735,0.246067583095
182,0.0431644733136,0.243748413829,0.0367442762865,0.245698298328
183,0.0429516822959,0.242899354834,0.0348958655184,0.243544186
184,0.044259858246,0.241239955219,0.033949680939,0.243634565733
185,0.0436656627661,0.240058359045,0.035460257614,0.241817448288
186,0.0435555216212,0.23895184008,0.0369534036945,0.240571910515
187,0.0444622340684,0.237949585112,0.036261361618,0.239472623449
188,0.0436248535004,0.236890269014,0.0369269509386,0.239233719651
189,0.0453534278159,0.235457707483,0.036765533928,0.238016953226
190,0.0452282099913,0.234368526592,0.0365634191476,0.237146411557
191,0.0442343342046,0.233400831429,0.0348044008906,0.235071029048
192,0.043374581764,0.232603230729,0.0379399949625,0.234577977099
193,0.044900763565,0.232252840239,0.0361239410918,0.233120380901
194,0.043181566235,0.230584738346,0.037474576008,0.232222833671
195,0.0448365464377,0.229469411648,0.0387610739172,0.23315509595
196,0.0462174662031,0.227792187952,0.0358939431146,0.230903306045
197,0.0455500321606,0.226802045336,0.0367008084825,0.229087316431
198,0.0453826647538,0.226124216731,0.0391146534021,0.230196004268
199,0.0477909604804,0.224873304367,0.0371498651211,0.227324140258
200,0.0446172667524,0.224064478507,0.0372052530372,0.226566516794
201,0.0475641427418,0.222949107679,0.0359559693643,0.225323983468
202,0.046084837988,0.221877951462,0.0404554071943,0.225039003883
203,0.04739834096,0.22074598819,0.0368958058293,0.223473736551
204,0.0473455359729,0.219977220091,0.0360736220393,0.221915537491
205,0.0464489964338,0.218571788416,0.0382602439117,0.222507003695
206,0.0484775733203,0.217594856253,0.0374202984717,0.220398106147
207,0.0471753720194,0.216696356925,0.0400320432223,0.220949080773
208,0.0472314443726,0.215893975244,0.0393420741352,0.218241679482
209,0.0473774522543,0.214749708199,0.0417585849398,0.219718174078
210,0.0481854549681,0.213835830299,0.0427898634687,0.218599345535
211,0.0481466600815,0.213289421338,0.0367256680559,0.21614475036
212,0.0474828993902,0.211824441758,0.0413708468079,0.215868170839
213,0.0506500690602,0.21085779025,0.0379039278182,0.213874679524
214,0.0460512181744,0.210727828626,0.0428316395137,0.214731639717
215,0.0507676793406,0.209005042911,0.0412311558621,0.21528608771
216,0.0493726949566,0.208132673915,0.0399964739709,0.21196175646
217,0.0493168689024,0.207329619389,0.037515370723,0.210505533963
218,0.0487214467273,0.206163153052,0.0388598094967,0.209459371399
219,0.0510889791812,0.205039445024,0.0406945414625,0.209035039879
220,0.0476113957568,0.204628703113,0.0427385043063,0.209972523618
221,0.0515695516593,0.203781466071,0.0371151450138,0.206879068632
222,0.0473697623238,0.203508330652,0.0392001351038,0.207007387653
223,0.0518212983241,0.201864639154,0.0367065557939,0.206080815755
224,0.0483862893799,0.201405235208,0.0464804146598,0.210150928237
225,0.0521981350791,0.20066003788,0.0389568687574,0.202937545255
226,0.0491572294671,0.19943703883,0.0414606258248,0.20311916247
227,0.0525162887688,0.198479127999,0.0417134325824,0.205191011541
228,0.0503187474007,0.197605968095,0.0419978567863,0.202500181738
229,0.0518793065387,0.196707805189,0.0402853849723,0.199816665612
230,0.0517453923821,0.195964123767,0.0404966689073,0.200877835508
231,0.051621941563,0.195295436451,0.0411462545374,0.199303447269
232,0.0520655680448,0.194421542952,0.0406083266412,0.198345547542
233,0.052157944928,0.193240936559,0.0429849087839,0.199836613145
234,0.050558382502,0.192746777947,0.0459868965484,0.201803350821
235,0.0536757971232,0.191575990847,0.0395484492471,0.195598099381
236,0.0527760899411,0.191176544588,0.0413996297759,0.195176450536
237,0.0524918020058,0.189455376795,0.043060691344,0.195217310451
238,0.0545943597188,0.188939546163,0.0424934281853,0.193364483304
239,0.051697558007,0.188259828549,0.0442855363092,0.193997871596
240,0.0556313008643,0.186817936026,0.0452481180375,0.192706385162
241,0.0543722292552,0.186339060848,0.0431788917761,0.191224258859
242,0.0535003899668,0.186177061154,0.0432506376014,0.190154982265
243,0.0548883034633,0.185135589769,0.0415622220612,0.189384629484
244,0.0556806900467,0.184264807174,0.0406189259795,0.189630713779
245,0.053423336922,0.183669008888,0.0447484466963,0.188638532069
246,0.0555745793077,0.183203453628,0.0439480237042,0.188105032779
247,0.0551869466614,0.181621999695,0.0452908108086,0.187786557712
248,0.0561445790988,0.180859495241,0.0437662387981,0.185594489332
249,0.0557696837932,0.180367759787,0.0414960345715,0.186381693929
250,0.0568004292078,0.179759770059,0.0394276904908,0.185728282668
251,0.055252040808,0.178908560712,0.0455262691646,0.186360754538
252,0.0567175831932,0.178719929778,0.042910629305,0.182965592016
253,0.0562378188165,0.17785724711,0.0457214546695,0.183746908326
254,0.0558123264748,0.176778272367,0.0471545603241,0.184390430804
255,0.0572950314157,0.175846871848,0.0454871861775,0.183061326854
256,0.0573177028161,0.175264871464,0.04555782432,0.183703965973
257,0.0583277390553,0.174523994327,0.0447475047533,0.183458715212
258,0.0579452127791,0.173573638957,0.0463598753886,0.181765594054
259,0.0597225209841,0.172808755476,0.0459424381165,0.180919327307
260,0.0573998410255,0.172120888073,0.0483181986208,0.183258991223
261,0.0599284124776,0.171607617002,0.0439770469384,0.177980095614
262,0.0581265080434,0.170629571837,0.0487302614647,0.180651952978
263,0.0592231496882,0.169975702006,0.0503976323082,0.180503248703
264,0.0605497754251,0.169201827393,0.0502158618438,0.178547120653
265,0.0599155047765,0.168895378136,0.0486140472235,0.177922244184
266,0.0596224384812,0.167954021922,0.0481226870229,0.175154274795
267,0.0582799458733,0.167991791207,0.0487022745851,0.175732068717
268,0.059249476458,0.166881032861,0.0523378550101,0.176238924265
269,0.0627405362634,0.165945586104,0.0490961414166,0.173548292369
270,0.0609073912582,0.165342536683,0.0483935600973,0.17523510661
271,0.0631990326712,0.164515204728,0.044917112974,0.170946375933
272,0.0611613411456,0.16482823514,0.0409428345874,0.170974892564
273,0.0579452295429,0.164477382142,0.0512082885371,0.175736124627
274,0.0603643753208,0.164249976094,0.0478604892387,0.171891296282
275,0.0576824720662,0.16372403789,0.0496422162005,0.172220035922
276,0.0603312256818,0.162890776419,0.0447449492685,0.168451443315
277,0.0616344356766,0.161848662564,0.0481135222449,0.174379927572
278,0.0605261891794,0.160688628371,0.0473521250947,0.168487060349
279,0.0626742852708,0.160095899151,0.0474238554325,0.167297375854
280,0.0596835537312,0.159883652742,0.0499410728967,0.168997172266
281,0.0647440902316,0.158922487153,0.0455650639647,0.167439291254
282,0.0639279487614,0.157788880743,0.0473305587993,0.176875672303
283,0.0633476640169,0.157261092502,0.0515297227439,0.16697655106
284,0.0654218643904,0.156565972246,0.0497660548831,0.163736023474
285,0.0646719446836,0.155645049535,0.0546761838141,0.16461717803
286,0.0630554187183,0.155451375705,0.0534632118183,0.165216881782
287,0.0657027080082,0.154851027406,0.0481883776501,0.164239547215
288,0.0654121733342,0.154072291576,0.0506383133302,0.163875448518
289,0.067569995299,0.153867304898,0.0442701127431,0.162485753186
290,0.061837426745,0.154593404096,0.0561155809155,0.172994371969
291,0.0646527575759,0.153219228181,0.0504470053447,0.160407979507
292,0.0661009925489,0.152305160577,0.04996039964,0.161126398016
293,0.066776973267,0.15163558435,0.0484151220512,0.160419807769
294,0.0660833005722,0.150774846856,0.0506847699448,0.160923048388
295,0.0645523128601,0.150587889437,0.0538238551967,0.159179798793
296,0.0663109195347,0.149956587989,0.0526596024929,0.161874408368
297,0.0669173599722,0.14896618059,0.0522027492038,0.159994154237
298,0.0683717266298,0.1484565007,0.0513170715217,0.156734825112
299,0.0697674216846,0.147400677204,0.0519388528269,0.155463778879
300,0.068752928422,0.14687005717,0.0536831371232,0.159754095133
301,0.0705157293437,0.146544571106,0.0481868881648,0.155821166001
302,0.0668076887154,0.14613762154,0.0574423791286,0.157410829794
303,0.0690699513428,0.146078200868,0.0514620503509,0.158875135705
304,0.0697535909712,0.145401305304,0.0527786273628,0.153876977973
305,0.0714332020053,0.14444039934,0.0522038560457,0.154488452245
306,0.0696212463081,0.143757196573,0.0520038143409,0.152717120014
307,0.0700796629087,0.143517010487,0.0518913334768,0.155243638903
308,0.0675413427301,0.143294297732,0.0583735247965,0.160809463821
309,0.0669664289229,0.143803844658,0.0558626473066,0.157311649062
310,0.0706498299081,0.143000045648,0.04756467577,0.154043258168
311,0.0695346046526,0.141642244389,0.0565540474886,0.150751474779
312,0.0729661194178,0.140705004334,0.0554242427052,0.148839508183
313,0.0712486868008,0.140477513465,0.0573871462784,0.153358343989
314,0.0692707346036,0.140632753762,0.0513350612423,0.151123232208
315,0.0752765158048,0.139011494815,0.0522872421684,0.148290339857
316,0.0689322207696,0.13957991623,0.0568970600584,0.157519121654
317,0.0717990947171,0.138406560398,0.0580952629193,0.148813347798
318,0.0728574577146,0.138154301506,0.0548884025775,0.147264125291
319,0.0749416179382,0.136684915767,0.054498256829,0.148740294389
320,0.0754275575567,0.136362748077,0.0545814515558,0.150715578347
321,0.0717444611857,0.13605692123,0.0605153397623,0.152052867226
322,0.0764480359279,0.135301046073,0.0565285819903,0.145176825579
323,0.0763012473113,0.134860273164,0.0574966159388,0.144860946573
324,0.0760826565898,0.134438429887,0.0544355362381,0.144195271656
325,0.0764157087184,0.134013280272,0.060928735687,0.148916834965
326,0.0748376081196,0.133701747427,0.0606090466526,0.147781781852
327,0.0751505130186,0.133192195056,0.0593422559418,0.151697508525
328,0.0780326234033,0.13252624984,0.0581455975234,0.141414199024
329,0.0765865078339,0.132253274035,0.0506705849971,0.141246429645
330,0.075882426678,0.131848860532,0.0608545575083,0.145458013751
331,0.0787584856153,0.130968865294,0.0552028209481,0.147324155085
332,0.0776697802716,0.130818220572,0.0579477635392,0.141945204232
333,0.0783923216737,0.13081162165,0.0509644830536,0.147969331127
334,0.0764953869467,0.130405310541,0.0574350602701,0.141379148699
335,0.0782954804599,0.129483569413,0.0596633447203,0.146921200678
336,0.0776782982911,0.129401255972,0.0590908845734,0.141490671784
337,0.077769835981,0.128523853822,0.0615648004232,0.14369423734
338,0.078933070772,0.12811091399,0.0592713948486,0.139890860766
339,0.0809112085173,0.12736145407,0.0592158128898,0.143929086626
340,0.0801454814008,0.127395973183,0.062310746503,0.141428680159
341,0.0796428604338,0.126755323261,0.054992673186,0.138335053809
342,0.0804194412552,0.126510929316,0.0628088874923,0.141423368827
343,0.0802340026085,0.126249629144,0.0583320930841,0.14000391122
344,0.0805228743702,0.125636554968,0.0615521213654,0.137299872003
345,0.0821233805842,0.125607821517,0.0531497112906,0.136885607615
346,0.0827026248265,0.124671598467,0.0560002407969,0.137976102065
347,0.0798217887775,0.124894076242,0.0640780133176,0.147597974166
348,0.0792051747155,0.123999449783,0.0670722810578,0.144981370308
349,0.0833897324136,0.123708374225,0.0613157268663,0.137013150845
350,0.0846350473853,0.122969952913,0.0565672585449,0.136470896658
351,0.0836014968271,0.12272613381,0.0558373498779,0.132691415027
352,0.0808028498521,0.122427087564,0.0620217274668,0.140691983514
353,0.0853619286074,0.121552733848,0.0611271290618,0.137183856685
354,0.0824445981819,0.121382950017,0.0637588141276,0.132502829656
355,0.0841459365418,0.120723742419,0.0622661707725,0.134048291482
356,0.087118567469,0.120185877555,0.0593073680943,0.135101084597
357,0.0841042233201,0.120114713907,0.0628087099358,0.132420699578
358,0.0868885838068,0.119359721931,0.0573102410863,0.13067289209
359,0.0832019822242,0.119443934697,0.0683192012698,0.135105569847
360,0.0848312440973,0.119478680767,0.0634079901324,0.137034938671
361,0.086715645515,0.11889818626,0.0632803872254,0.139564614743
362,0.0883049664016,0.117955588377,0.0606102413594,0.131703642663
363,0.0852136799636,0.117499697953,0.0650749532206,0.131346947979
364,0.0887610011089,0.117542818762,0.0611984290231,0.12850799947
365,0.0882883146405,0.117013581384,0.0636050211101,0.128427958349
366,0.0893382458733,0.116111576271,0.0627066523784,0.133991416078
367,0.0894786901772,0.116309472575,0.0622790527323,0.135889249155
368,0.0831636458349,0.116401663766,0.0715606190661,0.129375009332
369,0.0894401159424,0.115740966052,0.0595987943707,0.129257814493
370,0.0909355010551,0.114675454509,0.0651820307057,0.128539157799
371,0.0915680172352,0.114243332583,0.0652875382093,0.132474961225
372,0.0909743503882,0.113845621451,0.0636358088723,0.128641069401
373,0.093089800328,0.113366275453,0.0612029714421,0.13161557354
374,0.0896981355663,0.113394831522,0.0648057684989,0.128617739771
375,0.0932320631467,0.112723901868,0.062629654486,0.125889093615
376,0.0917893040639,0.112385534037,0.0671070098447,0.1272171007
377,0.0928094478754,0.112154862055,0.0676071714147,0.127875887556
378,0.0942459206742,0.111729140179,0.062026472267,0.130309978733
379,0.0909826861551,0.111618860696,0.0657171508155,0.126225220039
380,0.0902934532899,0.112035162747,0.0674463956721,0.125040119514
381,0.0943325090294,0.111445976851,0.0666787184227,0.125758944312
382,0.0936428322815,0.110703227612,0.0605323586419,0.127033762168
383,0.0931508566898,0.110230248421,0.0694365584641,0.124399410561
384,0.0928443472546,0.109728087313,0.0679968761633,0.127555523301
385,0.0976696980114,0.109442156381,0.0616128068655,0.122635039734
386,0.0943341928606,0.108979634081,0.0679010970152,0.121846513124
387,0.0952296706919,0.108422007985,0.0664768448901,0.124103301438
388,0.0976482924934,0.10823649168,0.0657813917896,0.125738160685
389,0.0983453301283,0.107799598231,0.0698470300649,0.127548808465
390,0.0959781818092,0.10746372835,0.0693700339421,0.122209386202
391,0.0992711481567,0.107047551526,0.0645081333046,0.122893609572
392,0.0966147344846,0.106670745577,0.0679969005305,0.12261815113
393,0.0965083638349,0.107040749433,0.0638139276853,0.123193321982
394,0.097031441159,0.106714851008,0.0647613785122,0.1217827769
395,0.0984410735277,0.106005537109,0.0702424169285,0.126979171298
396,0.097051366304,0.105504910533,0.0683537785999,0.122587776976
397,0.0993875245062,0.105376564253,0.0679367020894,0.122179864673
398,0.0998201946226,0.104801584035,0.0658445389481,0.122561749769
399,0.100125314525,0.104423640439,0.0671560322589,0.12371726241
400,0.100077744,0.104147038781,0.0713482720003,0.118586868513
401,0.101421065629,0.103888572409,0.0683847988635,0.11924130749
402,0.10098825653,0.103475567813,0.0761133967048,0.120348036988
403,0.103870406747,0.102979970953,0.0665708808756,0.117710084887
404,0.102628440954,0.103188996418,0.0649022860784,0.117122458294
405,0.0988363030438,0.103700838983,0.0705979067875,0.118588696234
406,0.0990438206265,0.102656809183,0.0739219554816,0.117710059043
407,0.10112836126,0.102676693064,0.0687247677311,0.116928000934
408,0.105199228972,0.101697295904,0.0673697929251,0.116783999838
409,0.102045427148,0.101800653224,0.0693388350492,0.116773443529
410,0.103431276834,0.101302975359,0.0745037969828,0.119428122882
411,0.0972177930749,0.101706673606,0.0778679809255,0.119244755479
412,0.104155854537,0.101303471109,0.0697419963985,0.117907894542
413,0.102429107118,0.100611409029,0.0747131704043,0.117225549184
414,0.106708934387,0.0999354791756,0.0688496357479,0.113184182439
415,0.106008288092,0.0996988089039,0.07197683801,0.113880223827
416,0.104216184754,0.0991897903956,0.0746784142098,0.119146658108
417,0.108778411666,0.0988949004274,0.0691945327767,0.116578380344
418,0.105751190048,0.0985374783094,0.0755892497732,0.114801234799
419,0.109554624901,0.098072450608,0.0700885400761,0.112530246144
420,0.103228185612,0.0979502458985,0.0796580125498,0.116430667229
421,0.112829154787,0.0974801870493,0.0749186031671,0.111560068093
422,0.107597923909,0.0970153668179,0.0751707341901,0.113204339053
423,0.109618082786,0.0972300985685,0.0628282988787,0.109746725298
424,0.109208023319,0.0970728299939,0.0666171309676,0.112201219192
425,0.108189254426,0.0968525808018,0.0732578133243,0.11218373361
426,0.11012243852,0.0963035480907,0.0756550344681,0.119404889643
427,0.110740512609,0.095829107727,0.0758380871384,0.110503774602
428,0.112822478207,0.0952824357037,0.0738095475413,0.11018786463
429,0.11087548045,0.0954956415181,0.0685790731595,0.110042196466
430,0.11256334902,0.0948554079693,0.072985147357,0.112940529827
431,0.111277150707,0.0949630897779,0.0690719544486,0.112774001434
432,0.114167133776,0.0943033448779,0.0721217754494,0.110401360318
433,0.111521812586,0.0941396306914,0.0787247432422,0.111147945514
434,0.117328759856,0.0931805948225,0.0762667956924,0.109427220188
435,0.114422274037,0.0934364663867,0.0771161988528,0.114954248304
436,0.117027481588,0.0930291846968,0.0753155374045,0.11219823244
437,0.113363754291,0.0930259196231,0.0808901954492,0.112403803505
438,0.116469179782,0.0925350954326,0.0776207271701,0.11087273364
439,0.116124223631,0.0923908476073,0.0766862624696,0.107984248316
440,0.112996057249,0.0929022067441,0.075068882988,0.108622308122
441,0.11500108414,0.0924144074894,0.0744621024005,0.114944857778
442,0.117137201704,0.0916364453733,0.0711364434865,0.108437386109
443,0.118255776568,0.091169124899,0.0820682224676,0.112376485718
444,0.115751617803,0.09158697753,0.0888774289474,0.119518022286
445,0.11939951319,0.0911690675868,0.0839923537465,0.110375692602
446,0.118621365096,0.0912241359743,0.0675299098439,0.105654515326
447,0.119032078638,0.0902947921019,0.0794329152532,0.112334166653
448,0.117538198256,0.0900648820859,0.0820242233563,0.114268044708
449,0.122227564741,0.0894922316074,0.0752550360803,0.106850770302
450,0.120143869175,0.0894670394751,0.0780308433009,0.111731598619
451,0.117242053724,0.0895081526385,0.0798873665144,0.106542799855
452,0.12144335474,0.0886963714774,0.0797319476228,0.10704083764
453,0.120257354413,0.0888998173177,0.0754495140022,0.106051250361
454,0.121489166067,0.0883570665923,0.0788263810573,0.105577199021
455,0.124042078853,0.0880192248867,0.0801145370829,0.113568326226
456,0.124955738393,0.087808826795,0.0777310523131,0.109675605083
457,0.121501412243,0.0875119747451,0.0854898302564,0.113662866876
458,0.121138418237,0.0879285716667,0.0853496169007,0.111439974979
459,0.125187644305,0.0874981751236,0.0811687657056,0.105300136842
460,0.125428310094,0.0868106180659,0.078220253582,0.104780225083
461,0.128011244994,0.0865944758631,0.0747573552458,0.103877517628
462,0.123217677554,0.0868627297191,0.0846878315474,0.113117361674
463,0.126397377023,0.0861716370743,0.0761756027832,0.101031018887
464,0.127057546893,0.0861463925013,0.0703273108775,0.103583967779
465,0.124953487172,0.0861610446412,0.0826007931182,0.107749588322
466,0.122596753331,0.0859307449024,0.0890805908753,0.109027130995
467,0.12720887191,0.0857298663602,0.0849939619566,0.107727807714
468,0.127126218894,0.0851170632702,0.0884188169744,0.105226920685
469,0.130146711205,0.0845456117621,0.0851868435102,0.104359867051
470,0.130115574656,0.0843905196167,0.0860857853258,0.103783730883
471,0.12963449869,0.084433576522,0.0776495252103,0.100690532243
472,0.13282182956,0.0837487968115,0.0777954163605,0.101829596562
473,0.131117165948,0.0839401707053,0.0820722419912,0.102337754099
474,0.124731021432,0.0843969526199,0.08919240255,0.103273076238
475,0.124539358112,0.0839027515971,0.0929353121992,0.106089426205
476,0.132555961322,0.0837829121603,0.090796364032,0.114211823093
477,0.132316311965,0.083003011747,0.080965767143,0.106330804061
478,0.13063059346,0.0827369308816,0.081759718083,0.102438617963
479,0.132915679652,0.0824270810072,0.0810373218028,0.101526090177
480,0.131038222175,0.0824064085117,0.0870994504476,0.101841607597
481,0.134426507526,0.0821253832143,0.0867627464509,0.103098496795
482,0.132523268748,0.0817264458881,0.0889134456647,0.10631018132
483,0.135452367938,0.0817230134629,0.0792798531588,0.105272793677
484,0.13129222479,0.0820215734152,0.0795896647614,0.100450485479
485,0.134572892808,0.0808283454524,0.0909998586676,0.114040469984
486,0.133014967808,0.0809986622861,0.0874492837911,0.109806393506
487,0.140846381394,0.0804085367574,0.0795356597396,0.106196326204
488,0.134084397497,0.0804504769353,0.0917977983718,0.110849036602
489,0.136044159245,0.0806897890109,0.0821609872205,0.105245200219
490,0.136992474015,0.0800541802668,0.0887055750259,0.110454458045
491,0.139785274577,0.0796541823791,0.0856348961461,0.101943040034
492,0.142487784418,0.0793163191814,0.0895467001355,0.101160122547
493,0.140457904969,0.0790601149201,0.0856326293533,0.101009815698
494,0.141604351023,0.0793563333841,0.0860893875165,0.105999853928
495,0.138450668695,0.0795490217323,0.0893977746664,0.105495826574
496,0.140002576778,0.0790422916985,0.0873208090579,0.0999956785236
497,0.143201736303,0.0787641535012,0.0862853730487,0.0984272288624
498,0.140437339361,0.0791507111146,0.0830512015418,0.0985015763436
499,0.137626282298,0.0787159568415,0.0899143474908,0.100401796168
500,0.14336959989,0.0789116027837,0.0855445708985,0.10322543513
501,0.139140816835,0.0790147320009,0.0822090598799,0.102981997421
502,0.14128485322,0.0783641192202,0.0897485469454,0.107593797846
503,0.142497146645,0.0781894423641,0.0875066831136,0.102005631663
504,0.143327753418,0.0779473437713,0.0881682959202,0.102892213268
505,0.143372357465,0.0780926100337,0.0837738337086,0.10044546891
506,0.140204705585,0.0778878325453,0.0905024087369,0.0995138545986
507,0.143054797959,0.0779883554922,0.0865601875594,0.0987382899038
508,0.14045422209,0.0780683626922,0.0870213266489,0.0988727505319
509,0.145923024187,0.0774788309175,0.0904011692901,0.0985854226165
510,0.141586788285,0.0779490591242,0.0845618983649,0.0982648518402
511,0.142167863364,0.0776146893891,0.0884914103285,0.1022517581
512,0.144417758458,0.0772192850709,0.0841354248078,0.100728883175
513,0.144910584276,0.077474968078,0.0847468110478,0.098134015454
514,0.144345352283,0.077121684471,0.0892634612092,0.0975282152649
515,0.1435760145,0.0768726207316,0.0908675557112,0.100238011684
516,0.147627512423,0.0768676368663,0.0824397847118,0.0998147570062
517,0.147725487844,0.0765812583268,0.0905427755106,0.106124744983
518,0.144622954898,0.0765852936758,0.0878262343113,0.110759385396
519,0.148435356812,0.0761566130588,0.090415421731,0.110574591439
520,0.148155018401,0.0761126506214,0.0888458047634,0.11164133111
521,0.144701089137,0.0765173604282,0.0900111055535,0.109839652898
522,0.147862962519,0.0760198255571,0.0899127000816,0.102630824549
523,0.146159062592,0.0761995567725,0.0898194522147,0.103469426511
524,0.151755904349,0.0755202337526,0.0873770759981,0.105521687772
525,0.148858419405,0.0758389283258,0.0886636462692,0.105430396972
526,0.146797996587,0.0757893151962,0.0883299828224,0.103665596573
527,0.148314044166,0.0757368989289,0.0882855352938,0.103068985976
528,0.151261777832,0.0755372250882,0.0882636632923,0.101640453096
529,0.146924268454,0.0756482917529,0.0892112940928,0.101323092356
530,0.149646216287,0.0752842454956,0.0901393705885,0.102444789838
531,0.150615445123,0.0751884508018,0.0879337370707,0.104056447279
532,0.15036858303,0.0751545811788,0.0905050381293,0.105485416483
533,0.153253388519,0.0750836569529,0.088620305366,0.102799704066
534,0.149825924004,0.0750395879149,0.0897102842246,0.103296503425
535,0.149921415804,0.0750165492869,0.0873915486836,0.100722763687
536,0.154559291899,0.0747430023666,0.0882125107187,0.103387073614
537,0.151533963589,0.0749380906614,0.0880202508652,0.103629532503
538,0.153054608175,0.0746860375198,0.0897113591436,0.103302299278
539,0.148539173775,0.0749740531811,0.0896466695358,0.102418801049
540,0.15065130706,0.07484677348,0.0899594347557,0.101264900062
541,0.15396800408,0.0745632806076,0.0886379250505,0.102295063203
542,0.15244529425,0.0744342033107,0.0885662600313,0.101495013107
543,0.151934902828,0.0746267489516,0.0883323336984,0.102060776902
544,0.150745076629,0.074604822466,0.0883144322647,0.102786271833
545,0.153930312452,0.0742735607693,0.0905553472076,0.10260726721
546,0.152245784608,0.0744761666999,0.090464139601,0.0997235369869
547,0.152207656835,0.0745572585326,0.0897971699214,0.0998664570507
548,0.149885702592,0.0746032091287,0.0898010386436,0.100764972158
