epoch,jaccard,loss
0,0.0454273864627,0.785022687912
1,0.0461411237717,0.758037400246
2,0.0460128247738,0.738277769089
3,0.0456450037658,0.710466659069
4,0.0460303813219,0.701272940636
5,0.0454824533314,0.693757855892
6,0.0455287314951,0.684452652931
7,0.0455504603684,0.67822701931
8,0.0453527696431,0.673869359493
9,0.0451310474426,0.672211790085
10,0.0454502593726,0.669855868816
11,0.0451761886477,0.667680442333
12,0.0453992940485,0.664901065826
13,0.0458024993539,0.661088645458
14,0.045746447891,0.658894681931
15,0.0452994372696,0.656297755241
16,0.0453536257148,0.657149410248
17,0.0462551616132,0.651737570763
18,0.0458682535216,0.651347529888
19,0.0457011178136,0.648322117329
20,0.045811598748,0.645420753956
21,0.0456853527576,0.642193639278
22,0.0461331255734,0.640705680847
23,0.0465666584671,0.64011900425
24,0.0455003786832,0.637215435505
25,0.0456418171525,0.634861934185
26,0.0460311613977,0.633085370064
27,0.0461070016026,0.629968690872
28,0.0466770522296,0.628007721901
29,0.0464736187831,0.626028203964
30,0.0466500639915,0.623516607285
31,0.046558291465,0.620993447304
32,0.0466990984976,0.61885124445
33,0.0477149207145,0.616285002232
34,0.0472934484482,0.614596247673
35,0.0473042409867,0.612933814526
36,0.0475168205798,0.612147951126
37,0.0472273539752,0.608840203285
38,0.0475213810802,0.607486736774
39,0.0483100093901,0.604250729084
40,0.0473789468408,0.602565467358
41,0.0486749604344,0.601696753502
42,0.0480322673917,0.598606431484
43,0.0490131393075,0.596324217319
44,0.0492082536221,0.593789887428
45,0.0488875590265,0.591894376278
46,0.0488158382475,0.589823269844
47,0.0492272265255,0.587310624123
48,0.0500740282238,0.587097132206
49,0.0477266304195,0.585851919651
50,0.0468578051776,0.585238146782
51,0.0495464779437,0.582615125179
52,0.0481085501611,0.579842281342
53,0.0473128333688,0.578190648556
54,0.0489476472139,0.575508272648
55,0.0500387169421,0.573136770725
56,0.0489037811756,0.571639585495
57,0.0509484969079,0.568771100044
58,0.0515998080373,0.566319358349
59,0.0512380771339,0.564179456234
60,0.0502085492015,0.5628718853
61,0.0501282416284,0.560778510571
62,0.0515424508601,0.558931946754
63,0.0509174764156,0.557799768448
64,0.0513293482363,0.554747116566
65,0.0532227113843,0.553419315815
66,0.0506468109787,0.55206874609
67,0.0515170641243,0.549457108974
68,0.0525234475732,0.547652757168
69,0.0527005627751,0.544525003433
70,0.0537821352482,0.543060183525
71,0.0537382043898,0.54111379385
72,0.052170971036,0.539481663704
73,0.0536909013987,0.537600386143
74,0.0542838975787,0.535186851025
75,0.0528502702713,0.533880484104
76,0.0553373634815,0.53003872633
77,0.0556551702321,0.529432916641
78,0.0553942844272,0.527952456474
79,0.0541179195046,0.527041268349
80,0.0533095099032,0.525373482704
81,0.0542947553098,0.521983456612
82,0.0565565411001,0.519777297974
83,0.0530292876065,0.521116793156
84,0.0563902944326,0.516771769524
85,0.0560325138271,0.513972711563
86,0.0564576007426,0.511243510246
87,0.0557329468429,0.509693551064
88,0.0574378684163,0.507121932507
89,0.0544797822833,0.506883430481
90,0.0565137341619,0.505541729927
91,0.0573590397835,0.501458364725
92,0.0552530042827,0.500418567657
93,0.0579138956964,0.498014694452
94,0.0547587014735,0.498676723242
95,0.0542249858379,0.495489692688
96,0.0584077820182,0.499599266052
97,0.0557578928769,0.492028015852
98,0.0528261192143,0.491697269678
99,0.0564653247595,0.489866673946
100,0.0548087596893,0.486723953485
101,0.0557706706226,0.485502529144
102,0.0572110351175,0.483310210705
103,0.0549292769283,0.481647741795
104,0.0558107785881,0.479457008839
