epoch,jaccard,loss,val_jaccard,val_loss
0,0.0799128634283,0.719047358403,0.0762858609763,0.682409779169
1,0.081778847318,0.671218649699,0.0769005070111,0.662450208329
2,0.073557721342,0.64773333875,0.0698604114764,0.633991076611
3,0.073846094926,0.621731990805,0.0746614335133,0.615814520046
4,0.0762687384643,0.609826243841,0.078929668479,0.611037719063
5,0.0770615696624,0.59597426309,0.0757538206436,0.585526273586
6,0.0766439619427,0.582444174932,0.0718871156529,0.578378773294
7,0.0717023331135,0.577228726103,0.0773857901265,0.574868341908
8,0.0731240571147,0.568168656184,0.0856130852242,0.569658057764
9,0.0779662428954,0.557080762891,0.0791981694611,0.552962092683
10,0.079352138807,0.546700577323,0.0782437789459,0.54270914197
11,0.0797699428761,0.542852742168,0.0809285377662,0.540536412969
12,0.0754646084487,0.536056250334,0.0741282144587,0.531224855222
13,0.08153586849,0.524548035402,0.0778310472538,0.525460625067
14,0.0796964213832,0.520019183938,0.0807698673929,0.514734015334
15,0.0819340499453,0.512302635954,0.0873881125216,0.50596056506
16,0.0835323492494,0.505610657999,0.081772526226,0.504536328372
17,0.0846742266286,0.49821807788,0.0930073259126,0.499465031549
18,0.0830249211247,0.495187016634,0.0792610714356,0.4940546453
19,0.0855795078538,0.492972309773,0.0763506364486,0.491453825962
20,0.0814670238156,0.490185541029,0.0764796464148,0.489843510557
21,0.0793182987598,0.484224381928,0.0881900606073,0.47851308668
22,0.0874620769084,0.474496872379,0.0846863193904,0.471805053763
23,0.085989848801,0.469927626734,0.0870310466895,0.467716762796
24,0.0870139387055,0.466785196501,0.0945416148829,0.461459970102
25,0.0916187624893,0.459569054154,0.0844022087688,0.460221332032
26,0.0882891836069,0.457578000541,0.0871423745218,0.455288645346
27,0.0909632050067,0.450442621914,0.0943851034817,0.451954917517
28,0.0893406817483,0.447430568819,0.0939327195588,0.443384137936
29,0.0930753360858,0.440444284334,0.0920713886085,0.439227561001
30,0.0927804293597,0.438531237153,0.0995054132661,0.435428756289
31,0.0938460128167,0.434491995435,0.0902868760302,0.432914304081
32,0.0967523250035,0.426088844354,0.0999969070961,0.429066918325
33,0.0976357161834,0.423066460742,0.0970140845145,0.422448847909
34,0.0961670460945,0.422346548965,0.0896625997173,0.42115033837
35,0.094618352184,0.418969346927,0.0993561623829,0.419022240676
36,0.0974358159728,0.414171006817,0.0960108099212,0.412399727851
37,0.0977967870914,0.408217712664,0.0990257566457,0.407723805401
38,0.103235382982,0.402739648062,0.100101559433,0.403334057424
39,0.0973918924406,0.403508122151,0.0954758482974,0.401157968678
40,0.102617578984,0.395961143076,0.0902927609797,0.400521234144
41,0.100009079828,0.397856043508,0.0871214796034,0.402048360556
42,0.0959981040682,0.397642311568,0.102261218318,0.393121353351
43,0.103593739553,0.388826415516,0.104960826714,0.387707773596
44,0.104061190643,0.385655412307,0.0992597534223,0.38574028993
45,0.100004219132,0.383891451817,0.101062806144,0.379847394302
46,0.102148818841,0.380704421837,0.099116108883,0.382220936473
47,0.103196728764,0.378282001385,0.103795660078,0.376896296628
48,0.101207417096,0.374818161703,0.0998007365242,0.3720198269
49,0.108708850056,0.368692463407,0.0953757677746,0.371578381397
50,0.099772458674,0.371709957719,0.0993908221826,0.369637722149
51,0.10066659286,0.366708388695,0.0922565285778,0.369498355314
52,0.0982030784091,0.36724996796,0.103783593712,0.36328106327
53,0.109497137938,0.356867544353,0.109212448197,0.359771859832
54,0.115976637225,0.351744958988,0.103177950065,0.356024337001
55,0.10948802722,0.351658335672,0.110695190164,0.350405542646
56,0.113832310211,0.347122919101,0.112206362136,0.348248298746
57,0.110890503624,0.344852256087,0.110619631148,0.346164395101
58,0.112264421294,0.343607280117,0.114169854871,0.345025516581
59,0.109704396751,0.342319831252,0.111061639758,0.339228095021
60,0.112726538642,0.337013266981,0.108277859457,0.33763829479
61,0.1156569365,0.333488228802,0.112831690951,0.334703342989
62,0.116876364674,0.330082281278,0.111622073512,0.33045936143
63,0.112680514339,0.329438658861,0.118454870177,0.331453097984
64,0.121137280543,0.325745261059,0.115359166686,0.331059533171
65,0.118136891014,0.32254838485,0.117640229493,0.323925588746
66,0.119220505692,0.31970470284,0.11359810911,0.322909948882
67,0.125984426442,0.317339603144,0.120046758948,0.321118094958
68,0.115597801993,0.319053937609,0.116814049494,0.318553504534
69,0.119046848802,0.315511808372,0.117081137676,0.316541295964
70,0.11578788369,0.312358942169,0.122844053394,0.310893538874
71,0.123821338647,0.307570539988,0.111984352289,0.309733185451
72,0.105482779873,0.322972423755,0.100021497262,0.329358236399
73,0.0932415095483,0.327648688967,0.0939533352237,0.320743414573
74,0.110285194328,0.314707978414,0.0934113991482,0.317532106303
75,0.101980979669,0.315775804222,0.107456386253,0.310997704044
76,0.114181442781,0.306301736488,0.10729243172,0.308525995817
77,0.111932075661,0.305113093784,0.111508522137,0.302597655915
78,0.114138048235,0.300248185603,0.119000428964,0.304841486737
79,0.122788972405,0.296325229108,0.111707548379,0.298157529905
80,0.111386690074,0.296682877036,0.124377416078,0.295000065118
81,0.119282317916,0.293518611445,0.115355144974,0.293877314311
82,0.124664978788,0.2896059144,0.124464476448,0.28944279952
83,0.121060938278,0.287923455238,0.116810633351,0.287160321139
84,0.118032624313,0.286736172552,0.121932191482,0.284410776105
85,0.126678739403,0.28160483562,0.122273885848,0.281607682817
86,0.130330522738,0.278946641833,0.121683651146,0.279828323051
87,0.123408959627,0.280455097843,0.119986349569,0.280831389595
88,0.13436859218,0.272962496831,0.128583818265,0.283993040211
89,0.124510907776,0.276061942371,0.126328851898,0.27532864688
90,0.131960822233,0.270584801069,0.122803428753,0.273103791289
91,0.141468751979,0.26618186757,0.130423240399,0.271445670398
92,0.132891683679,0.265813287921,0.132830100596,0.270285621751
93,0.129349430482,0.266972561009,0.122832878703,0.267302540829
94,0.135463362255,0.26157766294,0.129788828836,0.26670094952
95,0.135445481165,0.26020694696,0.133463356594,0.261765109608
96,0.135947380931,0.259690538335,0.1264360394,0.260174808325
97,0.132653742676,0.259040444516,0.132444212251,0.260137463687
98,0.144599069161,0.25245846636,0.135948925358,0.259621207369
99,0.139383302486,0.252785486384,0.116112907763,0.25881578913
100,0.147330335053,0.247690166132,0.133142491749,0.255311114248
101,0.141841409379,0.248705401444,0.137245352675,0.25464133895
102,0.146605015255,0.245276962335,0.137290076955,0.250246625859
103,0.142500548887,0.244229777501,0.141078791205,0.251869574422
104,0.135929954184,0.247183173895,0.138074727924,0.249648150522
105,0.141009513387,0.24396719497,0.138401128831,0.246859780513
106,0.14641285207,0.241366976442,0.127737109184,0.244683397701
107,0.143773018822,0.239851104239,0.137488208948,0.242423087824
108,0.154624364335,0.233712058228,0.144901830409,0.240708202356
109,0.157185717226,0.231191797039,0.143836665586,0.239978015423
110,0.157911013521,0.230627512703,0.14328022775,0.2396318065
111,0.155915395079,0.231385530474,0.145178547014,0.23773507867
112,0.152966341604,0.228535506588,0.14700160227,0.237700488186
113,0.1501644321,0.228729821168,0.135572713413,0.234220542246
114,0.157255171667,0.223821207881,0.147031600627,0.232681569178
115,0.153932469946,0.223520566351,0.146866336115,0.23104909109
116,0.152605506434,0.224200902363,0.145317269589,0.228690614924
117,0.165141596961,0.220090605892,0.139505714276,0.228168902919
118,0.162928127191,0.21821810649,0.145675502999,0.230129308533
119,0.16139245019,0.217629631551,0.145414858451,0.225757808425
120,0.156041217564,0.217776616032,0.147945949194,0.224668547045
121,0.166652978007,0.213891605345,0.147109703998,0.225502355723
122,0.176480953209,0.209847678645,0.145616802642,0.224478081102
123,0.16235154266,0.211730567595,0.148920010726,0.22018409404
124,0.171245785831,0.207861309155,0.143171733095,0.221321565332
125,0.152650828964,0.215600806647,0.14842571241,0.219288682565
126,0.170087281069,0.206343349642,0.153078633773,0.21765013691
127,0.169097689941,0.205513927226,0.14825989296,0.216981830774
128,0.165281821773,0.206479764329,0.148752440719,0.215416346211
129,0.165225868704,0.204013262231,0.148805912948,0.215815311298
130,0.176347266293,0.199859407659,0.155784853096,0.215920205927
131,0.178466049695,0.198689297701,0.148362032619,0.21503735939
132,0.179645893289,0.196212423249,0.152691407376,0.212737356778
133,0.165993546567,0.198023650509,0.159105611229,0.210598226171
134,0.180241300044,0.193125898162,0.152731693658,0.20960320509
135,0.173713961311,0.196028527446,0.159830566415,0.207476673881
136,0.169991072256,0.194837716336,0.155722937333,0.206275155069
137,0.181478978108,0.191109244927,0.157087098499,0.206220481778
138,0.181544131675,0.188378606565,0.156878927549,0.206806612667
139,0.178812552285,0.189020129924,0.163577190008,0.203636529157
140,0.183693562914,0.186097766058,0.143927203427,0.20842020167
141,0.186759368648,0.188975657695,0.151100501727,0.203262061346
142,0.181424410452,0.187378906287,0.15954425758,0.201944317436
143,0.197059231645,0.181246910817,0.158152064384,0.203189461259
144,0.200343002998,0.177472026875,0.158947723701,0.200327700702
145,0.193394009665,0.178744381723,0.162864511873,0.199441818055
146,0.18323221844,0.186128354703,0.152360471587,0.198528768029
147,0.185903736353,0.180722142068,0.161516598602,0.195118834497
148,0.195942121931,0.175696646365,0.166369751071,0.194855917245
149,0.186316749242,0.176092283084,0.160147732799,0.197949713795
150,0.20868579831,0.170458393888,0.169096267321,0.193594996585
151,0.212581618699,0.168823790092,0.166915375947,0.194731329335
152,0.199235328973,0.171034527226,0.170012374305,0.191267739749
153,0.213930314201,0.166374482214,0.167107030459,0.191655562958
154,0.210019107501,0.165563389372,0.162051831773,0.193354881369
155,0.219984681102,0.163313322629,0.167699683008,0.189668207895
156,0.207632362342,0.164131055944,0.171581627632,0.192439372418
157,0.210348116563,0.162299715556,0.172109705995,0.192011158681
158,0.204826288,0.16570311097,0.180192375965,0.190118506085
159,0.224833069851,0.160296930143,0.168241404531,0.188329042634
160,0.20859757993,0.161971108558,0.170255489592,0.188338593813
161,0.221515158041,0.158449305651,0.16772897347,0.186823502649
162,0.205325660447,0.162512206114,0.168133645973,0.186323873699
163,0.208440471066,0.158575477795,0.170806317104,0.191801139386
164,0.224746897934,0.154664742116,0.170393041594,0.186017555883
165,0.212994798336,0.156221417853,0.169245979161,0.184454721166
166,0.22796275518,0.151082066533,0.179444260867,0.183571209665
167,0.223523316529,0.152528999373,0.177053185761,0.183687121607
168,0.220363042474,0.148833569712,0.187048309039,0.184598299908
169,0.232059755542,0.149081819619,0.175026136863,0.180524513242
170,0.226214947745,0.150486593063,0.178957024967,0.186342723086
171,0.240367486399,0.146086160667,0.177575910933,0.181123656221
172,0.242279960209,0.144673418827,0.18310909539,0.178721531876
173,0.242035162617,0.142032019937,0.18187234995,0.182031979435
174,0.247225350604,0.139418018839,0.187674431213,0.179614252876
175,0.243203177429,0.147342267661,0.183042385663,0.185442108661
176,0.241813606492,0.14304000655,0.185905247164,0.178411911475
177,0.241475436519,0.140402095106,0.181450968345,0.179799056379
178,0.249607881952,0.138162735276,0.180571178088,0.180682405015
179,0.235244343117,0.141239267846,0.184711689538,0.175490371767
180,0.253742088089,0.135446797913,0.188842139693,0.175228197011
181,0.26149575982,0.135770153971,0.187129836946,0.176375689101
182,0.257240490054,0.132288828062,0.182515643244,0.175293278415
183,0.242768194828,0.135995861573,0.184534329646,0.172422098694
184,0.272221701399,0.128629473969,0.182415478201,0.17642145732
185,0.268559330073,0.128781213353,0.189139705532,0.174804600421
186,0.271770802742,0.127193290597,0.195483046191,0.173176596873
187,0.268212228058,0.12683017294,0.191124381716,0.172536149621
188,0.267449560535,0.125333142109,0.195484984287,0.174382410478
189,0.286441213699,0.127013368675,0.189586440288,0.176360889687
190,0.286556837637,0.123864313874,0.191295247129,0.173708567978
191,0.272481040778,0.124198010764,0.198882185486,0.171716273413
192,0.282887657729,0.121904428189,0.197562621786,0.170922110323
193,0.275887594331,0.123031952203,0.197372197206,0.172783323447
194,0.278281715458,0.120859534408,0.169898263313,0.185815580189
195,0.273763635767,0.123738572288,0.199373173341,0.173722304287
196,0.288943154844,0.119091169479,0.20055445956,0.172274650773
197,0.296747535816,0.116829193126,0.195562008294,0.171802124241
198,0.306897671545,0.113778460628,0.203620193938,0.169717420475
199,0.286707700096,0.115358935526,0.201161386062,0.17046103091
200,0.303470811062,0.11269319301,0.198933299001,0.170907424763
201,0.291697275969,0.114601279107,0.2042937501,0.168762902846
202,0.299969995728,0.112129107977,0.204389734491,0.171059905435
203,0.320178385914,0.108494395247,0.200471392004,0.168602548656
204,0.300202597876,0.110724005132,0.210140771641,0.170729790349
205,0.307520526513,0.108822040546,0.191443929305,0.175189685193
206,0.304439287762,0.108275311068,0.209288863869,0.169932508375
207,0.306290294943,0.113071392935,0.204134382217,0.172179944464
208,0.307558802418,0.109336453991,0.201178362175,0.169541739975
209,0.302584506256,0.10629704394,0.207437406975,0.169077040395
210,0.323192925907,0.10356039124,0.208627567011,0.165484721423
211,0.316727655116,0.103729172681,0.19980743305,0.167806709185
212,0.303925190548,0.106472870908,0.203578188261,0.166620206088
213,0.315499351701,0.103915937818,0.207766431408,0.168817682075
214,0.335501962407,0.100500325601,0.204274444953,0.170079404488
215,0.306808715322,0.103919138559,0.207634875266,0.167121564155
216,0.344847691754,0.0976727349827,0.199350664349,0.172007678659
217,0.321581552056,0.10014580577,0.203001349824,0.167650073534
218,0.334784166049,0.0970867703167,0.21220531039,0.167056704639
219,0.339084585515,0.0981649624614,0.212740944872,0.17100734706
220,0.297757696116,0.10456485946,0.199947038548,0.172555431956
221,0.340536870333,0.0961996510338,0.217890180167,0.166612460045
222,0.342275878057,0.0950220270226,0.216137114661,0.17078907229
223,0.361573565246,0.0922139001867,0.207809077008,0.171725222492
224,0.339438722582,0.0947471672239,0.211805056633,0.165216892143
225,0.324700391643,0.0972219824504,0.206647249527,0.165698820958
226,0.370872124046,0.0913501678465,0.211178781635,0.168713721796
227,0.339948409706,0.0928628666756,0.212458892328,0.168712329352
228,0.347371119301,0.0937215334807,0.215030434098,0.166882191203
229,0.354766404815,0.0900258946304,0.20711071801,0.173538086354
230,0.336436433141,0.0904359955054,0.215788028036,0.165054621291
231,0.356154104082,0.0900985147231,0.218720509192,0.166403395007
232,0.373039687567,0.086135708512,0.216072232421,0.16833366279
233,0.358609682273,0.0874058740357,0.212413674982,0.168250562157
234,0.374190533158,0.0847528672849,0.214434564821,0.170658348827
235,0.362510334169,0.0870942715555,0.220111980674,0.168873247108
236,0.389010754354,0.0823161334086,0.216556052615,0.169281130191
237,0.392827643026,0.0821496218156,0.210153249507,0.170479774242
238,0.410063779411,0.0803370119001,0.220845536901,0.166862923419
239,0.393946123932,0.0816734963312,0.217933593093,0.171130228555
240,0.366294710852,0.0826053109307,0.222898892174,0.169673653785
241,0.375208777886,0.0821728144701,0.216815194967,0.16938074003
242,0.358032351688,0.0831341349448,0.219876463176,0.173231358058
243,0.362399740611,0.0841148907605,0.220039889128,0.170060331817
244,0.367631172236,0.0813420718679,0.22082210857,0.169950683834
245,0.38879973744,0.0799950085437,0.223094570534,0.171899996814
246,0.377834630959,0.0803511942235,0.219916698821,0.171493875445
247,0.39916196776,0.0790169154509,0.209424663197,0.174011701136
248,0.398682544595,0.0788493834149,0.219542917265,0.170832273667
249,0.373734764133,0.0811554906317,0.22176811195,0.168255131925
250,0.376035327024,0.0800545141817,0.22280198645,0.171499869437
251,0.370799568721,0.0790875282568,0.218860386246,0.170372991241
252,0.407082077756,0.0768586118491,0.22480627903,0.169264776167
253,0.388938427213,0.0773040506129,0.227046475855,0.169258356909
254,0.374364838486,0.0790174499584,0.220837077017,0.17167446739
255,0.393192218302,0.0766865431976,0.224099285309,0.170317159384
256,0.372187912267,0.0780166989336,0.228318940312,0.171004226548
257,0.395381890681,0.0755148772867,0.224594666797,0.171784668462
258,0.401496205884,0.0757857655677,0.222644571666,0.170828934293
259,0.389020549211,0.076438208827,0.231253693981,0.170911284513
260,0.420486358489,0.0743328975514,0.221924165741,0.171720623272
261,0.394150566074,0.0767316637704,0.226934439715,0.170007437584
