epoch,jaccard,loss,val_jaccard,val_loss
0,0.0341533590108,0.791154742241,0.0304153114557,0.77857875824
1,0.0372437611222,0.776576042175,0.0325436629355,0.762803316116
2,0.0388791095465,0.759845793247,0.0321561954916,0.745982408524
3,0.0383594166487,0.742628514767,0.0304324943572,0.726972222328
4,0.0369949508458,0.71726539731,0.0285027902573,0.713627576828
5,0.0353568699211,0.705238848925,0.0279635563493,0.712504863739
6,0.0348301474005,0.701797306538,0.0284476969391,0.701918125153
7,0.0348057635128,0.692355066538,0.027487417683,0.691448271275
8,0.0345818717033,0.687944501638,0.0277661625296,0.68517768383
9,0.0349284578115,0.683908969164,0.0285653136671,0.681745290756
10,0.0355496518314,0.680601805449,0.0292914994061,0.682922363281
11,0.0358943082392,0.67891600728,0.0289779193699,0.67978143692
12,0.0359820555896,0.677222460508,0.0290925893933,0.678055167198
13,0.0364071857184,0.676186352968,0.029260283336,0.676687717438
14,0.0366152338684,0.675819307566,0.0282818321139,0.677400827408
15,0.0355200748891,0.674473106861,0.0286263376474,0.674364209175
16,0.0365956053138,0.675220906734,0.0284089520574,0.674703598022
17,0.0356956524774,0.673275828362,0.028918562457,0.677651286125
18,0.0362644772977,0.671884357929,0.0304866172373,0.678951144218
19,0.0372542347759,0.67216154933,0.0305933821946,0.673295497894
20,0.036606438458,0.668781369925,0.0304909143597,0.670433938503
21,0.0367811992764,0.66740462184,0.0309162978083,0.667911887169
22,0.0372859723866,0.666112184525,0.0315553881228,0.667868196964
23,0.0377341713756,0.665557980537,0.0309431552887,0.666161835194
24,0.0376743655652,0.665126770735,0.0294224619865,0.664211630821
25,0.0369676761329,0.663081228733,0.0298522897065,0.663292884827
26,0.0376262497157,0.662272453308,0.0302270259708,0.662640273571
27,0.0369903389364,0.662708073854,0.0319691561162,0.665987789631
28,0.0375467836857,0.66111305356,0.0343585275114,0.676409840584
29,0.0388598572463,0.661943972111,0.0316273681819,0.660154819489
30,0.0377198848873,0.65843257308,0.0293227657676,0.659439027309
31,0.0367657281458,0.657635599375,0.0290135275573,0.658360362053
32,0.0373481810093,0.655772507191,0.0302651748061,0.65707975626
33,0.0393188223243,0.656410932541,0.0292682908475,0.655460059643
34,0.0367499534041,0.654957413673,0.0291087925434,0.656972765923
35,0.0366998296231,0.654416590929,0.0292910039425,0.657348394394
36,0.0367664005607,0.653245687485,0.029640648514,0.65698570013
37,0.0369822494686,0.65234798193,0.0304036382586,0.654520511627
38,0.0378953441978,0.650695919991,0.0308512113988,0.652403116226
39,0.0382889192551,0.65025600791,0.0312754772604,0.650866270065
40,0.038507303223,0.648528426886,0.0312492605299,0.649095892906
41,0.0384120121598,0.646647661924,0.0312403645366,0.647513151169
42,0.0390975028276,0.645835518837,0.0312203709036,0.64636862278
