epoch,jaccard,jaccard_0,jaccard_1,jaccard_2,jaccard_3,jaccard_4,jaccard_5,jaccard_6,jaccard_7,jaccard_8,jaccard_9,loss,val_jaccard,val_jaccard_0,val_jaccard_1,val_jaccard_2,val_jaccard_3,val_jaccard_4,val_jaccard_5,val_jaccard_6,val_jaccard_7,val_jaccard_8,val_jaccard_9,val_loss
0,0.120906981407,0.118436166202,0.11331416457,0.114597830921,0.13138002553,0.133904555347,0.118749390356,0.118885371194,0.113586780033,0.117267881637,0.117210183525,0.687490014359,0.13099589292,0.136634787545,0.143964299001,0.126564070582,0.150593766011,0.130719374865,0.0916425683536,0.14798282925,0.131203224882,0.118035288993,0.120722915046,0.640062719584
1,0.129688326269,0.13569486246,0.125602303946,0.131493216206,0.124309112027,0.122634848522,0.135215177434,0.124652008177,0.134287799126,0.129348335089,0.120419196552,0.628382800147,0.135849775746,0.140559495427,0.150468670763,0.13166668918,0.156138158403,0.132996931672,0.0954550527968,0.153282327577,0.138699642383,0.122715368867,0.123609713279,0.613169185817
2,0.133713116171,0.131014156505,0.136672437191,0.130636138027,0.122790060588,0.122757290781,0.137266469654,0.128536673728,0.138994435081,0.139093123726,0.133616020437,0.604063805193,0.139764130116,0.147286042571,0.151796542108,0.137246272527,0.159798517823,0.139684780501,0.0998606309295,0.154215295799,0.137235325761,0.129184290301,0.127582961693,0.590627215803
3,0.136402237462,0.133820515301,0.129805550445,0.144788678735,0.123286905466,0.128892575623,0.127961970749,0.144311575219,0.1336333605,0.155537234969,0.125308738323,0.586880341172,0.142218863592,0.151438304223,0.155310528353,0.137349328957,0.160637746565,0.138498379849,0.103568050545,0.156876646914,0.142580917105,0.132772482,0.129652364179,0.574831664562
4,0.138765604934,0.152849273989,0.123377938173,0.135201014113,0.147900943179,0.132369600818,0.138096603914,0.132668337203,0.143945350021,0.136095176218,0.127293519618,0.570907806978,0.144979193807,0.15019123815,0.156896851026,0.141131383367,0.164379246533,0.144348947331,0.104670412838,0.161524944939,0.145284106955,0.133903688751,0.131502434611,0.559587165713
5,0.14201709535,0.144184287055,0.141116317594,0.143792108167,0.134536218655,0.14723791834,0.13170497946,0.147136509651,0.135799253825,0.139716205304,0.136567613692,0.55715748854,0.147937640548,0.158175932243,0.160272757523,0.14280856587,0.167367592454,0.144275519066,0.107538439799,0.164347848855,0.147988676094,0.137426394038,0.134675867856,0.546692281961
6,0.143618346192,0.147114014602,0.146470524604,0.143036164693,0.137879437127,0.155357734184,0.136877835961,0.131801767158,0.15112495143,0.132970716804,0.134037037147,0.544278403744,0.150440258905,0.161345124245,0.162280671299,0.14709575288,0.169684637338,0.147168323398,0.110550453886,0.165801445954,0.148694003932,0.138798104599,0.13687046431,0.533176012337
7,0.146816359367,0.138639621902,0.136671552784,0.147546939086,0.145696242689,0.150391767733,0.152128745336,0.141557993134,0.155887786997,0.136635037488,0.142526146257,0.530089961365,0.152947600931,0.163738077506,0.164198057726,0.149541193619,0.171880954877,0.150343313813,0.113497036509,0.168547235429,0.1510901656,0.141597305425,0.139536478557,0.520590543747
8,0.149603518657,0.138913214556,0.155697801849,0.149836009485,0.147429332021,0.157294573786,0.141361451242,0.14570737374,0.160117768566,0.137291927007,0.142295255442,0.517409324646,0.155485324562,0.165765910409,0.165895793587,0.150595235638,0.17588452436,0.154793491587,0.114872185979,0.171459056437,0.153152181767,0.14280946739,0.141643297859,0.508406307548
9,0.150805900106,0.168574486044,0.147517165111,0.148689303547,0.156950679142,0.157490817364,0.141277749557,0.142377167009,0.150170840905,0.139785527368,0.13409067865,0.507319305092,0.156786827371,0.166112119332,0.170153812505,0.153033585288,0.1754278671,0.153213772923,0.115454530809,0.17475763429,0.154629954137,0.144307171926,0.143167761154,0.498996771872
10,0.153974323068,0.164264185587,0.155018632882,0.140727147693,0.158581019728,0.151767066447,0.151634746115,0.145570785273,0.139673107304,0.160301160184,0.150438529206,0.495119894855,0.160106437281,0.171944911592,0.170885132626,0.152977598831,0.183096542954,0.159532153979,0.118426982313,0.176393698901,0.157398742624,0.146315881982,0.144241055474,0.486030161381
11,0.156943035778,0.167069522897,0.158155985293,0.138642645674,0.15701228159,0.141047908808,0.145714242011,0.158308048965,0.152198599768,0.159398239455,0.167736279895,0.48338581156,0.162970602512,0.175968607888,0.173961780965,0.15843501687,0.184501126409,0.15998573415,0.121565853246,0.17909138184,0.160135254264,0.149379330687,0.148562228307,0.475428897887
12,0.158553172834,0.146805138444,0.145954065258,0.145939052571,0.158987380099,0.159966568463,0.16688804864,0.15930418577,0.161366108456,0.164544757805,0.152495945455,0.474321810529,0.163000125438,0.173170693219,0.173980535008,0.16049034521,0.184399729595,0.158941203728,0.121677874122,0.177316437475,0.161833067425,0.151497252285,0.148275534622,0.469226833433
13,0.159091969021,0.154109666124,0.162950473139,0.155076597817,0.143454403151,0.176310203504,0.155089522712,0.154870166443,0.150260722963,0.160244366969,0.153653842397,0.466994337738,0.165686424822,0.176137172617,0.177712789737,0.159886150621,0.188123809174,0.162962903269,0.122968301177,0.183018083684,0.162479331717,0.152270340361,0.149212955497,0.457430046052
14,0.160823336802,0.159787190729,0.167554897023,0.151071358938,0.151361280004,0.148951100069,0.158390625089,0.15768014465,0.169307767181,0.16079075262,0.15867747704,0.456458326429,0.168833937496,0.17816243507,0.180482808501,0.162155220285,0.192040095106,0.165036466904,0.124869203195,0.187648360617,0.166145979427,0.15501769539,0.152979659848,0.445698782802
15,0.166195438243,0.167709663045,0.159669151995,0.15907130437,0.159863781184,0.174748923397,0.174463480245,0.160033977707,0.162606703234,0.153545450419,0.163002276327,0.442617413588,0.170821502805,0.183785319328,0.183519575745,0.166362452321,0.19572304748,0.167770311236,0.124609280378,0.188304836862,0.165731567889,0.155062295496,0.154096799903,0.436526242644
15,0.165091529489,0.158097228385,0.170056190807,0.1663227065,0.16686652333,0.15353927738,0.173415408935,0.163045517402,0.16530417942,0.158908104408,0.149895196897,0.437398304231,0.172804977745,0.184834092855,0.184385444969,0.164981977083,0.198355698958,0.172139426693,0.125042961445,0.192669980228,0.169669962488,0.156283981167,0.153951627202,0.427803702652
16,0.170004750602,0.149138597655,0.17230351246,0.164432954276,0.169390008785,0.165596959181,0.178514077794,0.177943199757,0.158566986211,0.163605142268,0.170988997677,0.423932220787,0.176875922829,0.190981863067,0.189476287924,0.170378682204,0.198467489332,0.171253462322,0.131343953311,0.198892327957,0.173080963083,0.160905840807,0.159924920648,0.415324267
17,0.174904842861,0.158791283146,0.178761994466,0.179549964145,0.174143026699,0.161956495955,0.160786480294,0.171423658496,0.186661473708,0.185989032267,0.170131176943,0.413039586507,0.179540852085,0.185281807557,0.211594104767,0.186841053888,0.197465872392,0.187225004658,0.146065485664,0.222281772643,0.170014985837,0.141584022902,0.136263908818,0.410199768841
18,0.177572717424,0.164038593881,0.164386164746,0.161135138944,0.164941465249,0.215884497855,0.198017617688,0.172805650625,0.179065975128,0.181218374986,0.185158871813,0.407207752578,0.182853005826,0.186061624438,0.213771637529,0.188269841485,0.198172366247,0.192995868623,0.147818118334,0.22367076017,0.179399177432,0.143679519184,0.150394594297,0.404773592949
19,0.178831670899,0.176443988224,0.174917703029,0.166481719469,0.187180184992,0.180144458776,0.171810916625,0.171382623259,0.208981054835,0.179922653595,0.154811321292,0.404219989665,0.184100141749,0.188253935426,0.216484090313,0.188516089693,0.202751008794,0.194444028661,0.150582158007,0.225622557104,0.179503608495,0.145369932055,0.147042077966,0.39987898618
20,0.181517872959,0.155612206087,0.192844922887,0.204333208036,0.166485991445,0.188498687698,0.199601554079,0.214120258344,0.183943135198,0.156501126708,0.172560817562,0.398419513367,0.186188371852,0.191369442269,0.218259055167,0.191819708794,0.203175256029,0.194876737893,0.151817583479,0.229536633939,0.183369433507,0.14760788437,0.152118182741,0.396281529218
21,0.182723291218,0.184119550278,0.206433992134,0.171789478278,0.177380499197,0.158665689873,0.202374095563,0.138958968688,0.157732074615,0.164785304572,0.184351263801,0.395114044659,0.187815899029,0.192839797586,0.220788145438,0.193478126079,0.203881869093,0.195573108271,0.152536363341,0.230540778488,0.183617088944,0.148200632073,0.153111064807,0.391913697124
22,0.183937152848,0.159131725901,0.155583773507,0.181778249098,0.173976789461,0.178184440127,0.17285379488,0.166949979379,0.188323667971,0.190123920562,0.160112261423,0.391240064055,0.189187211916,0.194798175246,0.222116388381,0.195426726714,0.206036789343,0.19826473482,0.153622246347,0.232730941847,0.186096113175,0.150038587861,0.154610143043,0.389070164412
23,0.185291119386,0.205198983429,0.205873873085,0.186757841846,0.170377698494,0.203333995654,0.174851990654,0.166977811838,0.17321915424,0.177377944812,0.153450291255,0.38857287541,0.188811505213,0.192510431632,0.221707964316,0.193041145802,0.206835787743,0.19767283462,0.154468325898,0.233399355784,0.181541576982,0.148781802505,0.150526029058,0.386044204235
24,0.186995198019,0.190239846241,0.141016792622,0.182469033636,0.160627869889,0.188322403003,0.193082820158,0.164886452025,0.18601125665,0.206974710338,0.197077573743,0.384356664494,0.191743489355,0.197085758671,0.225711086765,0.198155714199,0.207415064797,0.199938794598,0.15715219453,0.235818089917,0.187156843022,0.152539372444,0.156013213098,0.382468510419
25,0.187955751084,0.181702457368,0.188523403602,0.192193946801,0.187363798963,0.20117888716,0.180451191263,0.183034700574,0.189716770547,0.178888962721,0.162185480236,0.381475610659,0.193245438859,0.197664186358,0.227187767625,0.198758175597,0.211176065728,0.201600285247,0.159413998947,0.236553100869,0.188689665869,0.153593683615,0.156046820804,0.378429435194
26,0.190110283438,0.185428883764,0.18997296202,0.164897270966,0.196180190425,0.216559522785,0.174265186535,0.211705593159,0.173000835581,0.191456730245,0.166776286438,0.377224575728,0.195192735642,0.199131762609,0.229557244107,0.19930979982,0.214398989454,0.205811420456,0.161953620613,0.237679855898,0.191352849826,0.155567964539,0.159209590405,0.374760981649
27,0.190681083128,0.215748910792,0.186275041196,0.19565055659,0.190224475227,0.206022874918,0.180301375687,0.184095099568,0.195941142738,0.210100329947,0.170425328659,0.374673533253,0.195942936465,0.199663324282,0.229886041954,0.200683908537,0.212743576616,0.204829599708,0.162248130888,0.239882729948,0.188766369596,0.155736821704,0.156443163753,0.372281897813
28,0.191887617111,0.198823417304,0.192063411348,0.184994210489,0.176259727334,0.160405563307,0.190913142869,0.179751321208,0.191509650089,0.171494119801,0.198631136445,0.371754344553,0.196714056656,0.201615672559,0.232721809298,0.201494116336,0.214152028784,0.205045180395,0.160990455188,0.241285633296,0.19202307798,0.155453329906,0.160877522081,0.369519017637
29,0.193338081706,0.204464542679,0.195075365715,0.174041114515,0.203587039839,0.185069882893,0.187326827552,0.21677717939,0.196916781366,0.182481488213,0.210014518816,0.368304490112,0.198318123817,0.20209594816,0.232521580532,0.204139156267,0.216247968376,0.208639938384,0.163277029991,0.241192940623,0.193309692666,0.157153914683,0.161291943863,0.366287406534
30,0.195188879501,0.191724642413,0.178191110725,0.196418781998,0.186774872593,0.151998566114,0.176717031049,0.169273621286,0.175483656116,0.179351686849,0.18540512654,0.364581215195,0.199911734089,0.203172486275,0.234191574156,0.204336185008,0.218805113807,0.208559580147,0.165917530656,0.24225676991,0.198506100103,0.157777993008,0.166892815381,0.362573478371
31,0.194995397236,0.204823468346,0.207057577092,0.175430954201,0.212383349892,0.190528528765,0.210070702713,0.160399611224,0.144950982532,0.200428324519,0.193171032239,0.363568314351,0.199220500886,0.203643115237,0.235721148551,0.204942736775,0.218024838716,0.206940680742,0.165053334087,0.242368051782,0.19613484852,0.156875889748,0.161818172783,0.361802492291
32,0.193480404094,0.179328329861,0.201227568788,0.174411887187,0.171394431381,0.188014993211,0.18015349214,0.193758331705,0.188472058624,0.159383065766,0.160748950671,0.363639423624,0.196541985497,0.200343230739,0.230276765302,0.203989647329,0.212485896423,0.205804724246,0.158874226734,0.240172768012,0.185430359095,0.154890622944,0.162528090179,0.363307133317
33,0.19494715007,0.194658597931,0.177242969861,0.175202421378,0.200650538318,0.207741036778,0.182061204687,0.164254269795,0.187498514075,0.222407432739,0.197201169562,0.360556254163,0.201501371339,0.204925298691,0.236462462693,0.206709485501,0.221492394805,0.212113749236,0.167545486242,0.24605480209,0.193835105747,0.159880166873,0.16143332608,0.35627232492
34,0.197715917137,0.16855617566,0.212010504445,0.216126677347,0.191042818944,0.202877977397,0.179774568183,0.19167423551,0.172560176463,0.210117210634,0.182916860795,0.355455060489,0.202864574268,0.207464896142,0.238685702905,0.209307219833,0.221870489419,0.210679156706,0.168605500832,0.248230505735,0.199301701039,0.160294570029,0.165147099644,0.353266101331
35,0.199320728891,0.207849698141,0.199345012894,0.214608834125,0.217494802549,0.203203505371,0.20117748389,0.198375693522,0.195589259965,0.21117734164,0.204529391602,0.352427319624,0.205485356972,0.20930233784,0.241070309654,0.209498200566,0.226077206433,0.214442597702,0.170986955985,0.249724863097,0.201980819926,0.161193469539,0.167687626556,0.349806461483
36,0.200970089529,0.188592732651,0.188701592037,0.209008955862,0.199716962175,0.194839680917,0.201070593903,0.194205843611,0.20667670574,0.182856356259,0.182918680366,0.348984101787,0.207441667095,0.211000528187,0.243027159944,0.211801175028,0.228788211942,0.216641345993,0.174133964814,0.25192335248,0.202445596457,0.163365578279,0.168724952266,0.346515323967
37,0.202282289043,0.204520461615,0.155624234932,0.233971163165,0.19390189671,0.146637206431,0.204082309967,0.166798196733,0.177757445723,0.189246314578,0.218231028412,0.345873914659,0.207900324836,0.21022814326,0.241472955793,0.211930269375,0.228623045608,0.21623792313,0.174398520961,0.251200439408,0.20350102894,0.16331689246,0.17205728218,0.343459907919
38,0.204620818608,0.192016414599,0.165961884428,0.228457115591,0.180066484027,0.195593682583,0.18701027846,0.19339267537,0.230686536524,0.205205360893,0.203578173183,0.342288580723,0.208990944549,0.212865486741,0.245849156752,0.214213319123,0.229475369677,0.216843122616,0.175556065515,0.252316746861,0.206546897069,0.165065124631,0.172309957445,0.340452995151
39,0.206699811388,0.221180303954,0.194388932316,0.197134559043,0.214812201215,0.202232101467,0.195645351894,0.193774126703,0.229788409546,0.190758013166,0.202954108943,0.338742505759,0.211297458038,0.213851515204,0.247576387599,0.214983040467,0.232272958383,0.219576690346,0.177330858074,0.255632085726,0.207424990833,0.165916077793,0.17271546647,0.33741171658
40,0.207579121925,0.196838444099,0.183908689418,0.219870822504,0.214656373486,0.18911774084,0.219611856155,0.180160412099,0.220164003083,0.184277119348,0.244543095585,0.336249567568,0.21317108348,0.215357024223,0.249085443094,0.215513411909,0.23401363194,0.221629878506,0.179316311143,0.25641990453,0.208665918559,0.167913429439,0.175396416336,0.334349203855
41,0.209595344495,0.192931062542,0.246554999612,0.180838024244,0.234322664328,0.203906510375,0.169510218315,0.233047446702,0.229902128689,0.194422187516,0.179954159306,0.333064410836,0.214805496857,0.218343619257,0.250465124846,0.219076681882,0.234489804134,0.221289839596,0.179505368695,0.259233802557,0.208688179031,0.169228944927,0.17713832669,0.331831969321
42,0.209137923084,0.203698889585,0.210266490933,0.209986840491,0.205763555365,0.210228373762,0.215270671295,0.199536304572,0.227088094223,0.207501457073,0.22124970681,0.331974097528,0.215262433514,0.217400379479,0.250852981582,0.217767870054,0.236143099144,0.223835695535,0.181430060416,0.258465705439,0.211156478152,0.168852292001,0.179524092004,0.329549703747
43,0.211285043508,0.206568490714,0.199006311595,0.210679513868,0.234229690395,0.230191054288,0.197646596003,0.200266746106,0.181697731372,0.209850694984,0.232858566102,0.329396057874,0.215347716585,0.218391556293,0.25346473977,0.220327461138,0.236240664497,0.219111243263,0.17905071564,0.260994426906,0.210419373587,0.166373033077,0.177004391328,0.327331535518
44,0.212725177407,0.208239479922,0.250933073927,0.211826735875,0.176704286132,0.209964076523,0.20870177052,0.210028803907,0.226352006663,0.212497175205,0.226566990372,0.325852562673,0.21813833341,0.221484376118,0.255656927824,0.223454203457,0.239493217319,0.225273579359,0.183420108631,0.262996025383,0.213797675446,0.170182663947,0.177005020902,0.324560265988
45,0.213317364454,0.15759340371,0.197310497519,0.200296079041,0.244506399613,0.230971668148,0.212722519413,0.173432239098,0.189734065207,0.206331532914,0.207463588333,0.324118511751,0.219688398764,0.221344549209,0.255721434951,0.221994174644,0.240878242999,0.227154862136,0.185266334563,0.263939574361,0.21445941925,0.171580284834,0.181303510442,0.322186667472
46,0.215480282437,0.173538961215,0.199750161264,0.232545542996,0.217274653725,0.237164447084,0.190270199673,0.204329850501,0.215204073582,0.19439506426,0.167423166917,0.321021928452,0.220921328291,0.222575478256,0.256552152336,0.22221269086,0.241306573153,0.22811244987,0.186029451899,0.263834666461,0.215778015554,0.172361403704,0.184261452407,0.319440115243
47,0.216980310157,0.218909936026,0.211649866193,0.228795986157,0.229924651678,0.201972913695,0.20664702775,0.198808824643,0.246857723221,0.225115421228,0.202697597444,0.318476765417,0.222594667226,0.224057251588,0.258858367801,0.225506046787,0.242962285876,0.229726681486,0.186679022387,0.267535354942,0.219257963821,0.173674801365,0.186684885994,0.316856194288
48,0.218105175067,0.194572211243,0.208138257498,0.229763997719,0.199264416238,0.203578901244,0.231479004957,0.194487869507,0.218579415698,0.206592055503,0.228581751697,0.316235927865,0.222610028461,0.226119846106,0.261314287782,0.226850513369,0.244829718024,0.231364363804,0.188189482316,0.26894615218,0.217501750216,0.17431939207,0.178909195587,0.315684400499
49,0.218721098732,0.197543666,0.215727880946,0.210834106896,0.217442405643,0.223175773863,0.207805239595,0.222261168296,0.211005959776,0.218622679822,0.192231030669,0.31395920366,0.224546406418,0.22700589709,0.261690840125,0.228834867477,0.245948582888,0.233539367095,0.190627142787,0.270123302937,0.221223566681,0.176532935351,0.186334708706,0.312660627067
50,0.22043472575,0.231695449445,0.23191420408,0.211189075373,0.209203782491,0.190852608299,0.225690521766,0.1908624114,0.2051758999,0.210433402797,0.246400295757,0.312146156095,0.225082233548,0.226516382769,0.262242656201,0.228586923331,0.246565438807,0.228926740587,0.188460406847,0.269643910229,0.222222575918,0.172863211483,0.189973458648,0.310401022434
51,0.22245488083,0.207495699637,0.218169896398,0.238176849205,0.214080570615,0.173583910684,0.245639133733,0.179579298827,0.21502511343,0.19452047837,0.200437197927,0.308661384508,0.227909129113,0.229295546189,0.265653297305,0.230878455564,0.248508598655,0.233213951811,0.192594736814,0.27357332781,0.223727371544,0.177781311795,0.190976709127,0.307416990399
52,0.224141418003,0.248521593865,0.196564700804,0.191437473055,0.25746434927,0.200726798968,0.198095301748,0.203156635747,0.190646982985,0.219263806473,0.233683125582,0.306137862615,0.228728536516,0.229938603938,0.267071321607,0.231199480593,0.248882308602,0.234364021569,0.190456403419,0.274122133851,0.2250443995,0.177018396556,0.191843317822,0.305451992899
53,0.224983278196,0.220807386097,0.256970819086,0.234578218777,0.209325666074,0.212899736827,0.233446069527,0.244116532616,0.233065080829,0.233188679907,0.192030470702,0.304365879856,0.229788882658,0.231639940292,0.26855366677,0.232286838815,0.251914940774,0.235695326701,0.194546757266,0.275002397597,0.225292203948,0.178996896371,0.190600952134,0.30295875296
54,0.226260562427,0.231808455661,0.196609316161,0.226111177122,0.231924933149,0.222177320626,0.201074632816,0.253849697299,0.237128040753,0.221008690307,0.225865425542,0.301942775026,0.231624381617,0.232537440956,0.269389275461,0.233352901414,0.253239035606,0.238824175671,0.195225134492,0.276499457657,0.226470369846,0.180915679783,0.194153161719,0.300718002021
55,0.22721314244,0.224766949192,0.224329228513,0.202270213398,0.226945641916,0.18798601313,0.209385259543,0.209295621957,0.240496822167,0.264430755284,0.184079114115,0.299811034463,0.233762158081,0.235220620409,0.271675996482,0.235861288384,0.256049390882,0.240693096071,0.196450328454,0.279124796391,0.229250850156,0.182097643614,0.195608023554,0.298418946564
56,0.22741765203,0.194710020674,0.214839756954,0.191381671233,0.250374544878,0.208879661048,0.260201428551,0.218051165342,0.224198538694,0.179986546282,0.227945112158,0.298620538786,0.233991192654,0.235840074718,0.272227641195,0.235705165192,0.256241358817,0.239577781409,0.197492681444,0.280015550554,0.229009333998,0.180115170777,0.19578673318,0.29703874141
57,0.229019816965,0.259765028954,0.247713414486,0.162557465956,0.240302972728,0.213809457608,0.251833978575,0.2050621456,0.225425085984,0.227362130303,0.240763659123,0.296471498907,0.23617621325,0.239263042808,0.274956457317,0.239971721545,0.256886661053,0.238602887839,0.198473157361,0.281708050519,0.232278248295,0.183075996116,0.200613675639,0.294650617987
58,0.231957799755,0.229937719181,0.183223058004,0.2275366002,0.218607441988,0.179378567263,0.250479364768,0.219210574636,0.237328998046,0.223236158839,0.253294926137,0.29304361064,0.236759139225,0.238930013031,0.276160635054,0.240045214072,0.259603720158,0.240244980901,0.200477978215,0.283547893167,0.229963511229,0.182091794908,0.196147853509,0.291904225945
59,0.232611719519,0.234711076831,0.207977130427,0.219652786385,0.194844714832,0.246286829002,0.20694771444,0.260699886829,0.193611942581,0.21448564576,0.231002549641,0.291014809161,0.238096680492,0.239770231768,0.277746923268,0.241299925372,0.260665886104,0.243417453021,0.201282596216,0.285022426397,0.232913209125,0.183644397184,0.197251752019,0.290275715292
60,0.233400363009,0.204636973096,0.216223492753,0.238910782151,0.237162776291,0.178328050883,0.194735306664,0.221018832526,0.270746209659,0.229516211431,0.264183113817,0.289583221078,0.239267066121,0.241646992043,0.279818616807,0.242810834199,0.263283476233,0.244820764288,0.201940858737,0.286138951778,0.23617997393,0.183812106028,0.198890766129,0.288147680461
61,0.236079255119,0.248175529414,0.245542967226,0.258869502228,0.209119325504,0.193629443645,0.203838649555,0.230935997795,0.203019780805,0.246185510419,0.271893727593,0.286553291604,0.240763964131,0.242767032236,0.279922086746,0.243752341717,0.263388827443,0.247105088085,0.202827295288,0.287303920835,0.235781341791,0.185319596902,0.202204998583,0.285908747464
62,0.236661928706,0.211888984195,0.249137201346,0.237217042129,0.256020756904,0.233807374723,0.271752402186,0.208839057479,0.225396161666,0.233006859431,0.202074726927,0.284691652283,0.241798439994,0.243392731994,0.281666878611,0.244684800506,0.265039730817,0.247190266848,0.205558206886,0.287821516395,0.23788960278,0.186871515587,0.20033028163,0.284124098718
63,0.238457892556,0.212375297328,0.214398557669,0.229332292452,0.224702427979,0.264091016725,0.231934608426,0.24712148495,0.201105015469,0.252393189818,0.223007536144,0.282397994772,0.243929121643,0.245989723131,0.284085277468,0.2474625092,0.267125125974,0.248647699133,0.207423496991,0.290373787284,0.238309649751,0.188676338643,0.202722053975,0.281708028167
64,0.239632487763,0.215525588719,0.248924389482,0.25250818301,0.268680628389,0.209267140599,0.190813779831,0.245197956101,0.238006426487,0.214730173233,0.227075621719,0.280420908704,0.245590383187,0.247465252876,0.285781707615,0.24901936762,0.269735112786,0.252940336242,0.208986956626,0.291532076895,0.239648351446,0.190599773079,0.203366175294,0.279900874943
65,0.240984327625,0.240625252714,0.199491337058,0.265268767253,0.25967222359,0.23462365102,0.230653921259,0.256340188556,0.232485763845,0.19530529622,0.222822266282,0.27861617133,0.248325448483,0.24992309697,0.288164064288,0.250923700631,0.271378893405,0.251584272832,0.21104468964,0.29495383054,0.244958285242,0.192038614303,0.209909459576,0.277612861246
66,0.242829611525,0.228902456816,0.15882240748,0.227430689498,0.278677238617,0.231632979354,0.241711932467,0.22175622615,0.241653658682,0.233560138848,0.266356441192,0.276626596227,0.247157905251,0.249178007245,0.288308687508,0.250306665897,0.271215017885,0.250411130488,0.209098218009,0.294721979648,0.240759424865,0.188849184662,0.204338876531,0.275933597237
67,0.244104912039,0.232208131347,0.261449936312,0.22585077351,0.216319192899,0.223615379538,0.25445624697,0.234856923576,0.22297480423,0.26424212195,0.284006185364,0.274534689263,0.248156849295,0.250608766451,0.288191143423,0.252491751686,0.270431615412,0.252026952803,0.210273951292,0.295963279903,0.244419328868,0.193356808275,0.209199113771,0.274866722524
68,0.244076516945,0.245908161858,0.266586252488,0.273864447605,0.24750903016,0.241366836708,0.238699269132,0.204860624159,0.155256616184,0.256577786524,0.273345266469,0.273563619703,0.249734761193,0.250372432172,0.290453068912,0.251879898831,0.272746905684,0.254012504593,0.214515388012,0.296914547682,0.242079552263,0.193941654637,0.205648699775,0.27231823653
69,0.246222439222,0.248201823793,0.231850071112,0.221798056038,0.237923956476,0.245539860567,0.266519377939,0.217295930721,0.255772612058,0.246347267646,0.191943967016,0.27090952266,0.252293588594,0.251780448481,0.2926091142,0.252031853423,0.276375107467,0.257753998041,0.215804003179,0.298217203468,0.24599506706,0.195794304833,0.211235214025,0.270720288157
70,0.247133164667,0.189699888928,0.246053873794,0.264998462517,0.253754122183,0.251854391769,0.236490531825,0.237373728771,0.229303484783,0.26046302577,0.227386656217,0.269757105038,0.252943277359,0.254769692197,0.294001847506,0.255417533219,0.276241768152,0.255956040695,0.215017970651,0.301512930542,0.246059481055,0.19569257088,0.210123129189,0.268864545971
71,0.248007441871,0.214449630352,0.243266514037,0.210535935359,0.246659679804,0.254135887604,0.266677435953,0.203583646449,0.249625200639,0.223913661786,0.202317177551,0.268377969041,0.254048623145,0.256936848164,0.296621683985,0.257237134501,0.277875445783,0.256078733131,0.215999891981,0.302916061133,0.249700177461,0.196631219238,0.210973938927,0.268112979829
72,0.249817275442,0.264092498925,0.236284677638,0.238318718504,0.253196660895,0.246933423914,0.21730713232,0.238861743128,0.240223790752,0.257225769572,0.25296869874,0.265867465176,0.254886724055,0.257406050339,0.296513095498,0.259089741856,0.278486799449,0.259276788682,0.216908272356,0.302932351828,0.250367211178,0.197487423196,0.213828584179,0.266321536154
73,0.246369943488,0.239314137259,0.243278189097,0.253878896125,0.251868189313,0.230472303927,0.217757806997,0.236716121901,0.230281405151,0.277870381949,0.253008368425,0.269565723836,0.250307725742,0.248909696937,0.290971610695,0.252877065912,0.273561771959,0.251557648182,0.212633006275,0.300135910511,0.247060438618,0.192509360611,0.211441935971,0.268763069063
74,0.243810940068,0.246686857194,0.221202231478,0.236310373293,0.238388415426,0.211878258269,0.227860350744,0.257472265046,0.277562027331,0.225178788882,0.26828529546,0.270062935539,0.252133237198,0.253428991884,0.294511392713,0.254943031818,0.276850495487,0.252297891304,0.216468954459,0.300359722227,0.246624166146,0.193995296955,0.209641065449,0.267208382487
75,0.248241134919,0.265864050016,0.225419399561,0.231792528881,0.235820315313,0.224414700759,0.259232171811,0.254580681212,0.199633108452,0.238581781276,0.260875215288,0.264966131188,0.255957428366,0.256887648255,0.297658283263,0.26103358157,0.279423493892,0.257806284353,0.219539517537,0.305170349777,0.252428479493,0.196514384821,0.218075726181,0.263072874397
76,0.252983756829,0.216484142118,0.275356091559,0.239504648838,0.260888059158,0.240253037773,0.191395006375,0.272071203683,0.305268384516,0.192516510142,0.274462392088,0.260762706399,0.257108662277,0.258190581575,0.298773162067,0.261001072824,0.279633987695,0.25891681388,0.220152264461,0.305095870048,0.252826217562,0.19822380878,0.21750228107,0.260263878852
77,0.253847115673,0.278882162645,0.233332877047,0.246276739519,0.222328298492,0.244055386866,0.202507428359,0.207597052911,0.236953015439,0.218885568203,0.256132961717,0.258774572983,0.260510217398,0.26241341047,0.302999902517,0.263926332816,0.286129210144,0.261466564611,0.22469451651,0.308983407915,0.257003176957,0.200247421861,0.219301121309,0.257949721068
78,0.25527395634,0.258946616668,0.268331362866,0.200175168691,0.236041998956,0.234732682351,0.250069564674,0.293340038974,0.291505916044,0.233663437422,0.225679395255,0.25688484218,0.262170702219,0.263058174402,0.303602170199,0.265062853694,0.286514189094,0.264989351854,0.223990343511,0.310899917036,0.257038742304,0.20110697113,0.221935087815,0.255960382521
79,0.256784824654,0.243119951803,0.263381301891,0.231692409609,0.246909020469,0.213169804891,0.280024185777,0.290124371648,0.226503159851,0.253961346578,0.239194306079,0.255276677199,0.264887608588,0.266063369811,0.306874450296,0.268469978124,0.289594631642,0.268293567002,0.228219209239,0.314110465348,0.260901650414,0.20470216684,0.222819482908,0.253971248865
80,0.259592627175,0.271182685625,0.313534760848,0.220169766573,0.229271202348,0.224509166554,0.218345158268,0.277282028459,0.246766108554,0.224134216085,0.261766773183,0.252639149316,0.265776846558,0.266852693632,0.308692302555,0.268367890269,0.291249159724,0.267915563658,0.227857114747,0.315147679299,0.259557897225,0.203870568424,0.222805868834,0.252135496587
81,0.258357923478,0.229541391367,0.263523942325,0.235078887315,0.275116839912,0.274363831151,0.269752528518,0.280244620983,0.216421089368,0.23589667445,0.273797895294,0.252828309312,0.265955466777,0.267884226516,0.309619490057,0.269150711596,0.292612988502,0.268803361803,0.227720487863,0.315414607525,0.260130021721,0.203149158508,0.218678703532,0.251849129796
82,0.26076797815,0.286810404155,0.285451013362,0.250393544673,0.297932696063,0.237051764387,0.297649704386,0.216212678934,0.265361709637,0.25309690251,0.241890694946,0.250255785882,0.267470750958,0.268179146573,0.310134898871,0.26980615966,0.29359209165,0.268301006407,0.230144502595,0.31586561352,0.261656567454,0.20567128621,0.223995512351,0.249700255692
83,0.261916934513,0.270249158144,0.304185030051,0.270949676866,0.267570029944,0.252568632364,0.247733108816,0.22287044907,0.290902237408,0.294376660138,0.219077935908,0.248611863703,0.269188284874,0.271057931706,0.312465198338,0.272739779204,0.293841928244,0.268728269264,0.231327109039,0.31896552071,0.264632156119,0.207058161497,0.22722700797,0.248122189194
84,0.264292691369,0.272486023605,0.214551066048,0.263149922946,0.24885666545,0.213471627794,0.259802340996,0.230939872563,0.230617823312,0.25147814001,0.266812097281,0.247251538094,0.26890418306,0.270238541067,0.313229884952,0.272759243846,0.295559063554,0.26937594451,0.230470962822,0.318521272391,0.263560598716,0.205065255985,0.224074358121,0.246789451689
85,0.265398767777,0.294897418935,0.252668713685,0.229219687171,0.249099770561,0.280287757982,0.287863962818,0.2822920857,0.290647181217,0.231348206522,0.284271865152,0.245383372065,0.270738095045,0.271425260231,0.314573727548,0.273237323388,0.296564970165,0.270093999803,0.232800846919,0.320332631469,0.265253795311,0.206573532894,0.227671453729,0.244579343125
86,0.267013678327,0.284543007612,0.260944655165,0.248692990746,0.28862178605,0.26104515465,0.256203568541,0.296700287145,0.270177810453,0.23244551965,0.230830640066,0.243052482605,0.273775335401,0.272976908833,0.316841918975,0.274096224457,0.299613099545,0.275385677814,0.236177412793,0.323369760066,0.267496775836,0.209934510291,0.230071809143,0.242604449391
87,0.267078797333,0.261750037316,0.265151051804,0.273875315674,0.264505420811,0.209275371395,0.266035609879,0.238603124744,0.25257303915,0.241485443665,0.289360788651,0.242337389849,0.274089019746,0.273297602311,0.318121835589,0.274572053924,0.300770204514,0.275508467108,0.23573586531,0.324344180524,0.266672907397,0.208995325491,0.228884292766,0.241154199466
88,0.269133718684,0.277482062578,0.271283827722,0.290204636054,0.267889635172,0.266484797699,0.297222198453,0.257944091223,0.247113944963,0.284034769516,0.258620603359,0.241219791118,0.27448605746,0.27521802485,0.319461178035,0.277841266245,0.299909114838,0.272239001468,0.237062660977,0.326888266951,0.270751737058,0.209643593058,0.232141235843,0.241136355326
89,0.269832437858,0.26769180689,0.227470065933,0.279858049937,0.29131802218,0.240916993236,0.261689537205,0.27995485859,0.278170056175,0.245260089636,0.288445838261,0.239517040085,0.275900762528,0.275135682896,0.319398399442,0.277688184753,0.302992399782,0.275594323874,0.238123567775,0.325636193156,0.270880674943,0.210233760998,0.231747472659,0.239043129608
90,0.269445240498,0.285415006336,0.294405641034,0.211000237381,0.269969010376,0.255124931224,0.249678745866,0.256460421719,0.24888253957,0.223612621659,0.282469216734,0.240743441507,0.270359341055,0.271174885333,0.316392932087,0.274596888572,0.295820917934,0.263181615621,0.227260915563,0.325526975095,0.266950890422,0.202330442145,0.22625217028,0.245036747307
91,0.261583043728,0.22258740291,0.262138754595,0.233837636653,0.271521472372,0.23546999367,0.257464238792,0.256540177157,0.26236387575,0.293991398998,0.280629511923,0.246952190995,0.268047563732,0.271756147966,0.31460827589,0.27040782012,0.29274314642,0.270889692008,0.231390170753,0.321186300367,0.263948867097,0.204267121851,0.225236417726,0.247147317976
92,0.257168469019,0.250857072417,0.215742771979,0.24139317451,0.19599562604,0.215476746904,0.249580920208,0.242480095942,0.242183122784,0.258516374277,0.258212976856,0.250102323946,0.267360914499,0.269870925695,0.31404588744,0.273570869118,0.294610060751,0.268492937088,0.22297264263,0.32609949261,0.262990491465,0.201495135203,0.218116534874,0.245870349929
93,0.2615567022,0.207811920438,0.223494612845,0.241851293948,0.189925975399,0.312583800405,0.274514982942,0.246645045001,0.27770999074,0.253209991148,0.241724656196,0.245100204367,0.267511300743,0.269509036094,0.31618103385,0.272078704089,0.293350733817,0.260959653184,0.225139129907,0.323875278234,0.256268054247,0.198896411806,0.213045526296,0.243156498298
94,0.264659454115,0.268090551021,0.269733598921,0.253847456537,0.242977055721,0.268950155471,0.241919408087,0.274595569121,0.235962534091,0.249881182797,0.227199831977,0.240874491166,0.271157938987,0.273376125842,0.318823736161,0.276309642941,0.292979735881,0.270148087293,0.228746596724,0.325639970601,0.26510778442,0.206262392923,0.22413594462,0.239608520642
95,0.265753575601,0.278744573705,0.246454564389,0.275229161605,0.271577528678,0.242740147281,0.258691724157,0.251469788142,0.219331177883,0.267084121238,0.276000935584,0.240631467663,0.268635414541,0.277805775404,0.321444809437,0.281001122668,0.296737786382,0.260931685567,0.231558786705,0.328583452851,0.269595734775,0.207764972001,0.212350947782,0.24221168831
96,0.265677716117,0.273573135026,0.226050945465,0.254213571781,0.263071321417,0.192163136322,0.222777204355,0.281018350273,0.288600448985,0.225912625901,0.226560680312,0.238890889101,0.276066824794,0.277600314468,0.323013938963,0.278964182362,0.302644286305,0.2774897255,0.236149860546,0.329789053649,0.272199168801,0.209404017776,0.232382316142,0.236061003059
97,0.271247047,0.262860803399,0.294255153742,0.237342883484,0.271126196254,0.219223021064,0.255415658467,0.270505922846,0.232128897682,0.228766412707,0.306730867364,0.234312220942,0.278996001929,0.279556658119,0.326224952936,0.282661203295,0.305836822838,0.278893139213,0.241732580587,0.330996509641,0.278777224943,0.213215438649,0.236929953098,0.233125239611
98,0.274134454317,0.270041291602,0.252238386543,0.290336298291,0.256526950747,0.293555720244,0.216983476421,0.256394536002,0.28380267357,0.25142288371,0.262807095423,0.231648886111,0.282402854413,0.283033184707,0.329045657068,0.285952819511,0.309494227171,0.282542098314,0.243776261806,0.335120428354,0.280323527753,0.214352590963,0.240828812122,0.23026320152
99,0.275641326793,0.242215245496,0.28129000403,0.207941055065,0.25099383574,0.245327456389,0.323576881085,0.236203232082,0.310251872987,0.275788428029,0.243327237549,0.229739884846,0.284140095115,0.284435484558,0.331479776651,0.287008440122,0.311694424599,0.282625176013,0.245247077197,0.337221376598,0.278388690203,0.21401390247,0.23820474185,0.228721432388
100,0.278919706587,0.301122756675,0.274529286195,0.251905396115,0.247088954435,0.26408460224,0.264701651176,0.269120563287,0.326421291567,0.267470668303,0.25243634358,0.227731799241,0.285554662347,0.284367410466,0.330723956227,0.287224117666,0.311314515769,0.285631600767,0.24712122418,0.338308718055,0.28114432469,0.218325145543,0.242971472442,0.226717779413
101,0.281916851178,0.281833035871,0.284286109265,0.251784620807,0.265704534948,0.246316164266,0.316658603493,0.243385152891,0.29084834177,0.281810220797,0.254893859848,0.224919683766,0.287482619286,0.28584452346,0.335178587586,0.28891434148,0.314824603498,0.285129778087,0.249137274921,0.341545052826,0.283441293985,0.216867411509,0.242701604962,0.224843775854
102,0.281586509198,0.311481300276,0.259685956873,0.254873551661,0.272723036353,0.300790995825,0.267103543039,0.296910628211,0.261018143734,0.28622969985,0.267301392043,0.224610821344,0.28914045915,0.286908311769,0.336452782154,0.290112463757,0.317130602896,0.287098456174,0.250695522875,0.342440538108,0.287752255797,0.217668637633,0.246543541551,0.223678966984
103,0.282560529187,0.291002353653,0.287205226021,0.262980749831,0.246704709716,0.280613168608,0.256964058033,0.284963747021,0.277820403688,0.258749078494,0.259105460718,0.223120937124,0.289840653539,0.287816550583,0.337272621691,0.290321636945,0.316042345017,0.28725039959,0.250986859202,0.342418920249,0.285099960864,0.219341024756,0.245329003781,0.222333388403
104,0.28414462693,0.282952753361,0.219927075086,0.274292076007,0.263086552732,0.249405630631,0.269680811092,0.302867051214,0.238455415121,0.242159263231,0.252836298663,0.221944560297,0.291123479605,0.287535566837,0.337032593787,0.292077867314,0.318068258464,0.290074199438,0.252681165934,0.342788327485,0.287452155724,0.22169300355,0.249363191426,0.220783416182
105,0.287244542502,0.253137900727,0.273861540016,0.20388082345,0.310380754061,0.277856410481,0.267542650457,0.239362591645,0.296555677429,0.302958087064,0.26901126001,0.21935899416,0.294222768396,0.291810026392,0.340242378414,0.295205887407,0.321885086596,0.292102947831,0.25580609031,0.34671247378,0.288831178099,0.22354503721,0.249815728515,0.218870511279
106,0.287389590405,0.26520872023,0.249147972558,0.266902755015,0.28193844948,0.277766756946,0.295478068292,0.295916525181,0.271643911023,0.252309891628,0.262471216731,0.218766081147,0.296434648335,0.294428182766,0.342344120145,0.298008562997,0.323445223272,0.294164855033,0.258245062083,0.348902098835,0.294025758281,0.22581847012,0.255716497079,0.217848626897
107,0.289649683051,0.319111444987,0.297718204558,0.22872741241,0.308062867261,0.285851959605,0.31781168934,0.290219896007,0.250959052821,0.237269821111,0.315442430787,0.21731294645,0.295758388937,0.2936507985,0.343414034694,0.297420691699,0.322243116796,0.291207678616,0.256966486573,0.348406720906,0.294094966725,0.22359370254,0.253904495388,0.216894585639
108,0.29059136752,0.291354968678,0.310829633847,0.268532563001,0.244062406011,0.278650746448,0.259594654432,0.260594418971,0.285956457723,0.291459282394,0.269411012065,0.216029320378,0.297387294471,0.295635545626,0.344776630402,0.299065094441,0.326275862753,0.295514419675,0.258903635666,0.350303951651,0.291191408411,0.225988944992,0.250284545124,0.215762425214
109,0.293071287684,0.246430613333,0.280883811414,0.297230262542,0.268021447351,0.283700148575,0.302322993986,0.29672808107,0.294125096872,0.277598540066,0.28753310116,0.21401631739,0.30108409375,0.298526506871,0.347258776426,0.301379561424,0.328541915864,0.298496883363,0.262755621225,0.35321130231,0.298350611702,0.228736339137,0.259812230244,0.214131433517
110,0.295334359631,0.308163342066,0.254480274743,0.280061957892,0.294399467297,0.237461196724,0.306209754664,0.329552079085,0.31697016512,0.272486661794,0.253282223828,0.212306222413,0.301955863833,0.300732890144,0.350378021598,0.30418407917,0.331458251923,0.299634139985,0.262927275151,0.355684597045,0.295987255871,0.228814078495,0.252591459081,0.212646666914
111,0.295143011026,0.27516910038,0.274222326465,0.287139550317,0.295820009429,0.305311061442,0.262562711025,0.246564983157,0.246142395539,0.280440547504,0.28778964607,0.211962080095,0.301446959376,0.298774810508,0.348676841706,0.302486279979,0.329701445997,0.299478296191,0.262747790664,0.354385424405,0.29504920356,0.228053219616,0.254112822935,0.211497638375
112,0.297537244856,0.282943333499,0.300931272795,0.242957129842,0.30650118785,0.298660470173,0.258837725618,0.256009865087,0.285863508936,0.292644905858,0.324125385843,0.210223610047,0.30437451601,0.301335882396,0.351542662829,0.304681971669,0.332352440804,0.300951655954,0.265149459243,0.356340337545,0.300209756941,0.23041476123,0.260711027309,0.210071483627
113,0.297322673723,0.280073933303,0.241151775001,0.276952715591,0.281170482165,0.300341663416,0.268805240514,0.240758981789,0.30469815759,0.288374789059,0.341491085477,0.209751815069,0.30573271215,0.302585991099,0.353788636625,0.305272832513,0.334121070802,0.303064838052,0.268348844722,0.358288742602,0.300387512892,0.233196519315,0.258293122053,0.209406781942
114,0.300230633467,0.285397917498,0.265678346157,0.323217355181,0.341749817366,0.283212691545,0.276401099283,0.282138645649,0.336190829985,0.278492768062,0.331627492327,0.207798999269,0.307475436479,0.304837346077,0.355972133577,0.308051757514,0.336506687105,0.304100692272,0.269047997892,0.360020857304,0.302634101361,0.232508148998,0.260615078732,0.208082539961
115,0.301772302948,0.310949397273,0.279252264882,0.245095391525,0.289681553375,0.315569588449,0.267779305577,0.298061096109,0.280508443015,0.279097369406,0.298494373914,0.206390766893,0.308015160263,0.305976996198,0.356699671596,0.309773569927,0.336465168744,0.303618725389,0.268681352958,0.361807718873,0.303572082892,0.233193604276,0.261954724789,0.206876257434
116,0.302582351491,0.266711600474,0.286553293699,0.262253667926,0.285768521251,0.249944652431,0.271821016446,0.301761821378,0.313397783786,0.326835121959,0.294084320776,0.205772425979,0.307794313878,0.305088503286,0.356619913131,0.309150958434,0.336826950312,0.303688541055,0.269511308521,0.360596254468,0.303228277713,0.232379416004,0.260048463941,0.206170987338
117,0.303230515681,0.28727597557,0.30141741829,0.293815208133,0.261687525082,0.325618950184,0.271868668729,0.291062052362,0.308535787743,0.24864672171,0.289167825598,0.204491819721,0.311845973134,0.309233944863,0.359853450209,0.312582524493,0.340146407485,0.307812642306,0.273198505864,0.364412937313,0.307941256091,0.23637515679,0.267570916563,0.204461341724
118,0.304310207255,0.265168946004,0.265581769403,0.329232001211,0.317546907114,0.294512027409,0.314601292135,0.297654766357,0.276155255502,0.263562680688,0.288092880044,0.203909581527,0.311236109585,0.308107726276,0.360422037542,0.312186498195,0.34025355801,0.305438157171,0.271913239732,0.364472646266,0.306413913146,0.23425819166,0.265004733577,0.203486070037
119,0.307124562562,0.317285195459,0.304058287758,0.317593896762,0.311238166876,0.322858859319,0.250019417377,0.322569796816,0.254710657289,0.310194573365,0.354327311274,0.20186394034,0.312711529434,0.309333898127,0.361184451729,0.313142264262,0.341480467469,0.307155765593,0.273450883105,0.366641633213,0.307822793722,0.235266229138,0.267818968743,0.202371466905
120,0.307402514853,0.28516925592,0.260641049361,0.273861246184,0.347698485944,0.291134813335,0.32609331375,0.321042826399,0.282095242757,0.314860559534,0.263728235383,0.201161195058,0.315477598459,0.312734162435,0.363895826042,0.315728113055,0.344914097339,0.311199020594,0.276964126155,0.368539445102,0.309764008969,0.238682473078,0.268362857401,0.201253654435
121,0.309412573464,0.29223654978,0.335754971486,0.318003639113,0.256156523712,0.294958696701,0.307498504873,0.320135805756,0.277126943693,0.269328927621,0.34379866207,0.199715466239,0.316978041083,0.314225928858,0.365519423038,0.317286526784,0.346547212452,0.313595630229,0.277883922681,0.36968703568,0.311696238816,0.23973020725,0.270537799224,0.199953438714
122,0.309486113489,0.297464191914,0.255297166063,0.262140554609,0.309849048033,0.321374072228,0.319167256821,0.280467531644,0.299218392931,0.289196415106,0.336276106071,0.199440385215,0.318319719285,0.315481470898,0.366772785783,0.318333683535,0.347681872547,0.312212917954,0.280149441212,0.372236378491,0.312614127994,0.240561485291,0.272355973721,0.199095912278
123,0.310220933519,0.320328524802,0.337504795752,0.30270863953,0.323527534027,0.244053105824,0.249342816882,0.336319115944,0.296630011871,0.29615761037,0.259224391775,0.198802103288,0.31960728392,0.317431317642,0.369100216776,0.321226458997,0.349363058805,0.314819071442,0.279264323413,0.373391121626,0.314065523446,0.239887397736,0.272359831259,0.198310652748
124,0.313867204823,0.331380625255,0.331020100275,0.291397149675,0.300268458435,0.259647783823,0.315299640177,0.330157171004,0.278671208071,0.276627625339,0.311785409227,0.19654130796,0.320493739098,0.317474544048,0.36973702535,0.320458358154,0.35066422075,0.316495530307,0.282683331519,0.374107617885,0.3136712946,0.244026349857,0.272501409054,0.19696337916
125,0.315077957697,0.291567275301,0.303088983055,0.333686785772,0.316573581193,0.296034516767,0.274280940415,0.328324265312,0.296020612586,0.358214799315,0.301676800242,0.195436286274,0.321306619793,0.317344799638,0.369982689619,0.321460578591,0.350814443082,0.314682096243,0.282718241215,0.37446596846,0.317191697657,0.243655741215,0.277005787939,0.196285976097
126,0.314353768714,0.246050652582,0.319830958266,0.320494693704,0.324980770703,0.323375709821,0.347703366075,0.289356514346,0.312541982159,0.338937849738,0.288394803181,0.195514585357,0.321569282562,0.316799161956,0.370745215565,0.322099251673,0.350266054273,0.314701531082,0.281764030457,0.376000054181,0.317848423496,0.242733487859,0.277379708365,0.195675587282
127,0.316359052435,0.309947778471,0.263706961065,0.310648132348,0.312849992421,0.292724549305,0.310046057217,0.304577467963,0.297077316325,0.313039974077,0.313337604981,0.193943063729,0.324375096709,0.320305228233,0.372734136879,0.323874088004,0.353446085006,0.317597579211,0.28520023264,0.377464022487,0.32216456905,0.245769405738,0.282859779894,0.194461889565
128,0.318606903777,0.253234740812,0.327457767446,0.305764378747,0.356692422181,0.32337623206,0.288953598123,0.309922994114,0.330175369047,0.311272391584,0.291696524713,0.19276829157,0.326654490083,0.322684621438,0.375496424735,0.325688997284,0.356634702533,0.321050293744,0.287292290479,0.37964746356,0.324712090194,0.247153030708,0.284476835281,0.193609802052
129,0.318095322698,0.331849301234,0.339555418119,0.290027878713,0.266134280479,0.324021283071,0.350444738753,0.281727231806,0.302778700134,0.311766630504,0.325394854881,0.192033635918,0.32783678174,0.325040334836,0.377224259079,0.328713176772,0.357739746571,0.323863998055,0.289178743958,0.382244955748,0.322535399348,0.249494835734,0.28064943105,0.192718207836
130,0.31989379786,0.342270306777,0.348079614341,0.311914042104,0.290159785654,0.290783972014,0.295796860941,0.29988426296,0.345660310239,0.320839805296,0.294859407935,0.191180149093,0.327366832644,0.323311973363,0.378136638552,0.32771609351,0.358062904328,0.321226287633,0.289699062705,0.381060160697,0.322717586532,0.247695770115,0.280469797552,0.191429160535
131,0.323185003363,0.362172669265,0.32308424497,0.279560879106,0.291571331676,0.311037956271,0.327896420145,0.342019300908,0.326496971538,0.279550722567,0.337960137287,0.189096535556,0.329004194587,0.325004335493,0.378619737923,0.328832030296,0.358598042279,0.322859972715,0.29016126506,0.382730774581,0.323966525495,0.249943219125,0.283936295658,0.19004008919
132,0.32308789622,0.347368581686,0.320471312385,0.335672416259,0.320528023411,0.323471909855,0.308008966502,0.313030295074,0.308711124817,0.338696387131,0.283460355597,0.188825876918,0.330767359585,0.326401246712,0.38099482283,0.330538352951,0.361714418977,0.325162466615,0.291488850489,0.385235544294,0.323766224086,0.250663846731,0.281033724546,0.189435614273
133,0.324550043792,0.308946975041,0.25106932153,0.349300194997,0.323731059209,0.290250812657,0.33587705018,0.315570042236,0.280495659914,0.268215661868,0.333472861908,0.187680427916,0.331938441843,0.327594568953,0.381317719817,0.331806657836,0.363158818334,0.325889825821,0.294966766611,0.385304037482,0.326550768688,0.251612583175,0.284045293927,0.188541792333
134,0.326463297941,0.29746777378,0.350702913711,0.352497682907,0.309953263262,0.334925187286,0.287101675989,0.267668966437,0.313803769182,0.323827187996,0.315247044899,0.186608594377,0.333221230656,0.329573633149,0.383079305291,0.333391208202,0.363785836846,0.325745392591,0.294561631978,0.387129016221,0.327885236591,0.2521568425,0.287524390966,0.187739076093
135,0.327264031395,0.270744998939,0.32682887977,0.284185623052,0.330121768173,0.370765561704,0.330197928473,0.33378709387,0.299765977543,0.316488834564,0.327699982096,0.185613128822,0.335128810257,0.332217764109,0.386091876775,0.335521191359,0.365754719824,0.327480696142,0.295930676162,0.389019563794,0.329700149596,0.253662547097,0.287521939725,0.187081014737
136,0.328699842095,0.35185414087,0.27194101247,0.350800732151,0.348081325181,0.337434881832,0.351241864264,0.34246953344,0.331733189058,0.338847803883,0.303290520329,0.184775338974,0.336209025234,0.33162737079,0.386690758169,0.334558786824,0.366959262639,0.330167863518,0.297405246645,0.389256644994,0.330266963691,0.253933899105,0.289970524609,0.185701809824
137,0.330479605123,0.296910018194,0.314859277103,0.322944710497,0.299297379563,0.314884553663,0.316120925359,0.300397715764,0.279300380498,0.351143773645,0.262121750042,0.183496671263,0.337060097605,0.333368051797,0.388310175389,0.33701745607,0.367820110172,0.327284343541,0.297405680642,0.39205166325,0.334552615881,0.254619399086,0.294039607048,0.185154099017
138,0.323957377113,0.351990312804,0.293398259673,0.302334368229,0.27018175181,0.313428801019,0.336612633895,0.285778769525,0.316931829788,0.30607034103,0.358458690811,0.188740888145,0.322880428284,0.326557695866,0.382552165538,0.330084206536,0.349707391113,0.307837188244,0.282682482153,0.384313266724,0.330038547516,0.243020595983,0.281106781214,0.194159286097
139,0.313629753888,0.271755926311,0.323841253994,0.274213852827,0.290482405573,0.301770960446,0.311363247689,0.339273238555,0.297085575294,0.26852972561,0.343446511775,0.195916590281,0.313153661788,0.318599959835,0.367468748242,0.319904476404,0.340729150921,0.302275896072,0.274492416531,0.380415890366,0.299885213375,0.230839738622,0.258215084672,0.200996981934
140,0.309646564536,0.283130730502,0.293465537485,0.244505716953,0.344089391641,0.301719441079,0.297118387651,0.330615071114,0.291751959361,0.295202049892,0.324750327505,0.197623895481,0.321004401892,0.317568480968,0.375297449529,0.320086151361,0.350845962763,0.307803783566,0.282840378582,0.383924152702,0.316189862788,0.236054247245,0.270949494094,0.1933110971
141,0.316171254031,0.246507353615,0.331617136486,0.238570948364,0.368793149944,0.320534689352,0.353122609667,0.317110465374,0.306879817974,0.310999576468,0.334628238808,0.191971858963,0.327194951475,0.322177298367,0.378286719322,0.328647462651,0.355440247804,0.313877422363,0.28802244179,0.387157447636,0.323506399989,0.243295863271,0.282305864617,0.189194766805
142,0.321778903715,0.334061587229,0.300097688101,0.272357638925,0.312039881945,0.322979212971,0.309512402397,0.355032600462,0.363216126803,0.281288469909,0.243456973694,0.187652447727,0.332357831299,0.325880981982,0.384156994522,0.329192128032,0.362895168364,0.321100354195,0.292088938877,0.390035811812,0.33049736172,0.245498685166,0.29081235081,0.185641996562
143,0.326243068092,0.358517167624,0.269729889464,0.24391015782,0.325294678565,0.333478016779,0.388500592671,0.298441524385,0.302525148494,0.262657641433,0.321966294665,0.184662010055,0.335930328816,0.330443086103,0.388852071017,0.335357163101,0.367715589702,0.328222658485,0.299890710041,0.393440496176,0.330388057977,0.253890177235,0.282184468582,0.184010289609
144,0.328830189072,0.294215556001,0.295818482758,0.308764886577,0.268283206271,0.339213250671,0.351979939267,0.296688729897,0.321277067065,0.361405963078,0.357820026577,0.182660220657,0.338228076696,0.332718810067,0.391777914017,0.336351726204,0.370073854923,0.327236492187,0.301831807941,0.394094184041,0.334736697376,0.253308253363,0.291547048837,0.181511489674
145,0.330392049626,0.319183138665,0.331365951803,0.303330069873,0.289638912538,0.322309120093,0.294035525993,0.317390058655,0.347978232661,0.312598956749,0.32565928367,0.181295969058,0.340785805136,0.335300501436,0.394589174539,0.340100517496,0.372768305242,0.328841481358,0.301827233285,0.397811654955,0.338036958128,0.253796834499,0.294150192291,0.180294295773
146,0.334250469692,0.307265832322,0.247480857652,0.347548211459,0.315048564225,0.310999964364,0.315108160023,0.346947201993,0.327457486186,0.320924209896,0.333755271975,0.179430558346,0.343570876867,0.339840842411,0.396210119128,0.344558805227,0.375333424658,0.332267612219,0.306617932394,0.400032307953,0.33917728439,0.260002044961,0.294442724437,0.179638309404
147,0.337678770535,0.334779584548,0.340603560675,0.307976251002,0.336755054537,0.322875358164,0.330408702139,0.341927362606,0.335863700602,0.276043500518,0.378127664328,0.177506753709,0.344823226333,0.34024784714,0.397120460868,0.344743642956,0.376710202545,0.337632462382,0.307559696957,0.401002086699,0.33631805703,0.261711774394,0.290929220617,0.178055763245
148,0.337324213237,0.315177010372,0.32655591052,0.341552627971,0.333747657947,0.314636553172,0.337959269527,0.334489250556,0.313186461572,0.32549000904,0.337566163624,0.177362155635,0.345255479217,0.339027466252,0.399014998227,0.344053905457,0.377438325435,0.334746830165,0.307161921635,0.401675913483,0.340401109308,0.259358072653,0.29643182829,0.177276322618
149,0.340609443374,0.275969199836,0.299896762241,0.303492270876,0.317586766323,0.356383439852,0.277932270896,0.377252179198,0.403619484045,0.328774406109,0.31514376821,0.175527298357,0.348162874579,0.341198803857,0.400735333562,0.346003344283,0.380293376744,0.335727933794,0.310755478218,0.404139563441,0.346037413925,0.260281015188,0.303395140916,0.176196007058
150,0.338971571997,0.364588004537,0.340914972592,0.351979637751,0.34085125709,0.317361623514,0.364203476347,0.31706763641,0.37915693596,0.336967199109,0.321673418861,0.176138524897,0.347878009081,0.343755749986,0.401666324586,0.34852094762,0.380526196212,0.333971269429,0.308548221365,0.403498377651,0.343041848391,0.259615020826,0.298803646117,0.175785681233
151,0.343400452286,0.342720147688,0.380435703089,0.341790699866,0.350568839815,0.327446382027,0.28444280033,0.322569525335,0.276344601996,0.280634521507,0.347655500751,0.173911014106,0.350560843945,0.345032008365,0.403651900589,0.349661102518,0.383017152548,0.33940897882,0.308692065999,0.406749881804,0.344044264406,0.26151971519,0.300514012575,0.174570547417
152,0.344900617376,0.296082443092,0.314906619489,0.339990299195,0.355842792429,0.300837654155,0.316246717237,0.287404409377,0.320985515136,0.398110616021,0.349239341449,0.172733559273,0.35187432915,0.346475757658,0.404969863594,0.350777074695,0.384278357029,0.341557919979,0.313564043492,0.40754814446,0.347182400525,0.263881634921,0.303639661521,0.17370137386
153,0.345599143766,0.297710404499,0.336254940368,0.33253872185,0.356266679708,0.295998216607,0.32728027273,0.338889929466,0.325184582733,0.286893798504,0.362464692444,0.172126696911,0.352921810001,0.345751428977,0.405861455947,0.351217897609,0.385506752878,0.341617267579,0.315027736127,0.408575259149,0.348208352923,0.26482626982,0.306073732674,0.172456473112
154,0.348608965985,0.315604110947,0.321896047797,0.348297270015,0.288649730384,0.360697629862,0.350102365948,0.322196673835,0.340656185523,0.345731482375,0.311004363932,0.170396823436,0.355445992202,0.349186303094,0.408191919327,0.353502107784,0.388013679534,0.345460131764,0.318025628105,0.410422477871,0.351699370891,0.26822565496,0.308609947562,0.171489952132
155,0.350370738655,0.337934029289,0.330091500189,0.315899091074,0.350005910266,0.366365912836,0.341496950481,0.361851974856,0.359043768607,0.355869058985,0.351079502143,0.169569406658,0.357154060155,0.350177144632,0.409534782171,0.355058958754,0.389608826488,0.345417745411,0.319019600749,0.411921955645,0.35282465443,0.26835484989,0.312177576125,0.170799255371
156,0.35055894684,0.326624821406,0.359000654891,0.34974693507,0.290623190813,0.37720909901,0.345276322216,0.32535891654,0.357819416095,0.323978553992,0.321870095097,0.169020756148,0.356970869005,0.350807089359,0.410752046853,0.355255194008,0.389781855047,0.344428073615,0.319571342319,0.413095179945,0.3517331779,0.267221579328,0.309010349214,0.169865548611
157,0.351117124781,0.368220832665,0.317740410566,0.37574165687,0.300812424161,0.386200253852,0.33232038701,0.314493832178,0.301244310103,0.336399652995,0.346645203885,0.168556575198,0.358200006187,0.351578861475,0.41150161624,0.356187989935,0.391648825258,0.348338276148,0.320513185114,0.413151890039,0.350482624024,0.270299714059,0.306873679161,0.169525567442
158,0.352910193615,0.306751621887,0.329815737205,0.374395380728,0.374706624076,0.330604224466,0.345235396177,0.35875059315,0.386690025683,0.278510790085,0.368940827902,0.167327498086,0.360824987292,0.354336995631,0.413846138865,0.358419092372,0.393843583763,0.350229211152,0.322291243821,0.416477676481,0.355486918241,0.271383356303,0.313846364617,0.16840875335
159,0.355181968771,0.358928647824,0.33689776808,0.369138930924,0.336677177344,0.342075935565,0.37244484527,0.296175655676,0.293162997346,0.355163200758,0.32695483556,0.16626079008,0.361099783331,0.354660084471,0.414915673435,0.359265549108,0.394247740507,0.350407455117,0.323179423809,0.415939290076,0.355601411313,0.271628161892,0.313049543649,0.16787195392
160,0.354646184482,0.336473574862,0.377599610481,0.35556736798,0.389756843913,0.378101141192,0.309548734687,0.355023003416,0.364382775966,0.343401959166,0.343686625594,0.166345854755,0.364008743316,0.357359943911,0.416941843927,0.361097224057,0.396928329021,0.351086702198,0.327082041651,0.418945148587,0.358208656311,0.274761728942,0.317474134266,0.167194273323
161,0.357831421308,0.371404118836,0.306125106756,0.35907556396,0.357932239072,0.331018622499,0.374512307812,0.297604192048,0.351137836464,0.321172867436,0.340338268317,0.164989041165,0.364234395325,0.35726314038,0.418179750443,0.361092254519,0.397170975804,0.351872328669,0.327203191817,0.420710299164,0.359564773738,0.273414118215,0.316944222897,0.166405402124
162,0.358265224844,0.375816271175,0.319594134111,0.361769579817,0.308371616993,0.296786376275,0.355115603656,0.348532901146,0.345367548987,0.39217696432,0.374140670989,0.16428672662,0.365747939795,0.359417650849,0.419007960707,0.365042347461,0.398636519909,0.353026244789,0.326013734564,0.42127327621,0.359981615096,0.273958528414,0.318587109447,0.165756283328
163,0.357859640382,0.378371034749,0.379495074507,0.332971492549,0.344309195876,0.353095631115,0.320542941336,0.36892353138,0.310881576035,0.336860757321,0.34545287583,0.164546768647,0.366573881358,0.3600387685,0.421471502632,0.364498032257,0.400156665593,0.354470700026,0.328252585605,0.422690410167,0.364511027932,0.27542546019,0.321039129049,0.165020730346
164,0.35876670666,0.339653068455,0.370585306082,0.392877651844,0.354434903245,0.297722771997,0.353768594097,0.371934853494,0.400001332164,0.336515493225,0.29945895588,0.163849327713,0.365492459387,0.358973413706,0.420452840626,0.366015322506,0.398365881294,0.35163179785,0.328744720668,0.422231703997,0.360282693058,0.274711616337,0.31591315195,0.16451879032
165,0.361186863855,0.324750988511,0.323803360574,0.394376365468,0.335430584149,0.327665985096,0.37783761695,0.346060564276,0.381065653637,0.341327453731,0.414164613001,0.162582298741,0.367351662368,0.359505333006,0.421799391508,0.366317616776,0.400981031358,0.356584854424,0.3302459158,0.423962119967,0.358695529401,0.277340395376,0.314637448639,0.163944812492
166,0.361706889234,0.41220105812,0.351573837455,0.374552244321,0.264635533327,0.3700632127,0.284503373783,0.373519392684,0.328351735137,0.327773661353,0.363315873779,0.162318683229,0.369413755834,0.361699523404,0.423944912851,0.365858687088,0.402700960636,0.355245821178,0.331551447511,0.425506528467,0.366413250566,0.276233609766,0.325124226511,0.16318240203
167,0.363759557717,0.313326700823,0.40185089875,0.335796194151,0.314113782719,0.371251250152,0.390616857912,0.349984902423,0.350198320579,0.347097743303,0.347421043552,0.160940677859,0.370635870844,0.363794814795,0.425406489521,0.369670722634,0.404094405472,0.355018407106,0.331800857559,0.427374426275,0.367194537073,0.276179585606,0.324975118041,0.162434369326
168,0.364592784084,0.337967236526,0.379223493394,0.309851669706,0.357720258646,0.366277225781,0.353036818095,0.344845637912,0.328655941878,0.333562987857,0.311901336536,0.160833997186,0.372530195862,0.364931877702,0.42698931694,0.371108688414,0.406131003052,0.357558988035,0.334046322852,0.430249527097,0.367903113365,0.278622675687,0.326167386025,0.161916052923
169,0.365018942393,0.386476923246,0.358088361099,0.359771106858,0.384000429418,0.37247328274,0.384039087221,0.303574769059,0.371498359833,0.35516741965,0.383922498673,0.160432654899,0.373342748731,0.364808773622,0.426659177989,0.370069919154,0.405644815415,0.359651617706,0.336391102523,0.429566491395,0.370000787079,0.280793813989,0.32944265753,0.161240601912
170,0.364445060492,0.347087145783,0.301947132684,0.361614136258,0.286855748855,0.364950212184,0.330716519151,0.386756803375,0.33147306554,0.37499614479,0.417730121873,0.160455822945,0.37395073846,0.366728207096,0.429340738803,0.371295500547,0.408372920007,0.360899429768,0.33864312619,0.431199390441,0.366026263684,0.282270411029,0.321900773793,0.1607896965
171,0.367180684581,0.339745942969,0.310103724245,0.396379781887,0.385794858448,0.375750697218,0.382024027873,0.399932487868,0.301128842402,0.429909620434,0.272624360863,0.158928759862,0.375599827617,0.368771050125,0.430938053876,0.373676711693,0.409833423793,0.361899677664,0.339094419032,0.432261470705,0.370882932097,0.283153844997,0.327141463757,0.159738838673
172,0.370170461945,0.366406369954,0.357999220025,0.387460753322,0.369458209723,0.277817510767,0.335422360105,0.382729498204,0.32523591374,0.419660423417,0.368460343685,0.157422732096,0.376822978258,0.370004488155,0.432292573154,0.376037117094,0.410448286682,0.363073609769,0.340920768678,0.432519063354,0.373398564756,0.284216912463,0.329855389893,0.159134313464
173,0.373025730252,0.357233506627,0.357949302066,0.364397550933,0.353862388991,0.326145940693,0.401879914105,0.318452534033,0.410434376448,0.319463573163,0.328721198253,0.156136373989,0.377306304872,0.370093150064,0.433232463896,0.375654052943,0.411341484636,0.361360542476,0.337871994823,0.43430878222,0.372383039445,0.281289003789,0.330142781138,0.158180480823
174,0.372377269901,0.391978520434,0.310960364062,0.35601299163,0.398247860838,0.368442339357,0.381288213655,0.386042709928,0.35942557361,0.333278838778,0.392020908417,0.156050946563,0.378756720573,0.37180723995,0.433902274817,0.377373522148,0.413062024862,0.363427393138,0.340825535357,0.436250820756,0.370101328939,0.284155199304,0.326941803098,0.157554650679
175,0.373456913047,0.377763487864,0.291690242477,0.397876319941,0.277162000537,0.36876066518,0.386446217541,0.414490745403,0.390260655433,0.319108106662,0.361875142902,0.155257268809,0.380405761302,0.373348101974,0.435717146844,0.378521841019,0.414357170463,0.364322580397,0.343373086303,0.437745947391,0.375735916197,0.28480440937,0.33401235193,0.156881079078
176,0.374494533986,0.360000759596,0.386289984453,0.346275738208,0.376159640495,0.342518045567,0.406376536004,0.36906420067,0.368177682161,0.361769462703,0.385389973875,0.15509475721,0.380330804735,0.372567530721,0.43612267077,0.377265181392,0.415457293391,0.363930903375,0.342273361981,0.437652923167,0.374079734087,0.283994112164,0.331411100924,0.156517829746
177,0.375987797976,0.30640677223,0.333049101057,0.364735980984,0.386088477913,0.369100582786,0.304932866711,0.369659885298,0.379287241958,0.372713163495,0.394131190144,0.154122472741,0.381196595728,0.372814344242,0.436458848417,0.379393849522,0.414972759783,0.363894637674,0.345238249749,0.439150825143,0.378608517349,0.284113362432,0.336351048201,0.156145008281
178,0.375781945884,0.357624580152,0.372300040442,0.322058988968,0.408192447387,0.370181303471,0.386943884194,0.372626304161,0.364266941324,0.33851871104,0.333823043853,0.154057079926,0.383329540491,0.376826029271,0.439300827682,0.382341491058,0.417528685182,0.365969590843,0.34704278782,0.440857801586,0.376365859061,0.286375353113,0.335113443434,0.155275553465
179,0.378771468997,0.386796405539,0.386473183054,0.395947872661,0.36656148918,0.34428836219,0.404812750872,0.331400118303,0.345436496194,0.330057355808,0.396490580402,0.152612895239,0.384580757469,0.376642815769,0.440458651632,0.3824881576,0.419197503477,0.36930514127,0.348840273917,0.441667672247,0.378745291382,0.288743466139,0.336208920926,0.154491510242
180,0.379340663552,0.392125004902,0.336678334046,0.354614592157,0.297881691251,0.369188202079,0.378353968263,0.337529870914,0.369961811695,0.409538187087,0.362143494654,0.152023856994,0.387195952237,0.3796694763,0.44272717461,0.385438088328,0.421393401921,0.3718216829,0.349997386336,0.444504011422,0.383112166077,0.291403798386,0.342013519257,0.15380592458
181,0.381289266981,0.407845145091,0.348293477204,0.351783686085,0.317528882297,0.395585195161,0.380056946073,0.393760184757,0.352779332781,0.401629490778,0.305146384984,0.151272973977,0.387467633933,0.379135940224,0.443138599396,0.385195028037,0.422220662236,0.370823632926,0.350910648704,0.444633059204,0.384077560157,0.289776254445,0.341934088618,0.153276111931
182,0.383646718226,0.389437214006,0.403319426812,0.356524107978,0.391326535493,0.336531090084,0.371422979049,0.405173317995,0.439238255844,0.312005988555,0.40207457263,0.150193126872,0.387647338212,0.378469482064,0.443058863282,0.384927077219,0.421986501664,0.370288446546,0.351637031883,0.44508389011,0.382331151515,0.290312808007,0.340087432414,0.152718845755
183,0.382059346884,0.355897689704,0.362030150834,0.367743256269,0.356920750346,0.391322274692,0.340206278488,0.347646802198,0.374388971366,0.423530342989,0.403028715402,0.150579580572,0.389360204339,0.381392963231,0.44487356022,0.388009075075,0.423862148076,0.372144505382,0.352369572967,0.448211621493,0.382886279374,0.291136356071,0.340521257371,0.152369106188
184,0.383008382283,0.34918295918,0.373321183026,0.403802463785,0.37226354517,0.391710574739,0.390639828285,0.364837325644,0.396209553815,0.390259551816,0.270367708523,0.1503365268,0.389905169606,0.380796708167,0.445198096335,0.38847309351,0.424187902361,0.373433724046,0.354061823338,0.447160646319,0.384641066194,0.29244691506,0.342136088759,0.151468107477
185,0.383857105859,0.408565688878,0.350998510141,0.355887932703,0.316528938012,0.365255427081,0.368097324856,0.405800964218,0.38042824436,0.399027838372,0.402537209913,0.14969352074,0.392050728202,0.385061077774,0.448710400611,0.390747763216,0.427836392075,0.376373436302,0.355861105025,0.45017112419,0.384653996676,0.295156599954,0.340870756656,0.151234744117
186,0.384218143299,0.371657891199,0.403665071353,0.326140224934,0.361647476442,0.308575632051,0.39098758786,0.394717629068,0.44142019283,0.32713788189,0.379246956669,0.149473863188,0.390908937901,0.381907984614,0.447123959661,0.388566441834,0.42618842423,0.374105092138,0.355508171022,0.447529919446,0.384769789875,0.292546341196,0.342695374042,0.151067804545
187,0.38579364866,0.358587237308,0.317627730081,0.340054933913,0.348166767508,0.416581710335,0.384443984367,0.38505201973,0.385245063342,0.396577660926,0.40792731801,0.148689199239,0.393154133111,0.384300585836,0.449445661157,0.390327904373,0.427551023662,0.37541905418,0.356185778975,0.44998748973,0.392200123519,0.295876255259,0.349982962012,0.1504026521
188,0.387003230862,0.403016451746,0.389762885403,0.273955288809,0.408774594776,0.352701010182,0.340245888568,0.337328840047,0.351646579802,0.355092927115,0.402419459075,0.148023483343,0.394610833377,0.384866476059,0.450471308082,0.391705967486,0.430440060794,0.379301067442,0.356291141361,0.453081090003,0.385858621448,0.295495633036,0.342745348811,0.14959946461
189,0.387663798407,0.393402892165,0.427606794052,0.367381481919,0.388606305234,0.335588317132,0.396174647845,0.354854102945,0.306556766853,0.358899217099,0.353119279258,0.147772128228,0.395042870194,0.385662794113,0.451882071793,0.391310110688,0.430418651551,0.378893297166,0.358201157302,0.452633909881,0.386930692941,0.296484025195,0.344169579446,0.149244815111
190,0.388588115573,0.3249816061,0.389987696894,0.359983599279,0.354805296287,0.406253170688,0.396277300082,0.44008830376,0.394175962079,0.373970444314,0.380943952128,0.146722088568,0.397424958646,0.389104045928,0.45441525802,0.39471115917,0.43310239166,0.381775740534,0.361488942057,0.455683894455,0.390816189349,0.301277084276,0.34685273841,0.148670474067
191,0.39169047866,0.353825944476,0.400930080563,0.332197947893,0.330084205372,0.301071061287,0.416986106895,0.351484433515,0.418627325911,0.334496103693,0.420181429014,0.145743748173,0.397437963635,0.387996047735,0.454894326627,0.394832413644,0.432591550052,0.378688640893,0.362406790257,0.455240320414,0.394282896072,0.29747752659,0.351596914232,0.147670747712
192,0.392680472694,0.341210010694,0.34617679636,0.413880455308,0.345916253515,0.346492079087,0.427554666996,0.339107235894,0.344980024267,0.382932109758,0.411422003992,0.145340932999,0.396815072745,0.387563008815,0.45477797091,0.394506152719,0.432432517409,0.374879229814,0.36175744608,0.455669298768,0.389669504017,0.295748140663,0.346404630691,0.147518210113
193,0.391170968302,0.373305295594,0.444433111697,0.338998231106,0.38238993613,0.399115425535,0.337083488703,0.381917812862,0.396227243356,0.416207417846,0.385612297338,0.145495864563,0.399808909744,0.390738356858,0.457957353443,0.395398266613,0.435133460909,0.379774808884,0.362146701664,0.458932820708,0.394798889756,0.298115108162,0.352919939905,0.147187884897
194,0.39155776985,0.384975939058,0.379222878721,0.366202760488,0.389292525593,0.339696967043,0.391979487147,0.385981015395,0.340978204273,0.356528659584,0.383443473373,0.145558509044,0.400111429393,0.391580060124,0.457546643913,0.399041172117,0.435535792261,0.379337433726,0.364088051021,0.458858154714,0.394018009305,0.298423400149,0.351417042315,0.146709261462
195,0.395881218836,0.43385976553,0.339685633546,0.394784161821,0.404457938857,0.432265628129,0.371873567812,0.37056895718,0.332812460139,0.343493267894,0.366197776748,0.143589019775,0.402237474918,0.393099680543,0.459393456578,0.399028148502,0.437632314861,0.384583458304,0.36529713124,0.45972179994,0.397073201835,0.303228514269,0.355378553271,0.145729664713
196,0.396882826462,0.363264938816,0.403768617893,0.397241215687,0.371944553684,0.394953143783,0.382887962274,0.36712545855,0.375864931848,0.365330841858,0.402448364999,0.143264937215,0.403643433005,0.394278559834,0.460203312337,0.400938872248,0.438724581152,0.384716965258,0.369355153292,0.461008723825,0.3996890001,0.303966585547,0.358726866543,0.145057728514
197,0.397854172625,0.441758037545,0.414707114454,0.340174581157,0.398306124844,0.39780652523,0.33702447149,0.444474443793,0.417644361965,0.360456302296,0.363275803393,0.142399344593,0.404751643538,0.395651411265,0.461544808,0.402906347066,0.439727339894,0.383922964334,0.367181174457,0.464231122285,0.39967738837,0.302141427994,0.358328018337,0.144693126902
198,0.399490092881,0.345611690544,0.41897521168,0.365384188015,0.352005332708,0.39577065967,0.393543711398,0.376141745597,0.390071533155,0.370529457461,0.384435620159,0.141585512552,0.406214177608,0.396765641868,0.462806604803,0.403712034225,0.441671513021,0.386884320527,0.371743079275,0.464414466172,0.399306073785,0.305044787005,0.358360938728,0.143921319395
199,0.401152809151,0.394936201628,0.407534347381,0.402771096677,0.434906116687,0.368187718326,0.439620250836,0.405958672985,0.382825922221,0.409205028787,0.357869731728,0.140903459862,0.406290389597,0.397575844079,0.464823242277,0.403210412711,0.442620798945,0.386614408344,0.370179101825,0.463168282062,0.403107788414,0.304029246792,0.359847679734,0.143537826836
200,0.402162307873,0.377438976895,0.429153005127,0.298467825167,0.352141369367,0.420155814849,0.395126283634,0.410515387543,0.386553275399,0.411518056877,0.369455081876,0.140482756775,0.408394284546,0.399736437947,0.465617302805,0.404258899391,0.444984681904,0.388986963779,0.373223043978,0.464612096548,0.407300360501,0.307617859915,0.364126104861,0.143275167793
201,0.403973878361,0.333229596727,0.343923429726,0.439274499658,0.413869574666,0.359308893094,0.47140591871,0.404479943216,0.396722557489,0.414303921862,0.39025794575,0.139846367761,0.409158937633,0.399812616408,0.465926356614,0.407519485801,0.44480086118,0.389075491577,0.375853631645,0.46654978767,0.40445259586,0.308093760163,0.362263694406,0.142925044522
202,0.405093931593,0.426722552627,0.445166121237,0.403024744242,0.388832994504,0.367119110189,0.334082608577,0.396490935236,0.363477058709,0.412342036143,0.398726265877,0.139196595177,0.410556353629,0.40103039518,0.467697203159,0.406716372818,0.446597848088,0.38952948153,0.375813819468,0.46854814142,0.405339092016,0.308590462431,0.363798152655,0.142001651227
203,0.405278271064,0.436879036948,0.344792678021,0.408405070193,0.382618830306,0.419514231384,0.420060591772,0.39641850139,0.395726536401,0.429078307003,0.429560313001,0.138912173919,0.41156347841,0.401319760829,0.469082228839,0.408223565668,0.447659801692,0.389899957925,0.376939557493,0.469756342471,0.409425791353,0.308977499604,0.367249175906,0.141592815518
204,0.408594709821,0.420864286833,0.387481808662,0.405221765861,0.409666751511,0.367723997682,0.454602066427,0.418107778765,0.396282785572,0.415909335017,0.364206330385,0.13758268021,0.413489904255,0.405355960131,0.470931969583,0.411274228245,0.4493143484,0.39346408844,0.377588704228,0.472412768751,0.409180663526,0.311248281971,0.368745982647,0.141124051064
205,0.408699414693,0.413629407994,0.34544848185,0.396020980552,0.385451734066,0.399178570602,0.384628590196,0.377891980112,0.413374128984,0.363919105846,0.381924956571,0.137659113854,0.412751119584,0.403235442936,0.470566831529,0.409333940595,0.44897929579,0.392621841282,0.377291221172,0.469605028629,0.405617959797,0.309110147879,0.362898964435,0.140901383013
206,0.398241983727,0.398466380779,0.39470680058,0.329650991363,0.456726122648,0.342817208497,0.410887880251,0.350524161942,0.353612981038,0.325971583836,0.39616222959,0.143984821159,0.408114451915,0.395471952856,0.467192769051,0.402701448649,0.44272993505,0.383168160915,0.368579220027,0.468489710242,0.408601943403,0.298690930009,0.367783330381,0.143333276734
207,0.40202119574,0.417066909373,0.392141132848,0.364463195205,0.399793369696,0.3981954786,0.396404604428,0.372375972569,0.401899521705,0.387527620886,0.401796835475,0.140779518522,0.411322239786,0.401209741831,0.470633555204,0.408215686679,0.448065288365,0.388347748667,0.376206248999,0.471360038966,0.406873740256,0.306567167863,0.363597285002,0.140876846388
208,0.407276842743,0.358216615161,0.409823880065,0.404587434605,0.435993779451,0.434019471519,0.366873390507,0.339093451854,0.439202395268,0.399331857217,0.361622468103,0.137573402841,0.416196871549,0.406291741878,0.474350098521,0.414161350578,0.452070523053,0.394081115723,0.378525506705,0.475089181215,0.412333086133,0.311176508665,0.371352102607,0.139172652736
209,0.413663139567,0.42086148262,0.338726076297,0.44008887466,0.432483124547,0.334930303972,0.409198731184,0.411048448179,0.407836945727,0.403006730601,0.390575759113,0.134996274952,0.419339418411,0.408986791968,0.477422170341,0.415811263025,0.456512153149,0.398309610784,0.386107403785,0.477773811668,0.41348882392,0.315135974437,0.369648493826,0.137771632522
210,0.41635575518,0.379100809107,0.466033732519,0.409910920542,0.391582801938,0.373262171634,0.395109037869,0.382654462475,0.416664464399,0.357009504922,0.374029530678,0.133758079726,0.42071967572,0.410565055907,0.479739833623,0.417209003121,0.457480821759,0.396691970527,0.387227490544,0.479930378497,0.414412569255,0.314458943903,0.372018896043,0.136489378288
211,0.41883819364,0.416186431423,0.425786742941,0.398512755986,0.425173800439,0.36408847128,0.361725216033,0.365271538496,0.42069973168,0.413143646903,0.353730689734,0.132532017305,0.422970268875,0.412715952843,0.481894548982,0.420431792736,0.460237622261,0.39863121137,0.390644934028,0.482008066028,0.418758291751,0.316947925836,0.376535508782,0.13574077934
212,0.418431177735,0.429966133088,0.411292590667,0.408016831148,0.383061809,0.465782779269,0.334005738841,0.470450208522,0.401233528741,0.470296843909,0.426367267501,0.132786795963,0.424954112619,0.414125848562,0.483656983823,0.421012658626,0.461541585624,0.400679573417,0.390764646232,0.48340876773,0.421138446778,0.318841069937,0.380358230323,0.135228469968
213,0.420668574981,0.389105299255,0.411373200361,0.42455714941,0.369607638568,0.430380356498,0.338742356282,0.44876577938,0.468226832338,0.418837398291,0.344650465529,0.13175260229,0.427380274981,0.417522765696,0.486978854984,0.42439417541,0.464887354523,0.4037614353,0.392756782472,0.485357515514,0.42155496031,0.319803602993,0.379935804754,0.134601036087
214,0.422420086339,0.424030505586,0.351727174595,0.415070477873,0.435834289528,0.454157604603,0.427758022211,0.355717107654,0.432283929549,0.397976426408,0.377156256698,0.131019904744,0.427876200527,0.416557021439,0.486083142459,0.424507770687,0.464800897986,0.403387855738,0.394351020455,0.487372022122,0.423741493374,0.319984920323,0.382290851325,0.133635815233
215,0.4258749336,0.340733032674,0.421595699154,0.434247560799,0.354574028868,0.396024851594,0.454082754906,0.422832180746,0.419136330485,0.395656970795,0.395742525347,0.129651407711,0.430154059082,0.418795350939,0.48914867267,0.425481434911,0.46732828021,0.405725561082,0.397161755711,0.49015731737,0.425665613264,0.321976389736,0.383853800595,0.133094336838
216,0.423988946714,0.414029352367,0.358761518262,0.472860683687,0.461003153585,0.414131601341,0.442918198183,0.370747689856,0.359893374145,0.46307206247,0.375733417924,0.130246351706,0.432063065469,0.42164188996,0.49114689976,0.428035207093,0.468769840896,0.406408846378,0.397661287338,0.490399844944,0.429104823619,0.322964318097,0.388390630484,0.132340362296
217,0.425752671435,0.370914875297,0.402914091013,0.397876624018,0.4322735155,0.363671378233,0.439089970663,0.447166890837,0.345383027568,0.412805781467,0.460984956473,0.129706052132,0.431816395372,0.41869758442,0.490864384919,0.427488360554,0.469126172364,0.406722083688,0.40070194751,0.49066439271,0.425401959568,0.324751414359,0.383702524006,0.132144693285
218,0.429580833763,0.35740650259,0.424511427525,0.444762923755,0.409610094503,0.419068533927,0.430741955526,0.450963940471,0.413246166427,0.427124777809,0.431455569342,0.12804905395,0.435176353902,0.424398582429,0.494598019868,0.431096818298,0.472623951733,0.409747853875,0.402825471014,0.493370484561,0.429200612009,0.327487297356,0.388397157192,0.131213717163
219,0.428361340426,0.425494289491,0.492707991973,0.447187216952,0.425071156584,0.409436567686,0.328825224889,0.423249852844,0.425784593914,0.365305334795,0.38878265745,0.128298758529,0.436148885638,0.424123682082,0.495609145612,0.4323278144,0.473019689322,0.407935481519,0.404025517404,0.496331997216,0.431663289666,0.326053839177,0.389230705798,0.130687473342
220,0.431624448858,0.444566525519,0.391511323629,0.401012757793,0.395660975017,0.475268935785,0.376668480691,0.439828835893,0.404786623549,0.383335593622,0.430257175583,0.127126343781,0.438053421676,0.426098026335,0.49850063771,0.433235988021,0.475697200745,0.410201787949,0.406502097845,0.49722482264,0.435487523675,0.32729973644,0.393717285246,0.130083620548
221,0.431262510829,0.435041315388,0.471447833348,0.410940613598,0.404917372391,0.449596699327,0.426347517408,0.422111317283,0.385704270564,0.463398864493,0.463149874471,0.127070185728,0.438646871597,0.427934668958,0.49936586991,0.435068752617,0.476574465632,0.410392448306,0.406006231904,0.497411720455,0.435356948525,0.328426390886,0.393294967711,0.129610655829
222,0.432708175853,0.438949587289,0.396641056519,0.45391714666,0.409140445292,0.408717412502,0.406104662688,0.408545596991,0.46810004022,0.411568178795,0.348834401462,0.126879211515,0.441817328334,0.430644221604,0.501518592238,0.437892705202,0.479039363563,0.416500769556,0.40997896716,0.500866051763,0.435263786465,0.33197760582,0.394983064383,0.128444112837
223,0.437699036673,0.388039582409,0.436300288886,0.430535786785,0.388377265539,0.393634619191,0.427254397422,0.468794737943,0.470854899846,0.415775146801,0.435160999186,0.124650485348,0.443133782595,0.430003557354,0.503229208291,0.437303114682,0.48042126745,0.416390825063,0.409417178482,0.501953806728,0.439852442592,0.329982239753,0.399454127997,0.12807504274
224,0.436423882842,0.440717400052,0.387298983987,0.442885012366,0.432215985842,0.439357742667,0.417259024922,0.429067989811,0.388248436153,0.418605976272,0.396729906555,0.125135778449,0.443468652666,0.432952675968,0.504252366722,0.43916073069,0.481710866094,0.415587533265,0.411537546664,0.503615640104,0.441356562078,0.331289231777,0.398842331022,0.127863951027
225,0.438000789843,0.416238540318,0.412955540232,0.480300187133,0.421125917695,0.447678997181,0.41964174388,0.430197000504,0.434752896428,0.44755888544,0.375857583713,0.124733200064,0.444328900427,0.432659182698,0.505975291133,0.439389795065,0.483236793429,0.415140256286,0.414371237159,0.504379577935,0.437808059156,0.33241244033,0.394397497177,0.127241495997
226,0.440969096497,0.363756534876,0.329101435374,0.395077471156,0.472790370695,0.434102769941,0.387768487446,0.436275419779,0.387070199475,0.448847000487,0.381751019973,0.123158215545,0.448420431465,0.435412719846,0.507886476815,0.44253975898,0.486004058272,0.42090054974,0.419497299939,0.506296064705,0.441672347486,0.337434858084,0.399772234261,0.126557469368
227,0.442670996301,0.447964559309,0.521319364198,0.369619514793,0.415027525276,0.390181773808,0.432942696847,0.455272921827,0.420408057282,0.460729715414,0.437777933665,0.122640865389,0.447780225426,0.434483658522,0.507959470153,0.441840980202,0.485939625651,0.418817311525,0.417476508766,0.506102148443,0.446091525257,0.335794940591,0.405456829816,0.125626957044
228,0.44352670759,0.400933939964,0.468535719439,0.408558467403,0.408847108483,0.400866863318,0.446544788778,0.452095046639,0.349181663012,0.413953887532,0.437350801658,0.122047514189,0.450110055506,0.437673181295,0.511365555227,0.444708459079,0.489605005831,0.421125054359,0.419302351773,0.509891718626,0.445276442915,0.337869293988,0.402005217969,0.125409824774
229,0.446323565207,0.443353399634,0.46328163892,0.435758313164,0.440664218739,0.407194908708,0.424574323464,0.40690320963,0.467699732631,0.436689788476,0.46598612424,0.121285887668,0.45127081871,0.438338462263,0.511791646481,0.445333532989,0.489583328366,0.421825062484,0.420940514654,0.51033962518,0.447252195328,0.339126002043,0.40693647787,0.124754196033
230,0.447198415175,0.485278668813,0.445679063909,0.363679719623,0.406508098124,0.43772530742,0.464086163789,0.436801898293,0.46486726217,0.41854861984,0.437584340572,0.121054742252,0.45221106708,0.438750401139,0.51196141541,0.447804071009,0.490097925067,0.420782256871,0.422688446939,0.512502025813,0.446334931999,0.33942405507,0.407353974879,0.124128559604
231,0.450029268861,0.469803628512,0.485666871071,0.481800337322,0.433879372198,0.452672558837,0.461364473216,0.435578933917,0.452808417846,0.454540407285,0.464967126492,0.11984236096,0.454929187894,0.441194027662,0.515664510429,0.448214970529,0.493386808783,0.424126874655,0.424279414117,0.514351818711,0.451196752489,0.341077607125,0.410648442805,0.123422477394
232,0.449532319792,0.43157952372,0.472589674406,0.432987071108,0.475146735087,0.349774406757,0.393181972206,0.437657786533,0.408449627459,0.463333372027,0.423253846355,0.119939257391,0.454583454877,0.439421284944,0.516306817532,0.447426233441,0.494450960308,0.42378012836,0.421192452312,0.514275316149,0.450762104243,0.336132932454,0.408105447888,0.123473022133
233,0.449252963066,0.409423871897,0.465953015257,0.462713260204,0.411400663666,0.416660898365,0.389131468022,0.401149979793,0.46366995573,0.454792437144,0.390249188058,0.119797145249,0.457497950643,0.44365895167,0.518633596599,0.452227935195,0.495174344629,0.426530212164,0.429107617587,0.516151752323,0.454423189163,0.342997524887,0.413050163537,0.122370798141
234,0.450883795507,0.431023637298,0.480189433321,0.404920578934,0.449701333418,0.446058905683,0.444813368842,0.451749159023,0.483220518567,0.376843066886,0.404965246096,0.119634658797,0.45735103637,0.445227988064,0.519072517753,0.453068725765,0.496551238,0.42705231905,0.427759554237,0.518444359303,0.446703501046,0.343324832618,0.404706340283,0.122259188443
235,0.45408374723,0.452474325895,0.436349514872,0.442886831239,0.414453546982,0.422830812633,0.411188946106,0.391175635625,0.404951683711,0.429302078672,0.431937239133,0.118115650024,0.461132254452,0.446913186461,0.521374441683,0.455231018364,0.499865189195,0.428038720042,0.43091385439,0.520686008036,0.457598041743,0.344355195761,0.419463813305,0.121291813441
236,0.455191721208,0.509436167777,0.433821119834,0.363937467802,0.429923163727,0.464295045473,0.419919646345,0.418327274732,0.443742939737,0.415037210565,0.365517456084,0.118058816297,0.460502743721,0.446527514607,0.522304445505,0.45358030498,0.499673847109,0.427167013288,0.432260088623,0.519835829735,0.458078797907,0.345532029867,0.417359374464,0.121489649639
237,0.456781637855,0.386969245505,0.418316032737,0.439453236293,0.491937433369,0.413288630545,0.411345955916,0.434309518896,0.436385163572,0.433625316713,0.40616464708,0.117279840168,0.463361009955,0.449520204216,0.523604996502,0.456076279283,0.501955255866,0.431754037738,0.435174819082,0.523019962013,0.458385493606,0.348513510078,0.419403556734,0.120305498131
238,0.459265807644,0.480326603167,0.510295882821,0.473605898209,0.502626888454,0.42982309428,0.463005310856,0.397095304215,0.431315032765,0.412708889227,0.455441545695,0.116235628026,0.46476488933,0.450600106269,0.52657905221,0.458234749734,0.503292776644,0.432878624648,0.437655162066,0.52471684292,0.461379855871,0.349945921451,0.420662686229,0.120232908987
239,0.460433453321,0.413322173292,0.36213065451,0.453365365043,0.449749435298,0.424326196313,0.44427866023,0.476899920031,0.425119745079,0.484053088352,0.427938878536,0.115961832693,0.466818153858,0.45306956023,0.528378769755,0.460568021983,0.505770567805,0.434303380549,0.439128771424,0.526213057339,0.464110322297,0.35199265182,0.423348691314,0.11945439782
240,0.462337668054,0.449050294468,0.466170247644,0.447225239594,0.472677233629,0.445614120923,0.457165830303,0.424209250603,0.376667425968,0.472513423301,0.439187488053,0.115505575901,0.46605528146,0.451578799635,0.527193233371,0.459723316133,0.505353208631,0.434516496956,0.439382992685,0.523156564683,0.461476195604,0.351695533842,0.420837819576,0.119014474563
241,0.463317747228,0.43239781959,0.401646511164,0.498309979215,0.416111717932,0.467412009835,0.40686663799,0.430742165074,0.514097355306,0.445412464906,0.447261194699,0.114697499899,0.46899818629,0.45526118204,0.531397864223,0.461991004646,0.508002765477,0.434867702425,0.440166447312,0.529409695417,0.466676712036,0.351229272783,0.425405498594,0.118427052163
242,0.464176885784,0.345752432011,0.414071729407,0.492241514847,0.462614176795,0.455385752954,0.474969356321,0.476954329759,0.460605795495,0.404170123627,0.410727971233,0.114360953914,0.471482191235,0.456770204008,0.533334448934,0.465070523322,0.511373177171,0.438677318394,0.443034879863,0.530507147312,0.469725992531,0.354322653264,0.429229762405,0.117850404233
243,0.466552385129,0.43795520626,0.480785619467,0.471227433067,0.515195381828,0.470921897795,0.456580244005,0.452753563412,0.417594715953,0.490768961608,0.488321850542,0.113786690868,0.470881707966,0.456055406481,0.534056328237,0.462403990328,0.511272102594,0.4377662763,0.444105513394,0.530811272562,0.466740623116,0.353772956878,0.425781540573,0.117428316735
244,0.466682691127,0.415428881999,0.436004949734,0.440762083977,0.445461559109,0.45867653098,0.451616211329,0.474392205477,0.461454080418,0.465516136028,0.508898627013,0.113518483005,0.472968690097,0.458544291556,0.535637304187,0.46585970372,0.512438781559,0.439812459052,0.446103248745,0.533192038536,0.472028311342,0.357202142477,0.43095440045,0.116785629652
245,0.469687605277,0.42064513918,0.465477961116,0.395916250534,0.468997216318,0.493763949256,0.484929491766,0.449731974863,0.447317185812,0.472517382354,0.472241534851,0.112724448321,0.473901342601,0.457681819797,0.535955786705,0.465502094477,0.513954244554,0.44018773362,0.447566311806,0.533780694008,0.470658760518,0.354640249163,0.43038630113,0.116308395751
246,0.467391012236,0.458184321411,0.402390342671,0.493653050624,0.485227009282,0.419124266598,0.408893223386,0.458638964687,0.400812574662,0.498867313378,0.47652967833,0.113007133361,0.476302277297,0.461274195462,0.538570359349,0.467164058238,0.516610041261,0.440063908696,0.446101672947,0.536169663072,0.475084077567,0.356627028435,0.436795670539,0.116122928448
247,0.471676582471,0.433505469002,0.453765011393,0.504496830516,0.500267563388,0.445489516482,0.448149026372,0.493126947433,0.477123467252,0.440851242281,0.440185532905,0.111912848894,0.477565459907,0.463598117232,0.539485953748,0.469221483916,0.516597703099,0.442652001977,0.450967773795,0.537153854966,0.471707578748,0.360523223877,0.431968517601,0.116075258702
248,0.472342487425,0.490133194253,0.503574474715,0.387420884334,0.389486569678,0.491299115121,0.412749839947,0.420569995418,0.422783865593,0.357764891349,0.484067610465,0.111771801719,0.477420806885,0.461222361773,0.538625612855,0.466603316367,0.51652199775,0.441948451102,0.452683929354,0.534330919385,0.473820894957,0.358468294144,0.436176173389,0.115360400639
249,0.473089058883,0.522318195552,0.393828848377,0.491009467281,0.417897373438,0.458777958062,0.471602487378,0.407916763797,0.477368685417,0.467424842529,0.496399949305,0.111164538888,0.478388462216,0.461865529418,0.53981770575,0.472394533455,0.518093235791,0.442135293037,0.453194648027,0.537971794605,0.47734194994,0.36042124778,0.437755413353,0.115201135166
250,0.472606377676,0.476522101089,0.429497022647,0.481942910701,0.476246742066,0.497960706241,0.420222692192,0.493263057433,0.433213155717,0.396465821657,0.431336848997,0.111937339185,0.479186221957,0.46361990273,0.542374417186,0.471594300121,0.518626347184,0.441646285355,0.454419326037,0.538362495601,0.479171283543,0.361246291548,0.438756562769,0.115285838023
251,0.47709507402,0.480306291021,0.454582349863,0.424613142852,0.420475925319,0.452594695613,0.464117098134,0.478291058447,0.524822073057,0.442845379934,0.473623513244,0.110238334164,0.47868540138,0.460907384753,0.541050545871,0.469103548676,0.518514558673,0.442397795618,0.454870019108,0.536787137389,0.473115637898,0.358022235334,0.433388501406,0.114450490102
