epoch,jaccard,loss,val_jaccard,val_loss
0,0.00057147291157,0.79834615955,0.000313126040822,0.799298419617
1,0.000565783652466,0.798367125484,0.000313128439132,0.799297454767
2,0.000566253725538,0.798264629566,0.000313128715618,0.799296324141
3,0.000559737917928,0.798308116885,0.000313129101727,0.799295590259
4,0.000559297298738,0.798066336375,0.00031312485595,0.799294457771
5,0.000567748942348,0.798373722113,0.000313123060693,0.799293668009
6,0.000563840517071,0.798375540055,0.000313118421985,0.799292723648
7,0.000564553780875,0.798344574296,0.000313116306131,0.799291677773
8,0.000568899636584,0.798356346213,0.000313117616571,0.799290754832
9,0.00055738374088,0.798408870514,0.000313117667559,0.799289728515
10,0.000566060053328,0.79842334298,0.000313118066686,0.799288972281
11,0.000567882715446,0.798270541888,0.000313117043532,0.799287952483
12,0.000562629453095,0.798201628602,0.000313113545786,0.799286904745
13,0.000574959716827,0.798405345816,0.000313112581239,0.799285768531
14,0.000558780515243,0.798341370546,0.000313110441368,0.799285193905
15,0.000584173823532,0.798356439059,0.000313112375096,0.799283919856
16,0.000563218369105,0.798465413543,0.000313110401521,0.799283104949
17,0.000569581991735,0.798441325243,0.000313109343608,0.799282132648
18,0.00055740225375,0.798338720432,0.000313107459306,0.799280942418
19,0.000570260893115,0.798122673081,0.000313105788138,0.799280059524
20,0.000558393838674,0.79852927075,0.000313102530299,0.79927917663
21,0.000549789809261,0.798406858857,0.00031309548703,0.79927800037
22,0.000582615366651,0.798400279421,0.000313095267245,0.799277650192
23,0.000565014204767,0.798336438262,0.000313093860427,0.799277483486
24,0.000551585267903,0.798490085281,0.000313092626385,0.799277131446
25,0.00055876465523,0.798459239877,0.000313092720035,0.799276584759
26,0.000565037101961,0.798427932538,0.000313091124127,0.799275994301
27,0.000561959002985,0.798474859733,0.000313089784299,0.799275785685
28,0.00055874437913,0.798494642744,0.000313088563843,0.799275534227
29,0.000581976960418,0.798199872558,0.000313088609914,0.799275194295
30,0.000557820549847,0.798298441447,0.000313087558311,0.799274725839
31,0.000561069728519,0.798519909382,0.000313087108168,0.799274260178
32,0.000565592500012,0.798264419803,0.00031308537794,0.799274072051
33,0.000568282489334,0.798250185756,0.000313085578284,0.799273617566
34,0.000570516923849,0.798355340958,0.000313086193074,0.799273213372
35,0.000574594060534,0.79847471416,0.000313086003871,0.799272678792
36,0.000573631124728,0.798491298006,0.000313085542217,0.799272586592
37,0.000572497773331,0.798053072049,0.000313083987407,0.79927224014
38,0.000563050207207,0.798371301248,0.000313084150548,0.799271999858
39,0.000563008702661,0.798369986507,0.000313081693321,0.799271461554
40,0.000561230905392,0.798311651899,0.000313081888351,0.799271038733
41,0.000562999091996,0.798287000794,0.000313081724187,0.799270647578
42,0.000564787158265,0.798372244606,0.000313080028974,0.799270365387
43,0.000557454952601,0.798358709766,0.000313079622515,0.799270013347
44,0.000567911319824,0.798464861054,0.000313079936291,0.79926991649
45,0.000570827293429,0.798345956665,0.000313080334962,0.79926962778
46,0.000571412644359,0.798438353034,0.000313080063705,0.799269583076
47,0.000569074564107,0.798196719243,0.000313079612368,0.799269243143
48,0.000561199850381,0.798272010226,0.000313079591564,0.799269131385
49,0.000570420440349,0.798400780329,0.000313079786167,0.799269049428
50,0.000561918060192,0.798426867678,0.000313079893971,0.799269082025
51,0.000562931307846,0.797976404428,0.000313079228846,0.79926881846
