epoch,jaccard,loss,val_jaccard,val_loss
0,0.00864536492327,0.789745060297,0.00934843239588,0.778436134569
1,0.0105932550421,0.776634334372,0.0102949517209,0.762200175785
2,0.0113191906703,0.761295589117,0.0102518272345,0.747041173279
3,0.0111213765655,0.750627575012,0.0102642636335,0.734369740821
4,0.0111482398613,0.739221964891,0.010113420775,0.72448747512
5,0.0107026099911,0.729342113321,0.00981858507677,0.716893181205
6,0.0108509016365,0.722908986303,0.00947119732714,0.712537889369
7,0.0104495792195,0.717788460163,0.00921973048332,0.709425225854
8,0.0109230781517,0.706969480102,0.00901955976695,0.705688987859
9,0.0105943913734,0.707417713908,0.00894586942877,0.703451788984
10,0.0104832558095,0.707475694326,0.00879814208221,0.701769656502
11,0.0102970647765,0.700816506377,0.00873355067003,0.699559381232
12,0.01013602512,0.699053494976,0.00879664245406,0.698352761567
13,0.0104854133231,0.69794834004,0.00869550447638,0.698117303662
14,0.0104532664685,0.695946004528,0.00868983225288,0.696872956119
15,0.0105652668346,0.695777392158,0.00867734549291,0.694283141755
16,0.0103225277036,0.694551828962,0.00867630784902,0.69384831097
17,0.0101882736234,0.695858076215,0.00850556467691,0.69364426285
18,0.0100650932601,0.694125071168,0.00857814518398,0.691904858686
19,0.0101892956365,0.69206124888,0.00864419223512,0.691708039492
20,0.010088971025,0.691618259136,0.00858785285743,0.690389509313
21,0.0102087799209,0.692493420381,0.00858158923057,0.690002275631
22,0.0106454163632,0.688601261148,0.00852842784241,0.68918420095
23,0.0102611801387,0.690514749059,0.00843143877975,0.688693707809
24,0.0103226772583,0.689799112769,0.00848009286133,0.688379681669
25,0.0103598432211,0.691029271254,0.00857911038972,0.6891045589
26,0.0105390276859,0.68814267562,0.00839728493435,0.687600758858
27,0.0101945894728,0.687344353933,0.00844315847004,0.686953022145
28,0.0105094374461,0.685719488905,0.0084701017081,0.686279191636
29,0.010435981642,0.686028839304,0.00855880247832,0.686299294233
30,0.0104806542486,0.686250199492,0.00850033230347,0.685941401869
31,0.0105167183495,0.685243924077,0.00865182387739,0.687169520184
32,0.0104881930999,0.683329432057,0.00858670703187,0.685950237326
33,0.0101184408688,0.687153598437,0.00871299307897,0.684502699412
34,0.0108392737452,0.683513314678,0.00867881886145,0.684142627753
35,0.0107184197142,0.683033170608,0.00874949964793,0.683792953379
36,0.0107998914512,0.682337268041,0.00874449035317,0.683748605661
37,0.0106384604226,0.683518962218,0.00880193480032,0.683621774428
38,0.01075951659,0.681800878965,0.00874355164638,0.683284004219
39,0.0108577733363,0.67957310837,0.00868396380804,0.68203686364
40,0.0106480574713,0.682070081051,0.00870904217874,0.681499932893
41,0.0105800464396,0.681556211068,0.00877169835726,0.681696062908
42,0.0106938314679,0.680048653713,0.00883207881387,0.681713144295
43,0.0105399385677,0.680023006522,0.00891286722171,0.681505852379
44,0.0109611248379,0.677986128972,0.00885758712155,0.681023477577
45,0.0109325465217,0.680125968961,0.00893884731789,0.681017117575
46,0.0107682402631,0.680711883765,0.00893264364385,0.680906824768
47,0.0110509167216,0.678306088998,0.00888087044393,0.680074380711
48,0.0107437616823,0.678153831225,0.00891690862667,0.679882137105
49,0.0107315487497,0.680022754348,0.00892545379776,0.679912718944
50,0.0106852846315,0.680538414763,0.00894739217512,0.679393497296
51,0.0108117584472,0.677472018279,0.0089366585409,0.678780428134
52,0.0109755331027,0.678604547794,0.00905660949681,0.679229687899
53,0.0108796018419,0.677858588787,0.00901317914898,0.679188209586
54,0.0109993726704,0.678017600225,0.00902310778633,0.679049407132
55,0.0108427599709,0.677145382533,0.00902651923761,0.678266044706
56,0.0107276124668,0.676482546788,0.00901830956951,0.677936539054
57,0.0108354281163,0.676958596477,0.00910950342498,0.677845285274
58,0.0106204195298,0.679079015668,0.00907577990012,0.677970039658
59,0.0108422250829,0.675567618929,0.00900361668707,0.67723890394
60,0.0106753710472,0.67641523595,0.00906734645022,0.677157675847
61,0.011040386408,0.675523619239,0.00909852401315,0.676789270714
62,0.0107401316617,0.676594892373,0.00912434367319,0.676519207656
63,0.0109142230217,0.67429144222,0.0091694987444,0.676347345114
64,0.0108476105787,0.676820087891,0.00914555963132,0.676284722984
65,0.0111312477164,0.674874458175,0.00917268213274,0.675740436651
66,0.010941827306,0.675241950613,0.00914802876193,0.675326739438
67,0.0113571647408,0.673085941718,0.00920727095183,0.675272785127
68,0.0112000051643,0.673221864379,0.00926537965148,0.675277669914
69,0.0112029705089,0.673925993534,0.00923196475946,0.675014935434
70,0.0109473594093,0.673204983656,0.00922038519454,0.674721940421
71,0.0110131576639,0.674811546619,0.00932142961648,0.675168729387
72,0.0111820101696,0.673311255299,0.00931416533794,0.674760604277
73,0.0112749675658,0.672043522963,0.00931595873999,0.674556157552
74,0.0109273180534,0.674149458225,0.0093010554491,0.674306205474
75,0.0107379093475,0.675149529026,0.00929881812615,0.674055257812
76,0.0110139730907,0.673537174096,0.00927536524165,0.673786202446
77,0.0110575117626,0.67207901409,0.00934066182003,0.673712019809
78,0.011314045795,0.67087879777,0.00933135366699,0.673675036989
79,0.0110578689769,0.672215729952,0.00928699924762,0.673219928518
80,0.0106163753574,0.675553549941,0.00927801059382,0.673395244405
81,0.0110897893597,0.67189530799,0.00925278820114,0.672823167406
82,0.0103485963198,0.672571810392,0.0092321787312,0.672662698664
83,0.0113075699946,0.670035629318,0.00929321033584,0.672585031949
84,0.0112925625739,0.670255324015,0.00937906094939,0.672596544959
85,0.0104373721558,0.673519668671,0.00932456869549,0.672503815033
86,0.0110363697779,0.670664249704,0.00936388205102,0.672205463983
87,0.011460531842,0.670389444782,0.00937518201118,0.672326207161
88,0.0109483244331,0.670913101389,0.00941244966248,0.671799890697
89,0.0112888419643,0.669803219346,0.00946022997934,0.671471521258
90,0.0107531868932,0.673096138697,0.00941841471305,0.671867492609
91,0.0112252810662,0.67045588906,0.00942030709786,0.671465086751
92,0.0112612955454,0.669887319207,0.00941715101857,0.670752535574
93,0.0110572419391,0.670038328721,0.00940169895981,0.670797551982
94,0.0112277813223,0.671061131817,0.00941926413785,0.670543043874
95,0.0113668571903,0.6682974593,0.00941711898693,0.670407991856
96,0.0112439835061,0.669674319717,0.00937886442659,0.67008822225
97,0.0108621422263,0.669897636542,0.00942770024054,0.669845303521
98,0.0112624824473,0.667652721588,0.00947820709018,0.669654108584
99,0.0114006462276,0.667630698818,0.00939570765055,0.66976447124
100,0.0109711194088,0.669230915033,0.00932586321375,0.669785218313
101,0.0113800679572,0.668061559017,0.00940721218439,0.669624930248
102,0.0111703022012,0.668270779344,0.00956666655188,0.669682524167
103,0.0114148560965,0.667442726401,0.0096238858689,0.669516492635
104,0.0113193577751,0.667248509251,0.00961744652153,0.66929149162
105,0.0110672885567,0.667998459477,0.00965051615472,0.66901194863
106,0.0113204641311,0.668372611587,0.0096053194959,0.668813390657
107,0.0107117674312,0.669483902363,0.00948294407186,0.668646655045
108,0.0114861378548,0.665772244334,0.00954408565329,0.668370286934
109,0.0115310864971,0.666015681166,0.00954921230408,0.668565342203
110,0.0111250650627,0.668349420795,0.00952395502071,0.668577209115
111,0.0114405792599,0.66709383749,0.00947956371462,0.668166176416
112,0.0113827852413,0.665868637653,0.00963306432524,0.668141365051
113,0.0112572078492,0.666383473919,0.00961841507799,0.667834732682
114,0.0111832401908,0.667157310706,0.00964652154133,0.667939806357
115,0.0113657786738,0.666592134879,0.00959907246187,0.667858838104
116,0.0115752400535,0.665284341344,0.00964245363906,0.667722862214
117,0.0114896891965,0.665604717456,0.00965359118516,0.668002683669
118,0.0116594195759,0.664990692185,0.00968346221845,0.667789611034
119,0.011253094052,0.665921057646,0.00972273163376,0.667613277212
120,0.0116216477407,0.665452933082,0.00978970793338,0.667229178362
121,0.0109471491217,0.665966870693,0.00968069121507,0.666810554452
122,0.0115877196788,0.663948570306,0.00968548919261,0.666797140613
123,0.0115840028112,0.663967883358,0.00956990686751,0.667242135853
124,0.0112724131765,0.664724912781,0.00965952465941,0.666977503337
125,0.0114761212028,0.6643898361,0.00963544680459,0.666945273057
126,0.0117687645568,0.66250811288,0.00974008842334,0.66663186159
127,0.0117700212323,0.663506282064,0.00980954118376,0.666690272279
128,0.0113532659429,0.66360127582,0.00982361779396,0.666151011363
129,0.0118391857937,0.66214670814,0.00984832669172,0.665892853402
130,0.011824712142,0.662908297319,0.00994583151683,0.666103303432
131,0.011847091383,0.662582772282,0.00986157495092,0.665577027015
132,0.0113183964496,0.663670949065,0.00981474509112,0.665753244422
133,0.0112387699405,0.663725365813,0.00981194452234,0.665677709505
134,0.0117320474891,0.66216993905,0.00980375622589,0.665651190095
135,0.0117494849477,0.662536517932,0.00986495354167,0.665665304288
136,0.0117763724265,0.662764678781,0.00987775880719,0.665469055995
137,0.0117153292585,0.664139937896,0.00987056038184,0.665937921964
138,0.0117102689466,0.66207354,0.00977395550902,0.665611270815
139,0.0116831010981,0.662984964939,0.00988491575819,0.665345338173
140,0.0118681547872,0.661090384309,0.00998150960507,0.665290596895
141,0.0113329751262,0.663022594956,0.00999225163466,0.665056676604
142,0.0117419540045,0.66211495835,0.00991027812657,0.664665666409
143,0.011973706119,0.660414319772,0.0101374022316,0.665694586001
144,0.0117821744943,0.66105457338,0.0099808257051,0.664897475392
145,0.0119132268708,0.661807202376,0.00998148742119,0.664986014366
146,0.0117219942035,0.661357603394,0.0100131765926,0.664861422032
147,0.0117811078784,0.660715833306,0.0100804769937,0.664745519869
148,0.0117068583134,0.661285555133,0.0100110446082,0.665053479373
149,0.0120737277763,0.660201962178,0.0101270828952,0.664871420711
150,0.0119836156144,0.659884316417,0.0099424555948,0.66437973734
151,0.0112506045778,0.661886604933,0.010189776048,0.66468046885
152,0.0114564564317,0.662124762168,0.0101759872566,0.663762371987
153,0.0119313076051,0.659851442163,0.0101559989311,0.663297983818
154,0.0119753411262,0.660290666498,0.0101450122336,0.663379934616
155,0.0122247605614,0.658506748768,0.010119933361,0.663148988038
156,0.0122271094579,0.658116176724,0.010234104837,0.663576157764
157,0.0120235633685,0.658885112176,0.0100158016094,0.66312892735
158,0.0120078177844,0.659037037538,0.00996605291607,0.662948438898
159,0.0111943038717,0.661526725842,0.0102552273992,0.663121437654
160,0.0115012841836,0.660859458722,0.00976917085785,0.663348020986
161,0.0118257443141,0.658884048462,0.0100217608905,0.662782764994
162,0.0112636933743,0.66042996943,0.0100502129983,0.662424395792
163,0.0119694958294,0.658173887775,0.0101575437708,0.662312706001
164,0.0119229444896,0.658495790683,0.010066386448,0.662225691602
165,0.0113100543154,0.659999887531,0.0100727195449,0.662106975913
166,0.0119857692222,0.657494945022,0.0102063219254,0.662127216347
167,0.0120074072401,0.658917255127,0.0101973800747,0.662259115838
168,0.0120650801545,0.658270973426,0.0101729704069,0.662074992433
169,0.0122547174367,0.656093949309,0.0101603068373,0.662223635241
170,0.0121740465384,0.656753242016,0.0102931136023,0.662708482705
171,0.0122124476557,0.656666087417,0.0102511512451,0.662180070765
172,0.0117421387034,0.658398536535,0.0102381288887,0.661585235968
173,0.0121830050422,0.656589136674,0.0101605594085,0.661316055804
174,0.0121935051219,0.656428801326,0.010210309855,0.661215404049
175,0.0120809768131,0.65724348678,0.0102519556907,0.661104246974
176,0.0123172462605,0.65640483682,0.0102293476319,0.661134483293
177,0.0121899425281,0.65710533353,0.0098513432122,0.661097493023
178,0.0120966723672,0.65661667402,0.0102303810727,0.660726143047
179,0.0120970403937,0.656081863321,0.0102775996605,0.660543608479
180,0.0118745682866,0.656828355331,0.0102910832149,0.660801500082
181,0.0121416524988,0.656499534845,0.0101573064506,0.660597694106
182,0.0119563635714,0.657898515463,0.010316757317,0.660646842793
183,0.012387328922,0.655257665194,0.0103889224684,0.660820695572
184,0.0124340522481,0.655210108711,0.00984593295891,0.660986856557
185,0.0118631962002,0.657306373119,0.0101577490704,0.660864723846
186,0.0121644351013,0.655863426053,0.0103407378456,0.661280517466
187,0.0115309481943,0.656932116701,0.0101796450843,0.6604398489
188,0.0121833681455,0.654648765922,0.0102587454271,0.660228366964
189,0.0121620585302,0.65551364995,0.0105482785989,0.661722742952
190,0.0120490870611,0.655863577357,0.0104827940206,0.660674973391
191,0.0125232892865,0.654479108178,0.0105054324044,0.660521951504
192,0.0123901520245,0.654227447051,0.0105595637837,0.660873041488
193,0.0120785110839,0.654901280999,0.0104901219597,0.66114588175
194,0.0123670320306,0.655376056066,0.0103125991647,0.660022726282
195,0.0118898204157,0.655115511555,0.0104113814257,0.660565188155
196,0.0125014296719,0.653919607401,0.0102200979447,0.659777870402
197,0.0122732827009,0.6538739938,0.0103790460209,0.66077245865
198,0.012548678124,0.652346206399,0.0104317369467,0.661853431724
199,0.0120637213814,0.655209459938,0.0103598712546,0.660324935801
200,0.0120434255865,0.654703590732,0.010173878392,0.659743918106
201,0.0118688099245,0.654794267737,0.0103209482412,0.660604912788
202,0.0120840265494,0.654677349787,0.0103534198982,0.660984684713
203,0.012314463801,0.653382657812,0.0102368381719,0.659521494992
204,0.0121157426893,0.653552041604,0.0101496426085,0.660283709876
205,0.0127015311963,0.651472490567,0.0104644545079,0.660974496976
206,0.0125999465616,0.652548268437,0.0103724181845,0.660288485698
207,0.0123951509661,0.652514270865,0.0101243425493,0.659187121317
208,0.0126241535562,0.652008948418,0.0104594277244,0.65921878349
209,0.0124238432382,0.652630158342,0.0103518720179,0.658279945143
210,0.012244170775,0.652309434918,0.0103603974434,0.658287025988
211,0.0124387783023,0.653156810082,0.0104090299645,0.659775140695
212,0.0125319807144,0.651129309948,0.010521767992,0.659621959552
213,0.0127082177368,0.650487320927,0.0101576126697,0.658727775328
214,0.0125554153964,0.651777001528,0.0105199901833,0.659408452921
215,0.0125878336036,0.651271101374,0.0101730911288,0.658513328992
216,0.0125796999997,0.651558528726,0.0104271844218,0.657804010436
217,0.0126723833111,0.651219124977,0.0104647153319,0.65827039443
218,0.0124465855256,0.65168844278,0.0105607803322,0.658542298712
219,0.0128124314104,0.650586246298,0.0105170532429,0.657806075178
220,0.0127062419083,0.650485987847,0.0105304519118,0.65713306237
221,0.012567508625,0.651352608433,0.0104850837362,0.657068492845
222,0.012713464799,0.65130392634,0.0100400644595,0.657150005922
223,0.0126288675349,0.649299184863,0.0101015131566,0.656510059722
224,0.0126743820913,0.649760504182,0.0105591300324,0.657441378571
225,0.0127684457974,0.649839115831,0.0105358093818,0.657976383343
226,0.0122097607461,0.651093244553,0.010572800432,0.657648107968
227,0.0127924349801,0.649820065269,0.0103589750048,0.656526180916
228,0.0127432268931,0.649960222153,0.0104055485954,0.656450386159
229,0.0127616241291,0.649369434668,0.0105939383149,0.656684534624
230,0.0129925770728,0.648757400421,0.0104757340993,0.656650674529
231,0.0129260539403,0.649129080085,0.0102878922492,0.657072274014
232,0.0121784490672,0.650376450557,0.0106810501514,0.658130937256
233,0.0127684968665,0.650413358441,0.010462060046,0.657153190114
234,0.0123381085816,0.650209126564,0.0107276446422,0.65854642354
235,0.0119698521681,0.651952343491,0.0104446189661,0.656244240701
236,0.012188198151,0.65034021781,0.0106126002455,0.656627204269
237,0.0127940472238,0.64823027299,0.0102902428972,0.656330196187
238,0.0125326873917,0.649208319875,0.010741179403,0.656145168468
239,0.0130471499298,0.648108442242,0.0108371927408,0.656540664844
240,0.0130155890192,0.647506036437,0.010463712943,0.654748145491
241,0.0124936652588,0.648396634139,0.0102288016742,0.654954001307
242,0.012671927891,0.648945880624,0.0105919617251,0.655830557458
243,0.0126271963073,0.648709535599,0.0102546906487,0.654056422412
244,0.0127160309394,0.648418127344,0.0102150225243,0.65546414908
245,0.0128718170496,0.647398560093,0.0105755246889,0.655718669295
246,0.0125237887504,0.64795831419,0.0106853552521,0.655795578845
247,0.0123598635542,0.648203332837,0.0105781363429,0.654821186326
248,0.0130176354392,0.646223979501,0.0107745438009,0.655959798023
249,0.0126144191441,0.648943280944,0.01045344596,0.655331849121
250,0.0127187007439,0.64786589948,0.0104407104045,0.656030404381
251,0.0131122231059,0.64634132156,0.0102026939763,0.655008663423
252,0.012986780497,0.646209284663,0.0102901471517,0.65427675005
253,0.0129337810381,0.646362558007,0.010639107633,0.654734183103
254,0.0130491146934,0.645825786086,0.0107623631457,0.65549518168
255,0.012952561975,0.646424856323,0.0104820861052,0.653442488052
256,0.0127332851811,0.646538253014,0.0106333372242,0.653907331638
257,0.0130269515164,0.64626807089,0.0103685839252,0.654224536382
258,0.0130358654221,0.645737286944,0.0104936258042,0.653802919202
259,0.013308990706,0.644542880929,0.0106926145166,0.653918955475
260,0.0130472561824,0.645930423186,0.0103847681006,0.653497894295
261,0.0128898788456,0.646501261454,0.0103272294233,0.653496379964
262,0.013093069489,0.645023389505,0.0105924802911,0.6538612023
263,0.0131295518918,0.645332381129,0.0106240923816,0.653736515902
264,0.0129560603054,0.646120957457,0.0107608987213,0.653881114908
265,0.0130735053873,0.645612704066,0.0105166463744,0.653457892127
266,0.0129166754663,0.645080066644,0.0107416348411,0.652783166617
267,0.0124804491057,0.646783288855,0.0104411678263,0.652326390147
268,0.0130268704251,0.644642511239,0.0107254158257,0.653670868836
269,0.0130314518539,0.645367812652,0.0108329847072,0.654008028097
270,0.0131973827214,0.644789688862,0.0105470782055,0.65230123885
271,0.0127726306049,0.645459747085,0.0106617830767,0.652625117451
272,0.0131752595257,0.643803254916,0.0106939528183,0.652928748168
273,0.0130531923367,0.643930085576,0.0104925443545,0.652439643629
274,0.0130197529764,0.643903812537,0.0107671898949,0.653611455113
275,0.0132771107511,0.642843129543,0.0106768030415,0.653830717318
276,0.0130980102227,0.644144836527,0.0105174957982,0.653553589247
277,0.0133200357049,0.642427482284,0.0106939913001,0.654275102541
278,0.0130199241466,0.643553097661,0.0104924465894,0.652780501172
279,0.0127068335633,0.644224945169,0.0103612424512,0.652244128287
280,0.0130084459739,0.643597853871,0.0104671233025,0.652174942195
281,0.0129417345857,0.644045174122,0.0102908439815,0.653294653632
282,0.0132244178116,0.642303942488,0.0105311774289,0.653382157907
283,0.0129703875666,0.64396150754,0.010895484274,0.653820970096
284,0.0131596317639,0.643060056063,0.0107732014878,0.652346190065
285,0.0133371516924,0.642589077353,0.0104883489568,0.651843057014
286,0.013100241318,0.643505593905,0.0108282957507,0.652825079858
287,0.0129439767793,0.64301267037,0.0105220829702,0.652525648475
288,0.0133846638033,0.641754732682,0.0105521993286,0.651804707944
289,0.0133469388801,0.641534129014,0.0107863167375,0.65228525456
290,0.01334046425,0.641996392837,0.0106928837915,0.652286009863
291,0.0130344083705,0.643091265972,0.0105618967619,0.65149086155
292,0.0133678864838,0.641696255941,0.0107054836516,0.65187454503
293,0.0130409617983,0.642923034154,0.0106070211694,0.651617377065
294,0.0133485916387,0.642279763634,0.0105078696859,0.6502326224
295,0.0132292265578,0.642676755786,0.0106468081532,0.650772836059
296,0.0132660546264,0.641767842265,0.0105006665086,0.650779425167
297,0.0130722263544,0.642442600085,0.0106995978289,0.650725432672
298,0.013059231339,0.642453285364,0.0106934024549,0.651471420191
299,0.012895990818,0.642707118048,0.0106035574826,0.651458471082
300,0.0132608187099,0.641572939662,0.0106866088867,0.651009059511
301,0.0129377358721,0.642865170653,0.0105101322819,0.65054474771
302,0.0133320277409,0.64083760289,0.0107883918377,0.65128568653
303,0.0130370045528,0.642127966652,0.0107904575131,0.651261669584
304,0.0131895495226,0.642024418482,0.0106799414281,0.650977843441
305,0.0133755166484,0.640669019176,0.0106118433056,0.651035462506
306,0.0132651749127,0.641211661009,0.0107131685861,0.651195043698
307,0.012898804988,0.64214535516,0.0107579562315,0.650973953307
308,0.0129460359031,0.642003679505,0.0107851061449,0.65054276213
309,0.013317964629,0.640538423107,0.0108592004092,0.65011743363
310,0.0133371152444,0.640932487754,0.0107068193934,0.64989094995
311,0.01345844154,0.640534528173,0.0107629486808,0.6501901187
312,0.013232048215,0.640880301595,0.010728758959,0.650375057943
313,0.0133885512001,0.640221505211,0.010836174207,0.650426443666
314,0.0130842013956,0.641734494613,0.0109595366003,0.651154092513
315,0.0131910084439,0.641135381965,0.0108236374448,0.649974660948
316,0.0131487916109,0.641874729441,0.0107869865369,0.649530538358
317,0.0131847304082,0.641760563621,0.0108189920216,0.649686692283
318,0.0131336878835,0.641636501138,0.0108536485157,0.649916509166
319,0.013045760422,0.641042929429,0.0109108663795,0.650195541792
320,0.0134166098956,0.640353253255,0.0108511801048,0.649984763004
321,0.0135438219733,0.639543434748,0.0108253755319,0.649811606854
322,0.0128018413867,0.641851837818,0.0108622078163,0.649768650532
323,0.013073791082,0.641585125373,0.0106383954361,0.649908000603
324,0.0132741350136,0.640490823067,0.0106549480319,0.649937329814
325,0.013408987476,0.63949360068,0.0107237273175,0.650100542232
326,0.0134626599964,0.639701376741,0.0107294901036,0.649937731214
327,0.0130680658368,0.640819094502,0.0106736376665,0.649744671769
328,0.0129934753892,0.641694927445,0.0106505289192,0.649342674762
329,0.0131495538781,0.640965609596,0.0105731356404,0.649463102221
330,0.0131973929619,0.640907189021,0.0107151956336,0.64978943672
331,0.0131657341631,0.641737355636,0.0106514099663,0.6495853737
332,0.0132740288237,0.640524275028,0.0107365667367,0.649730592966
333,0.0127590586799,0.641423272399,0.0107898017263,0.649849127047
334,0.0128285253846,0.641587491219,0.0109050293491,0.649926153943
335,0.0134566563185,0.640220654699,0.0109228078928,0.649834463373
336,0.0132696837131,0.640486756196,0.0108027693063,0.649162500165
337,0.0134378279234,0.639546012649,0.0108679157912,0.649511992931
338,0.0127307360838,0.641778408908,0.0108304180773,0.649597375654
339,0.0132272203515,0.640392865126,0.0107858231713,0.64964798931
340,0.0133973663901,0.639481529593,0.0107861369673,0.64952639211
341,0.0134232052462,0.639110184633,0.0107404242455,0.649299314246
342,0.0134452827568,0.639383443273,0.0108911551549,0.649769810028
343,0.0131799407221,0.641020519229,0.0107951559687,0.65013551712
344,0.0133198975729,0.639874148827,0.010909416198,0.650363536552
345,0.0135142074819,0.639614892694,0.0109035175369,0.650286467746
346,0.0132835635384,0.640516418677,0.0108612304036,0.650022006594
347,0.0134134831295,0.639320564958,0.0109266322938,0.650139190257
348,0.0133423334855,0.639736725734,0.0109466896253,0.65036007762
349,0.0132298519322,0.640036180615,0.0106982733505,0.649740739726
350,0.0134530616409,0.639089419292,0.0107454059586,0.649870911613
351,0.013365449493,0.639567359136,0.0108777269625,0.650394340046
352,0.0133433483363,0.640754083028,0.0108509607581,0.650377382524
353,0.0130492777949,0.641047604955,0.0108142192521,0.650116158649
354,0.0132444628602,0.640803611622,0.0109054766887,0.650080676191
355,0.0134233649979,0.639517652301,0.0108291963419,0.649693472311
356,0.0134573679613,0.639202853808,0.0108263559173,0.649776550941
357,0.0132971378456,0.639810899129,0.010884296578,0.649610217661
358,0.0135596103298,0.638623067966,0.0108765170793,0.649452509359
359,0.013312589023,0.640186244479,0.0109131989609,0.64964429941
360,0.0133208214949,0.639628795477,0.0109332473945,0.649739360437
361,0.0134589600964,0.63887883952,0.0108762172691,0.649200093932
362,0.0130290733379,0.640595071591,0.010873579654,0.649231093004
363,0.0128934446102,0.641425131605,0.0109040696682,0.649188904092
364,0.0133820483567,0.64012053265,0.010926020347,0.649201427586
365,0.0134177229508,0.639870704367,0.0108744565452,0.648885610513
366,0.0134183160617,0.639774194131,0.0108661931776,0.649075887166
367,0.0133133481058,0.638732707271,0.0108635193189,0.649171896279
368,0.0134259245402,0.638801405063,0.0107406542785,0.648790628649
369,0.0133237711593,0.639718156594,0.0108905733604,0.649274905212
370,0.0132064160905,0.639412019115,0.010898591156,0.649260969833
371,0.0129968286305,0.640593699538,0.010805285621,0.64892724622
372,0.0133799003676,0.639585049107,0.0107545221136,0.648944455199
373,0.0131660972535,0.639906250514,0.0108264376391,0.649161223322
374,0.0135264048636,0.638286140103,0.0108925347912,0.649291408248
375,0.0134228746247,0.638726414396,0.0109441424866,0.649687224999
376,0.0134417298935,0.639085455583,0.0109097155743,0.64947221335
377,0.0130826808666,0.639811813831,0.0109051534265,0.649501693435
378,0.013563042625,0.639535189821,0.0109073887005,0.649524348788
379,0.0134893736534,0.638412836653,0.0109219194762,0.649404818192
380,0.0132980877644,0.639478469124,0.0109042385814,0.649315385148
381,0.01351431292,0.63893196216,0.0109090271933,0.649320147
382,0.0129476288167,0.641300508609,0.0107893593054,0.64893102739
383,0.0133921027344,0.63981198806,0.0108080336352,0.648995363154
384,0.0134725928306,0.638277326639,0.0108429646532,0.649035066366
385,0.0133306129111,0.639383416909,0.0108594378588,0.649093017913
386,0.0134579201046,0.639045465451,0.0108486192313,0.649057258852
387,0.0132959089689,0.639330369922,0.0108251314655,0.648946016096
