epoch,jaccard,loss,val_jaccard,val_loss
0,0.00386238315049,0.795078089604,0.00291462624031,0.796245580539
1,0.00378853791556,0.795431636847,0.00291761512548,0.795645300299
2,0.00398001371643,0.794369642551,0.00292590950897,0.795129980892
3,0.00390324034267,0.794165242177,0.002922915591,0.794623707421
4,0.00399553340776,0.793078092428,0.00292622615709,0.794137863442
5,0.00393243972625,0.792719011123,0.00292068505757,0.793571887538
6,0.00402992789805,0.793185486243,0.00291634180269,0.793092268519
7,0.00391108374274,0.792755130392,0.00291224122404,0.792554509826
8,0.00387502606544,0.792790125196,0.00290657636904,0.792014217936
9,0.00382334786932,0.791751654102,0.00290032181923,0.79138451349
10,0.0040599968239,0.78949192281,0.00289446798607,0.790721849538
11,0.00386900088114,0.790448079889,0.00288518441209,0.790116576478
12,0.00399452429659,0.789941448432,0.00287858619228,0.789518926293
13,0.00390304473645,0.789429646272,0.00287171355535,0.788886355236
14,0.00376179552827,0.78916337513,0.00286161610646,0.788230789825
15,0.00399903081779,0.78886032563,0.0028525133479,0.78759354353
16,0.00392944596793,0.788433369536,0.00284623452902,0.786947001703
17,0.00396152970958,0.787337510632,0.00284137735537,0.786257671192
18,0.00393602056245,0.787585343306,0.00283744931545,0.785572189838
19,0.00381850169991,0.78741809955,0.00283129208373,0.784912477247
20,0.00381150176732,0.786250517919,0.00282238758768,0.78421805799
21,0.00389733855214,0.786599649833,0.00281282047379,0.783578732051
22,0.00392776875308,0.7845314019,0.00281033478734,0.782899570651
23,0.00379007585598,0.785503366819,0.00280206579819,0.782205185853
24,0.00379900515743,0.783614406219,0.00279752057796,0.781538079493
25,0.00392473710508,0.783488791723,0.0027934520258,0.780891741626
26,0.00379033863657,0.783579309399,0.00278923280911,0.78023878485
27,0.00391161620743,0.784047733133,0.00278698100445,0.779602947645
28,0.00390190258996,0.783007097932,0.00278358270066,0.77897992637
29,0.00375972997776,0.781866140091,0.00277652075431,0.778312142938
30,0.00386779450526,0.78081995478,0.00277217636011,0.777654595673
31,0.00371821973011,0.781930573858,0.00276619765401,0.777030989528
32,0.00364296137468,0.781192193811,0.00276176726726,0.776421600953
33,0.00389534465914,0.779018218701,0.0027572833429,0.775799356401
34,0.00371220206566,0.781503131756,0.00275192475402,0.775205158629
35,0.00373223090653,0.780327148162,0.00274609991618,0.774627881125
36,0.00387581727353,0.778131961823,0.00274614429776,0.77403062582
37,0.00378265089725,0.77810906103,0.00274239191492,0.773443585262
38,0.00394743084311,0.777625922973,0.00274025134416,0.772856016643
39,0.00368250901637,0.778158263518,0.00273797188606,0.772295419127
40,0.00378771028839,0.776843442367,0.002733160356,0.771706958301
41,0.00385179866131,0.776352231319,0.00272973280801,0.77114582248
42,0.00370300273919,0.776561527298,0.0027273072842,0.770568682812
43,0.00384383500911,0.775243361409,0.0027246033851,0.77001741156
44,0.00371658947195,0.775633458908,0.00272180239014,0.769455802627
45,0.00383140067925,0.774919577516,0.00272180256866,0.768894116394
46,0.00369004097159,0.775311314143,0.00271834160128,0.768343100324
47,0.00372199452582,0.774132208182,0.00271618708214,0.767765088938
48,0.00388709007848,0.774125405229,0.00271614834338,0.767190620303
49,0.0038048202708,0.772802655513,0.00271664078255,0.766632416286
50,0.00370615777494,0.773358389735,0.0027135362474,0.766080704518
51,0.00376166262766,0.772219629242,0.00271294511685,0.765521060675
52,0.00381236376996,0.77267364126,0.00271522527868,0.76495751366
53,0.00378530128906,0.77151401341,0.00271477050768,0.76443562191
54,0.00376068011439,0.770502931797,0.00271502335474,0.763882125728
55,0.00361451026384,0.771973732572,0.00271322584555,0.763325503096
56,0.00373877330769,0.769923680104,0.00271375217221,0.762774722651
57,0.00375558101821,0.77145333015,0.00271299846497,0.76228906773
58,0.00383960657763,0.770229187149,0.00271344143033,0.761763787828
59,0.003857602474,0.768688565263,0.0027148454582,0.761219938286
60,0.00378336998413,0.769554993281,0.00271427259153,0.760703301989
61,0.0040015592859,0.767791282672,0.002716289163,0.760163284838
62,0.00396220617691,0.769396551527,0.00271542888149,0.759651388973
63,0.00389619483538,0.76769745006,0.00271951369851,0.759105754085
64,0.00377839187957,0.766642560179,0.00272111496054,0.758573668078
65,0.00356642909079,0.76705880807,0.00272189191807,0.758021100424
66,0.00399488384178,0.765188809771,0.00272405015636,0.757515168749
67,0.00408745097541,0.764556225676,0.00272853097644,0.756967052817
68,0.00390277186639,0.764566451311,0.00272736575764,0.756487862207
69,0.0038980549438,0.766141344722,0.00272784465241,0.75602029264
70,0.00381942267327,0.76526255791,0.00272705044011,0.755550331436
71,0.00369578028956,0.763879268215,0.00272803450821,0.755027634092
72,0.0037677100788,0.762152611063,0.00272934807757,0.75451992359
73,0.00359663682499,0.764099099315,0.00272752445971,0.754022834823
74,0.00382716842446,0.764051746864,0.00273112069135,0.753556151874
75,0.00371603010154,0.762828277854,0.00273078827152,0.753087582998
76,0.00366763101455,0.763069739709,0.00273022863348,0.752608723007
77,0.00364151247504,0.762223480986,0.00272857147789,0.752163502388
78,0.00399141107877,0.760574049675,0.00272906703876,0.75171200186
79,0.00376635817058,0.761578730666,0.00273027645866,0.751219352707
80,0.00374795953327,0.760575122558,0.00273048903406,0.750774383545
81,0.00387391520613,0.760594512408,0.00273256541999,0.75032291282
82,0.00371790114059,0.760486852664,0.00273056887909,0.749904499389
83,0.00371222159706,0.758633735088,0.00273064040238,0.749456861056
84,0.00359601513194,0.759765160772,0.00272677520806,0.749069506302
85,0.00397973074283,0.758475629183,0.00272674747538,0.748649877496
86,0.00360367734346,0.760014331112,0.00272529667382,0.748248158954
87,0.00375905119073,0.758588664807,0.00272655972043,0.747838810086
88,0.00393204898424,0.757730990648,0.00272801373313,0.747404562309
89,0.00360013560259,0.75849485512,0.00272948475069,0.746969801374
90,0.00362841979058,0.758552170717,0.0027294728099,0.746562848799
91,0.00375953402762,0.7572873464,0.00272967757192,0.746160527691
92,0.00383800326416,0.755845225774,0.00273036325771,0.745757251978
93,0.00384115734082,0.757612945942,0.00273012153994,0.745375952683
94,0.00376140169769,0.756728454278,0.00273363141955,0.744976755232
95,0.00395852296837,0.754360768657,0.0027374435893,0.74455297552
96,0.00400307591036,0.753317004213,0.00273728088058,0.74416396115
97,0.00387513380915,0.754075406836,0.00274354330094,0.743752422743
98,0.00365595599116,0.753383267384,0.00274417746095,0.743353030644
99,0.0037661257689,0.753415435553,0.00274555459271,0.742974840105
100,0.00373370395454,0.752512507714,0.00274329676171,0.742615775205
101,0.0036834194518,0.75427113588,0.00274327569349,0.742255616933
102,0.00400168813719,0.751633694539,0.00274364861193,0.741895249113
103,0.00380166896321,0.751526147127,0.00274521395835,0.741534637287
104,0.0036997179949,0.753272278951,0.00274296721904,0.74117594026
105,0.00359494462289,0.7521336732,0.00274383275678,0.74078599643
106,0.0036184470316,0.750773531886,0.00274136293464,0.740406742319
107,0.00370013486459,0.751739435471,0.00274252181822,0.74004243128
108,0.00371166564317,0.750252008438,0.00274543268625,0.739649908617
109,0.00378028272193,0.749731949889,0.00274757651118,0.739266308025
110,0.0039453893387,0.747615815355,0.00274721387697,0.738918025978
111,0.00361638960081,0.749443026689,0.00274602834918,0.738561565056
112,0.0038645097453,0.746973700248,0.00274549712373,0.738209702075
113,0.00371351436185,0.746679565081,0.00274711702789,0.737854050472
114,0.0037076784441,0.747546490568,0.00274988213016,0.737461186945
115,0.00374795594738,0.747136108004,0.00275065126772,0.737107526511
116,0.00375550632844,0.747589092988,0.00275098893647,0.736780217849
117,0.00379030055347,0.746090768622,0.00275571897572,0.736423185095
118,0.00380733089815,0.745663466362,0.00275862259261,0.736077558249
119,0.00405848405444,0.74295877608,0.00276435639316,0.735674634576
120,0.00377364872887,0.744860027845,0.00276892389252,0.73532037437
121,0.0038435770902,0.744858104449,0.00277147496021,0.734983704053
122,0.00371432357332,0.744856278484,0.0027723696617,0.734672132879
123,0.0039168236416,0.743348991642,0.00277837339567,0.734323389828
124,0.00382837313506,0.742876413923,0.00278374855608,0.733979719691
125,0.00372351833508,0.744608754149,0.00278759955367,0.733620542102
126,0.00379339265702,0.74143100358,0.00278460380457,0.733303056099
127,0.00366932951573,0.743941412522,0.00278401108608,0.732988652773
128,0.00374006232516,0.741705367198,0.0027831166083,0.732665941119
129,0.00382231400279,0.742188300078,0.00278400772712,0.732339878567
130,0.00388771791306,0.742408791414,0.00279301894187,0.73201265838
131,0.00385339366253,0.742214549046,0.00279277987067,0.731727590784
132,0.00383903088008,0.74165560649,0.00279524121984,0.731423793361
133,0.00354186999917,0.744191444837,0.00278966762656,0.731185103767
134,0.00396800220383,0.737953795837,0.00279721774604,0.730858090334
135,0.00374188179229,0.742267553623,0.00279390136291,0.730628331192
136,0.00388264133342,0.740702743714,0.00280112252315,0.730322953314
137,0.0037092864831,0.74051591754,0.00280199723503,0.730029906146
138,0.00393888352752,0.739969167572,0.00280648825543,0.729764547199
139,0.00360639560411,0.74152261248,0.00280791357565,0.729491379112
140,0.00362430894501,0.738973949964,0.00280174225307,0.729218135588
141,0.00380134816928,0.739640477758,0.00280313441061,0.728959114291
142,0.00365156295626,0.736647929137,0.00281071082105,0.728648827411
143,0.00373163508777,0.737408911953,0.00281029266102,0.728380532004
144,0.00373737735477,0.737204292646,0.00280942206257,0.728108853102
145,0.00376400502525,0.736974600416,0.00281301995287,0.727847182192
146,0.00357125382089,0.738459086189,0.00280602440105,0.727628235705
147,0.003553861807,0.738512432346,0.00280229641172,0.727378831245
148,0.00396858877432,0.735647842288,0.00280958135113,0.727081889287
149,0.00371166366911,0.736232521442,0.00280499422183,0.726855110377
150,0.00337421040838,0.737307727337,0.00280426361599,0.726602353156
151,0.0041609699785,0.734527474413,0.00280232956734,0.726408510469
152,0.00414593404296,0.733380691363,0.00281004183225,0.726143622771
153,0.00350933749115,0.733957016697,0.00280423228904,0.725897195749
154,0.00364306396491,0.733738133541,0.00279978221235,0.725651475601
155,0.00371360404531,0.734534629262,0.00280444760426,0.725383444689
156,0.0040090718225,0.733090641407,0.00280672656334,0.725138735026
157,0.0035235133865,0.733766995944,0.0028084672862,0.724924547598
158,0.00361659002136,0.733788852508,0.00280447375113,0.724683286622
159,0.0039009636,0.732862269649,0.00280598123388,0.724488016218
160,0.00380526541197,0.733725119096,0.0028100512242,0.724259546027
161,0.00380345119017,0.731387965954,0.00281487493498,0.724005360156
162,0.00368409607986,0.732723403435,0.0028270002411,0.723758109845
163,0.00353322990951,0.734602326384,0.00282648659143,0.723527064547
164,0.00373056575742,0.730999638255,0.00283134933667,0.723270710558
165,0.00372406507495,0.732558906078,0.00283359539318,0.723041019402
166,0.00361654460889,0.729101466445,0.00283317252268,0.722823210061
167,0.00371376527731,0.730717791961,0.00283671510874,0.722583420575
168,0.00376001649255,0.727834488337,0.00283720508497,0.722367349081
169,0.00345671485208,0.732794677982,0.00283548267981,0.722168779932
170,0.00361919571616,0.729627943956,0.00283851452556,0.721961294301
171,0.00385781063491,0.729867237119,0.0028372256713,0.72177027259
172,0.00388956301021,0.727955571734,0.00284039698502,0.721566249616
173,0.00383321994311,0.731174659271,0.0028339356937,0.721391203813
174,0.00350903811225,0.73042253806,0.00282568622532,0.721242856234
175,0.00374345123223,0.727462927882,0.00283368406375,0.721014491282
176,0.00362314131207,0.729248505372,0.00282910696595,0.72083047498
177,0.00357789090318,0.72981149646,0.00282249543952,0.720655236393
178,0.00366653759511,0.728072023162,0.00281782329895,0.720452588052
179,0.00362387848505,0.728877793138,0.0028179363693,0.72023410257
180,0.00380295973117,0.729022145271,0.00282588307311,0.720029274002
181,0.00356821912367,0.730329553668,0.00282591117556,0.7198377233
182,0.00378346324477,0.725532273834,0.00282884547346,0.71963375248
183,0.00368443655816,0.726706729485,0.00282637094747,0.719450689852
184,0.00379313620827,0.726732996794,0.00282650851679,0.71925956849
185,0.0036164833971,0.728982762649,0.00282616838646,0.719062495045
186,0.00383282309076,0.727028573935,0.00282279514926,0.718911919743
187,0.00375108165694,0.728685627763,0.0028237501688,0.71874297969
188,0.00365285513418,0.725556963911,0.00282174214104,0.718583136797
189,0.00366466166941,0.725488065527,0.00282519580486,0.718387586996
190,0.00369529113186,0.726299855572,0.00282532456015,0.718182842247
191,0.00352917890391,0.726373746991,0.00282642082516,0.717981428839
192,0.00366932136778,0.725970777181,0.00282185926966,0.717821188271
193,0.00366661098098,0.723874669809,0.00282013611775,0.717654166743
194,0.0035932611158,0.724721171535,0.00281734293287,0.717474108562
195,0.00376086316405,0.724128130537,0.00281895272724,0.717306617647
196,0.00337453452046,0.726179876007,0.0028109671469,0.717155611143
197,0.00371802190648,0.724833348623,0.00280605733909,0.717013709247
198,0.00373080100864,0.724388475601,0.00280454620801,0.716872379184
199,0.00354960044622,0.723745368994,0.00280276914299,0.716716561466
200,0.00351474767883,0.725249500229,0.00280543583142,0.716528521851
201,0.0038034642545,0.722895448024,0.00281234154173,0.716341114603
202,0.00365510182673,0.725358275267,0.0028108526169,0.716168946587
203,0.00350776139046,0.723682917081,0.00280949020183,0.716012730263
204,0.00375827492105,0.723452687263,0.00281715050011,0.715820921585
205,0.00347094650739,0.723232116837,0.00281697063767,0.715654729865
206,0.00349338797766,0.723709023916,0.00281634611659,0.715503597632
207,0.00392970432834,0.719881518529,0.00282475460088,0.715331894346
208,0.0035624388403,0.721805406305,0.00282287341221,0.715161470696
209,0.00338488459091,0.723936772117,0.00281750548629,0.715012490749
210,0.00350055839384,0.721442985993,0.00281516731562,0.714858663268
211,0.00338473391139,0.723172661204,0.00281710772913,0.714699127711
212,0.00364905577334,0.719931533703,0.00281420441044,0.714559866115
213,0.00372209552094,0.720688280005,0.00282429662957,0.714398875833
214,0.00374133642124,0.719915723571,0.00282953038047,0.714241767302
215,0.00362762433011,0.718730014104,0.00283202577154,0.71411171928
216,0.00370172532103,0.721544300134,0.00283249783013,0.713983379304
217,0.00384784826876,0.720723733306,0.00283037158363,0.71382243745
218,0.00361242116353,0.720206567874,0.00283311997649,0.713675923645
219,0.00363321695347,0.718454791949,0.00283484140002,0.713544765487
220,0.00357248843207,0.720205276058,0.00283267585732,0.713409455493
221,0.0035679114018,0.71716139179,0.00283223307747,0.713280375116
222,0.00375364841319,0.717212723998,0.00283330519943,0.713145035319
223,0.00368034753253,0.721596510364,0.00283522066556,0.713004346937
224,0.00387368539833,0.717949952071,0.00284140041077,0.712883875705
225,0.00353622262401,0.719671605871,0.00284337133382,0.71275440231
226,0.00364379591537,0.717968079906,0.00285460269467,0.712593596429
227,0.00351606752292,0.719848904472,0.00285340204269,0.712462086231
228,0.00355588908962,0.718793295897,0.00285396718652,0.712324161083
229,0.00348134749426,0.718600578033,0.00285031797102,0.712202688679
230,0.00353277970992,0.718155116989,0.0028467351859,0.712095323019
231,0.0035095708195,0.717158461993,0.00284963848154,0.711968065239
232,0.00354268830104,0.720058211913,0.00284437133212,0.711824897677
233,0.00388433896527,0.718747749925,0.00284199391888,0.711679765955
234,0.00370511781693,0.717996535393,0.00284405580845,0.711518062279
235,0.00356271750822,0.720019395535,0.00284236073836,0.711417376064
236,0.00390684330971,0.712997687551,0.00284907667941,0.71129299514
237,0.00351582061883,0.71805006151,0.00284750481975,0.711187526584
238,0.00356838517141,0.717144807944,0.00284083771314,0.711107374169
239,0.00372879568032,0.714447535001,0.00284518052007,0.710999612696
240,0.00344783128867,0.715856403112,0.00284826346376,0.710897236131
241,0.0038428185983,0.716858213911,0.00284302261562,0.71078702528
242,0.00373396789624,0.716807452532,0.00284389216924,0.710643750615
243,0.00358412000574,0.715259668919,0.00284403423967,0.710524849594
244,0.00383635681881,0.715861991048,0.00283926763876,0.710392415524
245,0.0035390357984,0.715955477494,0.00283909381571,0.710256502964
246,0.00362246554159,0.71755549197,0.00283632526094,0.710130960681
247,0.00386951753346,0.715934892113,0.00283725126883,0.710047556087
248,0.00351415793497,0.715753853321,0.0028377359782,0.70994612202
249,0.00345526550494,0.716972308663,0.00283199032745,0.709860225208
250,0.00345440557948,0.714467444099,0.00283059173788,0.709740398452
251,0.00356436312646,0.715392354589,0.0028314916309,0.709614189342
252,0.00350970292941,0.715412854002,0.00283124755165,0.709501447156
253,0.0037491666017,0.713534568365,0.00283292718251,0.709406808019
254,0.00362718171352,0.715429638441,0.00283306284126,0.709294054657
255,0.00367600175098,0.712678975784,0.00283859232491,0.709194259718
256,0.00342283156043,0.716205426134,0.00283454118457,0.709109818563
257,0.0035448624349,0.715294068822,0.00282524189609,0.708992671221
258,0.00376823503404,0.71274864559,0.00282634712903,0.70890742261
259,0.00366672706332,0.713709142346,0.00282766992797,0.708833122626
260,0.00347068727513,0.712631188906,0.00282917920552,0.708759362809
261,0.00355066431614,0.713537946343,0.00282543645972,0.708652289584
262,0.00347194309297,0.71481341009,0.00282909980129,0.70854307618
263,0.00368279369804,0.712671670776,0.002831306411,0.708450299688
264,0.00387905295334,0.711503358988,0.00283412749437,0.708345560357
265,0.00376939500547,0.713762123997,0.00283776552524,0.708270195872
266,0.00366443301765,0.713750418562,0.00284219135412,0.708185967989
267,0.00360214067034,0.715112106158,0.00284338653711,0.708111470565
268,0.00364873002547,0.712367798273,0.00284855350549,0.708045892417
269,0.00351948314287,0.713820047103,0.00284505935653,0.707976968959
270,0.00365569945944,0.714595092031,0.00284491011527,0.707854221575
271,0.00352905757633,0.712651150731,0.00284217846882,0.707768522203
272,0.00353759549514,0.714074484431,0.0028450020331,0.707674340345
273,0.0038642574981,0.710671734351,0.00284587596013,0.707604525611
274,0.00357994270182,0.712720976426,0.00284224729978,0.707511146553
275,0.00368485167774,0.711328662359,0.00284077386419,0.707456462085
276,0.00344972003124,0.711866956491,0.00283945271065,0.707417019643
277,0.00359126109295,0.712030385549,0.00283924730749,0.707283396274
278,0.00361047612464,0.710984742412,0.00283949991447,0.707183660939
279,0.00368819739235,0.712226881431,0.00283840017914,0.707084159367
280,0.00358486877685,0.709403418578,0.00284076846333,0.707057471387
281,0.00346052572856,0.713089127953,0.00283772727232,0.706976918504
282,0.00358953688374,0.712344552462,0.00283729489692,0.706862085499
283,0.00373919478391,0.711659448651,0.00283945578784,0.706822174601
284,0.00344426381693,0.71306338677,0.00283329778196,0.70670729503
285,0.00372907476997,0.710409101385,0.00283363818644,0.706568975933
286,0.00367447114709,0.712867276027,0.00283848896382,0.706442657858
287,0.00366945223917,0.709795433741,0.00284192011893,0.706380866468
288,0.00354872315669,0.710393056273,0.00283772074329,0.706330544315
289,0.00375859065865,0.709232237477,0.00283860155665,0.706290865317
290,0.00356688437698,0.710306668511,0.00284040184198,0.706216652878
291,0.00345016693749,0.710902470809,0.00283737089123,0.706181103364
292,0.00361896721065,0.709080837094,0.00283751782769,0.706121277064
293,0.00375696697109,0.708575326663,0.00283930616993,0.706065011211
294,0.00358516979836,0.711005445856,0.00283785804845,0.705988590606
295,0.00362666774785,0.709096484459,0.00283875437631,0.705947640352
296,0.00355124168835,0.711595161603,0.00283729896162,0.705901504494
297,0.00357156880689,0.712782172056,0.00283331925621,0.70573442243
298,0.0034871737961,0.710196380432,0.00283232046121,0.705641909502
299,0.00356875827433,0.708129950441,0.00283102506711,0.705610944889
300,0.00357442238706,0.707666753576,0.00283220747312,0.705614875071
301,0.00357804810612,0.709282745536,0.00283315013553,0.705541813746
302,0.00344499506907,0.711368108025,0.0028303840808,0.705406893976
303,0.0036783405747,0.711342937671,0.00283156369835,0.705349560827
304,0.0034597484584,0.710833525428,0.00282753387611,0.705268387683
305,0.00368079223895,0.70842093917,0.00282755312563,0.705189852975
306,0.00348244366586,0.709209124629,0.00282575528692,0.70512853656
307,0.0034524880493,0.708605231001,0.00282502046934,0.705150946975
308,0.00354008603951,0.70936815326,0.0028209883379,0.705055302009
309,0.00370294400245,0.708372868024,0.00282475496974,0.704992360435
310,0.00349942186134,0.710760965943,0.00281980256082,0.704871051945
311,0.00345750085927,0.708975922603,0.00281277416141,0.704799007624
312,0.00341465982043,0.709048046516,0.00280936759296,0.704723237082
313,0.00353898031653,0.709648167858,0.00280925367608,0.704637850635
314,0.00351771470339,0.707971561414,0.00281590411723,0.704588394612
315,0.00380073358565,0.70613023868,0.00281267296572,0.704517699778
316,0.00375991609287,0.708277536126,0.00281196976763,0.704445279203
317,0.00355018865013,0.70718646508,0.00281314173264,0.704428462312
318,0.00343552801926,0.707679152489,0.00281285758555,0.704415719956
319,0.00363867657479,0.708109698617,0.0028116020296,0.704363963567
320,0.00349619603919,0.707663782514,0.0028101474619,0.704343084246
321,0.00332526746853,0.709986854058,0.00280853562052,0.704261956736
322,0.00344977967052,0.708365551554,0.00280445482591,0.704261104576
323,0.00339917634931,0.707233354449,0.00280235070804,0.704262462445
324,0.00353789958077,0.70812980716,0.00280285201995,0.704231930897
325,0.0035774596421,0.706393328997,0.00280585503174,0.704252083786
326,0.00356306879345,0.705698090104,0.00280827986208,0.704249144532
327,0.00352227938405,0.706562610773,0.00280523328109,0.704194947146
328,0.00344128800967,0.707491060862,0.00280509447995,0.704215855338
329,0.00339889476821,0.707380701716,0.00280422452136,0.704187446274
330,0.00369990120893,0.70629964425,0.002804002272,0.704156148247
331,0.00340140383749,0.707545679349,0.00280370937415,0.704113093205
332,0.00357583054844,0.707398287379,0.00280726660469,0.704099453054
333,0.00335993831641,0.707063129315,0.00280711298535,0.704060927033
334,0.00367060808013,0.705565755184,0.00280745334163,0.704027623869
335,0.00345614632075,0.707783543147,0.00280484616806,0.703955912031
336,0.00360252598791,0.706671131345,0.0028047406623,0.703937507235
337,0.00362526173393,0.705425107708,0.0028045319246,0.703912548721
338,0.00344208291244,0.709695171851,0.00280480693269,0.703870127909
339,0.00349298746467,0.707687058128,0.00280505473461,0.703782546334
340,0.00380663690622,0.70560827622,0.00280808600039,0.703793431632
341,0.00360230024867,0.707382808511,0.00280903607603,0.70378978271
342,0.0035518012181,0.706094118265,0.00280926267885,0.703749941662
343,0.00380257034731,0.705652711483,0.00281133269181,0.703679639846
344,0.00364429629557,0.705327296486,0.00281121246968,0.703632329591
345,0.0037776856654,0.70624453861,0.00281677681775,0.703631711192
346,0.00379727271114,0.70418360944,0.00281845814553,0.703603664413
347,0.00345193722303,0.706050628653,0.00281930001401,0.703585924581
348,0.00346844314855,0.707089371406,0.00281905460417,0.703553805128
349,0.00348136918805,0.706186639575,0.00281859322797,0.703505410813
350,0.00357743525952,0.707437895812,0.00281528397022,0.703494732268
351,0.00359923408241,0.705673100857,0.00281659999573,0.703459142707
352,0.00350099630766,0.706921788362,0.0028167074411,0.703440376557
353,0.00341970891287,0.707418050904,0.0028156661638,0.703404347412
354,0.0034103438943,0.7064208182,0.00281502430187,0.7033864595
355,0.00358016387981,0.705117960389,0.00281521438748,0.703407889232
356,0.00347243648436,0.706284810717,0.00281488129906,0.70341036655
357,0.00370329942115,0.705680033335,0.00281520748757,0.703410348855
358,0.00349107507264,0.707046743769,0.00281500292229,0.703387805261
359,0.00352878509291,0.708497293867,0.00281531865747,0.703349691816
360,0.00354288710762,0.706948733101,0.00281465440813,0.70332521107
361,0.0037981435096,0.705275026652,0.00281570863359,0.703335004859
362,0.00366668639075,0.707505646806,0.00281579924706,0.703311205842
363,0.00359701413785,0.706843981376,0.00281529518756,0.703253833577
364,0.00356115665531,0.706031786708,0.00281467261496,0.703249739483
365,0.00362710726953,0.70600091494,0.00281562432642,0.703248188831
366,0.00361959136951,0.708227989765,0.00281535339829,0.703215465881
367,0.00343495343605,0.705623893784,0.00281565207348,0.703224058263
368,0.00340261987017,0.707493310938,0.00281488223848,0.703203782439
369,0.00366937475736,0.704746197049,0.00281475885538,0.703171203844
370,0.00347355810261,0.708321724947,0.00281420175756,0.703158298507
371,0.00365227804906,0.707316795221,0.00281427487337,0.703146938235
372,0.00369459266914,0.705286333194,0.00281585048404,0.703173622489
373,0.00338618541498,0.706123436873,0.00281530560713,0.703146369196
374,0.00360388641936,0.706091671036,0.0028144946198,0.703110938892
375,0.00349612504988,0.706037253141,0.00281418121116,0.703116356395
376,0.00357499084384,0.706903619262,0.00281358421626,0.703087801114
377,0.00350974228184,0.705217980422,0.00281340701702,0.703079730272
378,0.00352232038582,0.70652847909,0.00281365565527,0.703061256558
379,0.0036739502517,0.704703303484,0.00281365408657,0.703079418279
380,0.00375779715558,0.704500199511,0.00281459133603,0.703098342754
381,0.00359778230887,0.705276849178,0.00281520629355,0.703081727028
382,0.00346712728071,0.705524254304,0.00281502524544,0.703065275215
383,0.0035108560655,0.706476119848,0.00281461439539,0.703049313277
384,0.00345669993284,0.705524224501,0.00281409557087,0.703045591712
385,0.00351951924218,0.705642070908,0.00281309125205,0.703035119921
386,0.00363313438178,0.707052877316,0.00281392958112,0.702991548926
387,0.00345589902113,0.707177148415,0.00281360258364,0.702977535315
388,0.00349503491998,0.706438209002,0.00281270280689,0.702936742455
389,0.00369420459132,0.703100761542,0.00281254813308,0.702939948067
390,0.0034323159514,0.706295907497,0.00281231686651,0.70293221157
391,0.00347630599365,0.705704725706,0.00281262933413,0.702925506048
392,0.00352344009532,0.704624828238,0.00281196729048,0.702899338678
393,0.00354998847857,0.70658046351,0.00281241574024,0.70287248306
394,0.00353949847693,0.706311450555,0.00281248228143,0.702891198918
395,0.00362127752522,0.706378251314,0.00281236011389,0.702866383828
396,0.00351738186261,0.705074595717,0.00281177315622,0.702865501866
397,0.00359069125184,0.706349947132,0.00281220239751,0.702854352072
398,0.00352071285019,0.705657137128,0.00281203133079,0.702845890075
399,0.00359736218955,0.704630310719,0.00281168079391,0.702826396562
400,0.00346877611096,0.705921539894,0.00281128005543,0.702816742472
401,0.00352152211197,0.705701720256,0.00281136311747,0.702806218527
402,0.00359380301164,0.704221771314,0.00281143075583,0.702799102291
403,0.00339889580874,0.707268544115,0.00281152687174,0.702781606466
404,0.00372653147287,0.707119099223,0.00281100859533,0.702769236639
405,0.00350208475612,0.70736180819,0.00281119328392,0.702753591351
406,0.00331101106128,0.706584249551,0.00281079296923,0.702751214616
407,0.00372931943376,0.703599573328,0.00281105262329,0.702749932185
408,0.0035029780261,0.706907831706,0.0028106529831,0.702737660147
409,0.00348561547774,0.704504946103,0.00281082501542,0.702742161229
410,0.00352031209954,0.706739039375,0.00281089146532,0.702727943659
411,0.00355783736768,0.705418898509,0.00281083073625,0.702717756853
412,0.00353573121276,0.70589867005,0.00281037893376,0.702700927854
413,0.00366004278364,0.703774867149,0.00281053903072,0.702690099366
414,0.00346044700242,0.706558341017,0.00281028450692,0.702684079297
415,0.00349216282844,0.70526061379,0.00281035301248,0.702682418749
416,0.0035685422219,0.7060049394,0.00281076984467,0.7026765747
417,0.00344977458578,0.706724929122,0.00281080071647,0.702675357461
418,0.00364778398898,0.704447314143,0.00281095999293,0.702671664767
419,0.00347652018116,0.705906109168,0.00281078664972,0.702671736479
420,0.00333618879911,0.706022151388,0.00281059959093,0.70267370902
421,0.00355799891954,0.704411624716,0.0028103123251,0.702674736269
422,0.00354906333031,0.704475070422,0.00281042264297,0.702673974447
423,0.00358350428804,0.704509545977,0.00281049842945,0.702668991871
424,0.00354681562756,0.704966455698,0.00281054782536,0.70266985707
425,0.00382364626134,0.704293927321,0.00281057505896,0.702665043063
