epoch,jaccard,loss,val_jaccard,val_loss
0,0.0138116973976,0.525239510462,0.0156004999299,0.443450018764
1,0.0138700724638,0.441429620609,0.0156130031683,0.431105747819
2,0.0138406182377,0.429420854896,0.015605743276,0.420676991343
3,0.0138621099759,0.419184807688,0.0155926572625,0.411541946232
4,0.0138718507951,0.409928707406,0.0155823652167,0.40312281251
5,0.0138988630497,0.401321062818,0.0155964232981,0.395207054913
6,0.0139940168883,0.393197046593,0.015769533813,0.387629680336
7,0.0140642976621,0.385427000001,0.015801477246,0.380278326571
8,0.0142839490873,0.377865457907,0.0158836140763,0.373181946576
9,0.0143466174195,0.370652891695,0.0159956773277,0.366341710091
10,0.0144561692723,0.363603046164,0.0162090959493,0.359814099967
11,0.0144954411371,0.356837468222,0.0160647989251,0.353218503296
12,0.0146433422342,0.350172718987,0.0161734072026,0.346816539764
13,0.0147956688015,0.343719799072,0.0160231189802,0.340557955205
14,0.0149097556277,0.337454918772,0.0161377019249,0.334544345737
15,0.0150090198149,0.331375041977,0.0162559598684,0.328648813069
16,0.0149613297253,0.325527692214,0.0163007921074,0.323088787496
17,0.0153931287932,0.319608066231,0.0165590432007,0.317268095911
18,0.0155154199165,0.313925461844,0.0169498643372,0.31176969409
19,0.0160744211171,0.308272847906,0.0171526903287,0.306393496692
20,0.0160965590621,0.302948635072,0.0175583860837,0.301222503185
21,0.0165116685093,0.297584548593,0.018366510747,0.296297945082
22,0.0167885410774,0.292428569868,0.0188239365816,0.291091427207
23,0.0170115406509,0.287523264065,0.0174770238809,0.286131583154
24,0.0172863328116,0.28253287077,0.0173829791602,0.281605899334
25,0.0177479107806,0.277719499543,0.0200413430575,0.276841431856
26,0.0184661536186,0.27280273661,0.0218875024002,0.271695159376
27,0.0188581442053,0.268349219114,0.0221751970239,0.266462892294
28,0.0193257949431,0.263775715604,0.0228173236828,0.262437187135
29,0.0196558270545,0.259398001246,0.0248503538314,0.257343955338
30,0.0205782162375,0.25489736069,0.023586272262,0.254111140966
31,0.0210848997231,0.250696593896,0.0213031619787,0.250287827104
32,0.021100073267,0.246898796409,0.0256004040129,0.245209209621
33,0.021651377785,0.242693940178,0.0263166232035,0.241555418819
34,0.0227263516281,0.238645753823,0.0232275302988,0.238174479455
35,0.0228237068513,0.235001659952,0.0278171303216,0.234266292304
36,0.0224417858408,0.231930883601,0.0222942142282,0.231638737023
37,0.0214637294412,0.228788236156,0.0226779228542,0.228300083429
38,0.0239374749362,0.224285314791,0.028597101802,0.223570864648
39,0.0248672754096,0.22070175875,0.028690025676,0.22027919814
40,0.0254364779103,0.217258584686,0.0263684918173,0.217538218945
41,0.0248931567476,0.21430862695,0.0319674818311,0.214556865394
42,0.0247200982994,0.211716238409,0.0257315938361,0.211727075279
43,0.025780136144,0.208140177652,0.0285873608664,0.208313960582
44,0.026728259807,0.204971493222,0.0267065193038,0.205198515207
45,0.0275063101435,0.201704423875,0.0324104500469,0.201940719038
46,0.0284906864981,0.198731716722,0.0298453040887,0.199265580624
47,0.0282943222555,0.196040771902,0.0346734134946,0.195902761072
48,0.0295374862617,0.19307067804,0.0293100953568,0.194022048265
49,0.0300923678442,0.190189349465,0.0352642941289,0.190540444106
50,0.033098399872,0.186761353165,0.0316185604315,0.188531953841
51,0.031675972743,0.184729798697,0.0369454938918,0.184923619032
52,0.0351045038551,0.180751262233,0.0337471314706,0.182117443532
53,0.0393928223057,0.176748028025,0.0431539337151,0.175998620689
54,0.0383848288038,0.174912532791,0.0525026274845,0.173055164516
55,0.0434293466387,0.170843960717,0.0468291998841,0.169908050448
56,0.0476041332004,0.166719227098,0.0581211131066,0.165334738791
57,0.0499726112466,0.163790841587,0.0591064495966,0.162456020713
58,0.0522931539454,0.16097350698,0.0649752924219,0.16158227995
59,0.0537752222735,0.158909037709,0.0504248188809,0.159669160843
60,0.0532118246192,0.156730212271,0.0650264257565,0.155897337943
61,0.0557170235552,0.154281730764,0.0598882455379,0.154513955116
62,0.0561497533345,0.152031117119,0.0652476185933,0.151309002191
63,0.0596620950382,0.149048289284,0.0637054732069,0.14908631891
64,0.06197327259,0.14649371244,0.0602312898263,0.147916804999
65,0.0619269008748,0.144531363621,0.0730495471507,0.144586827606
66,0.0648409447167,0.142430266365,0.0710906172171,0.143205717206
67,0.0650288460311,0.140526461415,0.065414079465,0.141531061381
68,0.0653888457455,0.138633269817,0.0745281111449,0.138432908803
69,0.0687188869342,0.136045474559,0.0751506444067,0.136723797768
70,0.0699350556824,0.134001743048,0.0779455853626,0.135205734521
71,0.0716536003165,0.132407095283,0.0717938411981,0.134040202945
72,0.0735397767276,0.130019090138,0.0797361191362,0.131073903292
73,0.075606007129,0.127955188509,0.0790374986827,0.129403688014
74,0.0771902909037,0.126097773667,0.0834046192467,0.12772044912
75,0.0778955097776,0.124494210351,0.0853888653219,0.12577666156
76,0.0804728157818,0.122851190157,0.0818285029382,0.124808635563
77,0.0789578941185,0.121643821243,0.0796051220968,0.12402266264
78,0.0804741383763,0.119860293344,0.0896950485185,0.121450820938
79,0.0829667551443,0.118109826464,0.083140569739,0.120605237782
80,0.0833624028601,0.116633597296,0.0916921440512,0.118973733857
81,0.0856578445528,0.114881892689,0.0930580664426,0.117014501244
82,0.0874543979298,0.113514243625,0.0896338867024,0.115725785494
83,0.0870056985877,0.111973345745,0.0894430344924,0.115379881114
84,0.0886278271209,0.111030841712,0.0914657376707,0.113433726132
85,0.0892767187906,0.109388606623,0.0913321981207,0.111907156184
86,0.0912626020145,0.107860382181,0.0965617531911,0.110072761774
87,0.092152440222,0.106459555682,0.092952596955,0.109084727243
88,0.0937500481959,0.104945214,0.10284694843,0.106922898442
89,0.0975285989698,0.103422623593,0.0998005699366,0.106235971674
90,0.0958196292631,0.102340241894,0.102340959013,0.104739341885
91,0.0984286214225,0.100958182942,0.10617236793,0.104460524395
92,0.0999993698206,0.099955979269,0.108985930681,0.102416399866
93,0.100142961135,0.0988762178458,0.105733478442,0.101659737527
94,0.101638297318,0.0975812226534,0.107730489224,0.100206011906
95,0.105337633751,0.0958707421087,0.109270488843,0.0984317306429
96,0.106123817619,0.0945186228491,0.109467566013,0.0972971934825
97,0.10780649446,0.0936382920481,0.116938220337,0.096744293347
98,0.108061528997,0.0923893451691,0.109653154388,0.0953105092049
99,0.110414369265,0.0910810213536,0.118529759347,0.0940151065588
100,0.113878175616,0.0897712041624,0.120470205322,0.0927351396531
101,0.114208044135,0.0887355743907,0.119097145274,0.0917995478958
102,0.117131879088,0.0874721570872,0.122287791222,0.0913471411914
103,0.117768940865,0.0863853390329,0.118849702179,0.0902042426169
104,0.11783602857,0.0856436649337,0.12038192898,0.0901091955602
105,0.121238150634,0.0845920941792,0.127019766718,0.0884944498539
106,0.120726260124,0.0836064987816,0.124194642529,0.0873603243381
107,0.123537061736,0.0826329784468,0.122977809981,0.0867064725608
108,0.122245589853,0.0818229317665,0.133337983862,0.0858532208949
109,0.126169404946,0.0813247840852,0.129257235676,0.0852162018418
110,0.127298838459,0.0799622442573,0.128806881607,0.0841425526887
111,0.12777933199,0.0791529286653,0.134755287319,0.0827205460519
112,0.130758777028,0.0781657062471,0.134797880426,0.0824314802885
113,0.129993847106,0.0773431076668,0.135571023449,0.0815541632473
114,0.133028873242,0.0763099137694,0.144422372803,0.0801533851773
115,0.134371789405,0.0755099309608,0.13454259932,0.0798754617572
116,0.136243803427,0.0746057615615,0.132923310623,0.0788464527577
117,0.136593603529,0.0738001097925,0.137121098116,0.0782797392458
118,0.140090320259,0.07303847,0.146110102534,0.0768530629575
119,0.143258148804,0.0719750053249,0.142970003188,0.0768485143781
120,0.143165923655,0.0710417539813,0.150179743767,0.0756017994136
121,0.146356793586,0.0702503430657,0.140517827123,0.0756612196565
122,0.146676626988,0.069747381378,0.153203563765,0.0744625627995
123,0.148261880036,0.0688446308486,0.153188522905,0.0734904669225
124,0.14984226157,0.0681036538444,0.150879301131,0.0734074208885
125,0.152196637355,0.0674192667939,0.148524854332,0.0723429415375
126,0.151969237719,0.066615103744,0.153502054513,0.0714116152376
127,0.155610148329,0.0658742000815,0.154988188297,0.0706697236747
128,0.155589494156,0.065177643206,0.157700847834,0.0699321310967
129,0.155905003194,0.0645188547205,0.163316052407,0.0695257168263
130,0.157940201461,0.0640794187784,0.152958003804,0.0692125484347
131,0.158216777723,0.0635159544181,0.165009837598,0.0682569798082
132,0.160260785371,0.0628545340151,0.161939200014,0.0676720235497
133,0.16285165539,0.0619151764549,0.166219636798,0.0669594481587
134,0.165670305025,0.0612693408038,0.168661255389,0.0663856044412
135,0.168071603868,0.0604717866518,0.1666096095,0.0660520959646
136,0.170934232417,0.0597399480175,0.172954814509,0.0646219104528
137,0.174284194596,0.0589981169906,0.172377107665,0.0644173268229
138,0.173438630532,0.058516636258,0.179782273248,0.0644026529044
139,0.170644998085,0.0585422848817,0.180608499795,0.0641389377415
140,0.168183101807,0.0585393432993,0.156690085307,0.0657540354878
141,0.170012334827,0.0586997314822,0.16659690626,0.0641351677477
142,0.172674534842,0.0574721207377,0.173031175509,0.0621749591082
143,0.175675648032,0.056529016234,0.180020075291,0.0620916699991
144,0.177802607417,0.0560635866132,0.168444812298,0.0623690737411
145,0.181012668647,0.055373996729,0.176851730794,0.0607795296237
146,0.184638027102,0.054465709487,0.181735701859,0.05976398848
147,0.183234958909,0.0540189715102,0.186276704073,0.0594273237512
148,0.185732475482,0.0532946519088,0.189939759672,0.0593385994434
149,0.188261521049,0.0525883752853,0.187410920858,0.0585868041962
150,0.192381319124,0.0519832195714,0.188394080848,0.0579490466043
151,0.193152497523,0.0514392999467,0.189846534282,0.0576038034633
152,0.195242744405,0.0510578590911,0.196992982179,0.0574827129021
153,0.196085189935,0.0507476152852,0.193614728749,0.0564297670498
154,0.198145464994,0.050116481958,0.193140730262,0.0559638794512
155,0.199121736921,0.0495753770228,0.194555304945,0.0558034162968
156,0.203691575211,0.0491246876772,0.198436941952,0.0551806557924
157,0.205445127562,0.0485869692639,0.204005029052,0.0545467855409
158,0.206642149948,0.0480830017477,0.206023141742,0.0549988504499
159,0.208374359645,0.0477698745672,0.20081313327,0.0542746931314
160,0.2098932839,0.047155876644,0.20617094636,0.0535423662513
161,0.212610184215,0.0467953113839,0.207674343139,0.0530599439517
162,0.214429647662,0.0463993975427,0.203716304153,0.0530398990959
163,0.212923729792,0.0459924694151,0.206036057323,0.0528273666278
164,0.216593150981,0.0455703323241,0.20283453539,0.0523764276877
165,0.217466076836,0.0451363150496,0.212590374053,0.0517737073824
166,0.220945999026,0.0445527860429,0.218249611557,0.05151041504
167,0.222766383551,0.04421699862,0.217843364924,0.0511160176247
168,0.221655052388,0.0439918518532,0.210879042745,0.0512916212901
169,0.224948284216,0.0438062844332,0.220079001039,0.0508621074259
170,0.223045750521,0.0436057723127,0.206052713096,0.0510494736955
171,0.225462951697,0.0430896624457,0.227067623287,0.0495427232236
172,0.23052420374,0.0425097623374,0.220390792936,0.050111958757
173,0.226582083851,0.0420722726267,0.229949511588,0.0488775754347
174,0.231873079203,0.0417826201301,0.220610119402,0.0491050956771
175,0.230552586727,0.0414549463894,0.217268198729,0.0491798100993
176,0.232764248271,0.0412744446658,0.226156715304,0.0486357454211
177,0.231777555309,0.0415762171615,0.228745158762,0.048278064467
178,0.234773557633,0.0407128944062,0.225580696017,0.0481139579788
179,0.240576956887,0.0401305283885,0.236999712884,0.0468298401684
180,0.238703786395,0.0395704801194,0.234088707715,0.0462536551058
181,0.24501827918,0.0392338174861,0.239407740533,0.0465489812195
182,0.244662191719,0.0387934895698,0.238718219101,0.0458501828834
183,0.25272628013,0.0384492517915,0.240339290351,0.0454003559425
184,0.249739820138,0.038176313974,0.241129461676,0.0453945128247
185,0.253690413665,0.0377363108564,0.247081667185,0.04498454649
186,0.25436494872,0.0374727158342,0.243233181536,0.0448296619579
187,0.255157179199,0.0371812409721,0.251018099487,0.0443122545257
188,0.257213035598,0.0369021953084,0.245795849711,0.0451006973162
189,0.260609106161,0.0366302961484,0.247643105686,0.044461322017
190,0.257154166233,0.0363020701334,0.250650700182,0.0439245607704
191,0.263727060519,0.0358998405281,0.256245322526,0.0432993546128
192,0.266687462106,0.035552582005,0.252208724618,0.0432566357777
193,0.262814429123,0.0353117950726,0.258764427155,0.043030587025
194,0.265803347342,0.0350891016424,0.25841505453,0.0426863944158
195,0.268444795161,0.034808375407,0.25511616841,0.0426159100607
196,0.272607376799,0.0344639974646,0.256671782583,0.0421781959012
197,0.275429679081,0.0340678612702,0.262870550156,0.0417753746733
198,0.275840294547,0.0337733699707,0.263844374567,0.041964831762
199,0.27092250064,0.0337154440349,0.269239958376,0.0415736958385
200,0.278599771205,0.0333957754774,0.26228877902,0.0418028282002
201,0.279879838228,0.033050371916,0.262508954853,0.0413287701085
202,0.285493812524,0.0327906657476,0.26971918717,0.0415352676064
203,0.281227058731,0.0326168156462,0.267406143248,0.0405659228563
204,0.28510406334,0.0323582552373,0.269820205867,0.0403455290943
205,0.290936364792,0.0319328568876,0.276876077056,0.0401437813416
206,0.291285474785,0.0316623853287,0.27693605423,0.0400334168226
207,0.293114452623,0.0314238828141,0.282605774701,0.0395486271009
208,0.290823496412,0.03119282017,0.276308096945,0.0398149983957
209,0.291143428534,0.0309724932304,0.276647705585,0.0396017767489
210,0.296299749985,0.0308270995738,0.281279668212,0.0392127577215
211,0.296492954716,0.0305575683014,0.279078550637,0.038903946057
212,0.303625124507,0.0303050715011,0.280553765595,0.038576527033
213,0.304452976212,0.0300109313102,0.28930682689,0.0385731826536
214,0.300432729535,0.0296941318084,0.289311692119,0.0383920734748
215,0.306615678594,0.0295019869227,0.289864551276,0.0378397926688
216,0.308850357309,0.0293289626716,0.29779329896,0.037368177902
217,0.305814076215,0.0294583755312,0.277276463807,0.0384035874158
218,0.304696412757,0.0293927576859,0.282955050468,0.0393221504055
219,0.303466583602,0.0297854369273,0.273549068719,0.0445945570245
220,0.282753500156,0.0316098723561,0.283125415444,0.039453111589
221,0.295146636665,0.0306270180736,0.281615264714,0.0384906707332
222,0.29798427131,0.030133862514,0.284618772566,0.0383720463142
223,0.306574380957,0.0295903629158,0.29742648825,0.0371950156987
224,0.308113817126,0.0287504727021,0.303025659174,0.0369980125688
225,0.316836666316,0.0282097120071,0.303603760898,0.0361031233333
226,0.321332328022,0.0278152861865,0.298889111727,0.0361776989885
227,0.321817502379,0.0276139852358,0.295447997749,0.036034096498
228,0.32357411366,0.0273953900905,0.298160914332,0.0358211384155
229,0.32946111355,0.0270078852773,0.311698846519,0.0351333799772
230,0.328584576957,0.0266274691094,0.309286959469,0.034930691123
231,0.328049588017,0.026424944168,0.308211892843,0.0348265487701
232,0.335231943056,0.0261716503883,0.316116206348,0.0346240457147
233,0.329509505071,0.025975727709,0.31486241892,0.0346769914031
234,0.33435263671,0.0257415546803,0.322477601469,0.0343316877261
235,0.341769786552,0.0254755265778,0.316881246865,0.034109862987
236,0.341886723414,0.0252776468406,0.317048229277,0.0340841128491
237,0.340851017274,0.0252208882011,0.333014018834,0.0347522678785
238,0.351038575172,0.0249976145569,0.326207071543,0.0336143085733
239,0.347531590611,0.0247112903744,0.32732091099,0.0333048338071
240,0.34922223445,0.0243960971711,0.327256508172,0.0334052676335
241,0.352734015323,0.0242916957941,0.331135265529,0.0330946347676
242,0.347732003778,0.024173362297,0.335458323359,0.033459325321
243,0.358633413911,0.0239583249204,0.333185948431,0.0329109029844
244,0.358504004776,0.0237660278799,0.337740845978,0.0330051747151
245,0.363583913073,0.0236061899923,0.335898652673,0.0327433710918
246,0.365509082563,0.0235032868804,0.331961475313,0.0327966935001
247,0.364901611581,0.0233376595424,0.333508357406,0.0326981591061
248,0.366672019474,0.0231218099361,0.337005876005,0.0326172225177
249,0.355810997542,0.0230023422046,0.343125611544,0.032509630546
250,0.366910817102,0.0228781363694,0.340347610414,0.0324908243492
251,0.372502214275,0.022614401998,0.343543410301,0.0318987211213
252,0.378761325032,0.0223751534941,0.346911109984,0.0320206792094
253,0.379256986082,0.0222352758283,0.347908362746,0.0316644124687
254,0.373896429315,0.022133193328,0.345430843532,0.0316292340867
255,0.372874151915,0.0221042229095,0.345995493233,0.0316325798631
256,0.383464243263,0.0218690953916,0.353276923299,0.0313039524481
257,0.384898733348,0.0217006918974,0.34903498739,0.0310166045092
258,0.384955446236,0.0215619398514,0.356315858662,0.0311640184373
259,0.383251725696,0.0213842862286,0.356127768755,0.0310374391265
260,0.390457158908,0.0212272438221,0.358603872359,0.0305416169576
261,0.388576913625,0.021080836188,0.358163669705,0.0309686819091
262,0.389910468832,0.0208871688228,0.358320921659,0.0311551634222
263,0.390050307848,0.020808673813,0.350650146604,0.0309994546697
264,0.391793286428,0.0208522265311,0.359056800604,0.030590432696
265,0.394537308253,0.0206899438053,0.366378545761,0.0306207407266
266,0.402001179755,0.02057269332,0.359640479088,0.0306649617851
267,0.398907911964,0.0205854012165,0.371315464377,0.030674663838
268,0.392311874777,0.0205906967167,0.365212343633,0.0300862062722
269,0.401554401964,0.0203880433692,0.366923466325,0.0303367790766
270,0.404931880534,0.0200731133809,0.369180694222,0.0296880477108
271,0.405291483738,0.0197909355629,0.371288746595,0.0295378644951
272,0.404266968369,0.0197500417707,0.371449097991,0.029719051905
273,0.403105748817,0.0195988162886,0.376172743738,0.0294000133872
274,0.405475171283,0.0193761708215,0.380829758942,0.0297332648188
275,0.41410195455,0.0192647725344,0.370624251664,0.0294099580497
276,0.417511019856,0.0190528276144,0.379917100072,0.0290900049731
277,0.421479295939,0.018991920515,0.380004860461,0.0293096075766
278,0.419002039358,0.0189016738441,0.382723666728,0.0285080377944
279,0.422397902235,0.0186818012735,0.388220474124,0.0285805631429
280,0.427048519254,0.0184789029881,0.387795157731,0.0284934798256
281,0.42739558313,0.0184198443312,0.386466912925,0.0287779555656
282,0.429735772312,0.018292730907,0.384037531912,0.0287511539645
283,0.420976852998,0.0183698100736,0.3737327829,0.0292792883702
284,0.421950448304,0.0182883610833,0.389648042619,0.0285232551396
285,0.438136732206,0.0180337843485,0.391712628305,0.0278558274731
286,0.431010298431,0.0179988052114,0.388471961021,0.0287274895236
287,0.430406922475,0.0179678212735,0.399497777224,0.0291559719481
288,0.42496151384,0.0180824174313,0.385596163571,0.0286999540403
289,0.434883488342,0.0180169293308,0.385894231498,0.028713492211
290,0.427110391669,0.0178709734464,0.398484617472,0.028018056415
291,0.441946770996,0.01757186139,0.398867420852,0.0281704049557
292,0.433910275809,0.0173972326447,0.403244622052,0.0281423754059
293,0.441292164847,0.0172293445794,0.399154193699,0.0280044865794
294,0.449026504532,0.0170663777972,0.404776796699,0.0276867877692
295,0.448603035882,0.016905768076,0.411167785525,0.0272976472043
296,0.444816814736,0.0168369826861,0.404620461166,0.0274308170192
297,0.459215562791,0.0165848588222,0.40604057163,0.0274492604658
298,0.458398355171,0.0165273281746,0.410634502769,0.0277870870195
299,0.462731966749,0.0165806139121,0.405140258372,0.0276651871391
300,0.455612950027,0.0165268629789,0.412085697055,0.0275261132047
301,0.454384392127,0.0166092785075,0.421954870224,0.02718772972
302,0.458560938016,0.0164816501783,0.408080555499,0.0275523969904
303,0.46016654931,0.0161792181898,0.41465587914,0.0268997563981
304,0.46748788096,0.015968432941,0.419477924705,0.0267558214255
305,0.462220207788,0.0159336840734,0.422385394573,0.0264532589354
306,0.465376538225,0.0157022267813,0.427900023758,0.0268040918745
307,0.468002698384,0.0156380903209,0.422755524516,0.0264686266892
308,0.474736399949,0.0156820234261,0.422516137362,0.0270623946562
309,0.462187893689,0.0155515740626,0.420477576554,0.0266845119186
310,0.478144913912,0.0153738028021,0.421033270657,0.0274957804941
311,0.471166761592,0.0154854702414,0.422768965364,0.0269815879874
312,0.479200391099,0.0153494299739,0.431244336069,0.0261046332307
313,0.480130966753,0.0153222706285,0.426254749298,0.0262283207849
314,0.461637982167,0.0153862124425,0.428755536675,0.0265489639714
315,0.477619916201,0.0151399337919,0.432002179325,0.0262427665293
316,0.48732791841,0.0148387496592,0.432978279889,0.0263863913715
317,0.489964421839,0.0147652986925,0.428609959781,0.0265981024131
318,0.48310459964,0.0146899404353,0.438697382808,0.0254568709061
319,0.493168285117,0.0146150376531,0.430724263191,0.026333718095
320,0.494594266638,0.0146001744433,0.436167187989,0.0259413160384
321,0.478569250554,0.0144014759571,0.436397574842,0.0260356343351
322,0.496528755873,0.014316813671,0.435964360833,0.0265891761519
323,0.490858003497,0.0143041681731,0.430273123085,0.0269062165171
324,0.489987049252,0.0143528010231,0.435698017478,0.0261150347069
325,0.496219528839,0.0143108807388,0.445816852152,0.0256486553699
326,0.492016283795,0.0142318333965,0.443549290299,0.0261781401932
327,0.502899793908,0.0140398173826,0.44565115124,0.0258284639567
328,0.505488298833,0.0139366394724,0.438778601587,0.0261005023494
329,0.507115071639,0.0137471492635,0.449131429195,0.0262065269053
330,0.511435914785,0.0138429471408,0.441764317453,0.0258770221844
331,0.511587077752,0.0136537685758,0.454762391746,0.0254504303448
332,0.513910757378,0.0135437931167,0.447986364365,0.0256352415308
333,0.516785847023,0.013486428652,0.44642393291,0.0262990724295
334,0.5122028552,0.0135612794547,0.456101380289,0.0252950675786
335,0.51487785019,0.0134023493738,0.444459877908,0.0261889405083
336,0.512946324423,0.0133411521092,0.455557510257,0.0252815415151
337,0.523735994473,0.0131883929716,0.454026535153,0.0258427096996
338,0.514096047729,0.0132003221661,0.459698058665,0.0252448702231
339,0.509404846467,0.0130668404745,0.467514321208,0.0251033706591
340,0.511774305254,0.0131839512615,0.462504670024,0.0247337669134
341,0.521672174335,0.0130417612381,0.459812901914,0.025387698086
342,0.526027025655,0.012885507429,0.46366199851,0.0247312933207
343,0.539080096409,0.0126239960664,0.460716366768,0.0250433734618
344,0.535523191094,0.0125560219749,0.464276656508,0.025134925032
345,0.530315892771,0.01263545861,0.460375368595,0.0255567082204
346,0.521498147398,0.0127729340456,0.458676092327,0.0261696220841
347,0.527195638046,0.0127845486277,0.467096105218,0.024735822808
348,0.539469055831,0.0125402529957,0.470112599432,0.0248566439841
349,0.543104581535,0.0125349603477,0.464031785727,0.0253526754677
350,0.535025281832,0.012364296068,0.467364281416,0.0250321943313
351,0.547936357558,0.0122175083379,0.475689977407,0.0247335946187
352,0.549528926611,0.0121423514211,0.466123431921,0.0253060720861
353,0.536710970104,0.0124993069912,0.473057515919,0.024786610622
354,0.53178864345,0.0126710399054,0.4700191468,0.0246582548134
355,0.544361989945,0.0124517289223,0.469453036785,0.0246775441337
356,0.544569212943,0.0121874909382,0.472782507539,0.024482362438
357,0.537158828229,0.0119365339051,0.475483424962,0.0247109015472
358,0.536569148302,0.0119172513369,0.471610240638,0.0247225076891
359,0.548353372142,0.0117196578649,0.482277587056,0.0243402658962
360,0.55496590212,0.0115419161739,0.480873458087,0.0245983414352
361,0.557098040357,0.0115283700288,0.481143549085,0.0247704372741
362,0.568968806416,0.011438348447,0.484759531915,0.0245602137875
363,0.543417248875,0.0114021985792,0.490500472486,0.0243064356036
364,0.566230539232,0.0113751260214,0.479190737009,0.0250013084151
365,0.552553426474,0.0113505286281,0.469220593572,0.0257939978037
366,0.564974244684,0.0115099789109,0.488858625293,0.0246268594638
367,0.546639082953,0.0116286986158,0.477496273816,0.0251414133236
368,0.554255295545,0.0119448982878,0.479664854705,0.024974050466
369,0.553620306775,0.012173838506,0.493940033019,0.0231020320207
370,0.548298252746,0.0120088777039,0.478442080319,0.0245029586367
371,0.551471522078,0.011793433514,0.459090597928,0.0261233481579
372,0.553336983547,0.0117598160286,0.485968120396,0.0241868754383
373,0.560478378087,0.0113931942033,0.489453732967,0.0239078351296
374,0.560646552593,0.0110724917613,0.49787183851,0.0236159882043
375,0.569389352575,0.010991598363,0.496540986001,0.0236304625869
376,0.574179956689,0.010868163954,0.493992686272,0.0237259571441
377,0.581461578608,0.0106820830842,0.49689142406,0.0235428377055
378,0.58195925504,0.0105545629631,0.499372333288,0.0234857527539
379,0.582602214068,0.0105257746764,0.501245342195,0.0231989619788
380,0.583543373272,0.0105045205564,0.503298208117,0.023743810365
381,0.576349299401,0.0104887009365,0.503189042211,0.0233519049361
382,0.581404829398,0.0104376894596,0.508744418621,0.0232636234723
383,0.594807313755,0.010252965847,0.497155889869,0.0243332732935
384,0.584604028612,0.0102641739068,0.508671171963,0.0235370551236
385,0.595270238817,0.0101824222365,0.504540368915,0.0238451082259
386,0.594678947702,0.010110831674,0.505521394312,0.0239035882987
387,0.596935493872,0.0100015495555,0.509642161429,0.0234991607722
388,0.593674825504,0.00994315530988,0.513351611793,0.0233154906891
389,0.592389114201,0.00996578787453,0.510403499007,0.0233214856125
390,0.602455649525,0.00988481933018,0.519303992391,0.0229223233182
391,0.605268351734,0.00991398320184,0.513630762696,0.0229380899109
392,0.594375213608,0.00991151848575,0.514542937279,0.0231134514324
393,0.602193042636,0.00992923474405,0.512728236616,0.0233498299494
394,0.603152241558,0.0098405497265,0.522534303367,0.022451587487
395,0.593714946881,0.00981484001386,0.521766655147,0.0226197063457
396,0.609033444896,0.00978472118732,0.522155426443,0.0227540410124
397,0.613420642912,0.00958173719118,0.523401610553,0.0229066722095
398,0.607839997858,0.00956975400914,0.511436767876,0.024142511189
399,0.612777220085,0.00946869741892,0.524306714535,0.0231265297625
400,0.584052104503,0.00950822618324,0.522154398263,0.0233483684715
401,0.614895086735,0.00939849804854,0.528067603707,0.023029956501
402,0.616016907617,0.00936839071801,0.527861408889,0.0227923593484
403,0.621884293854,0.00921441460378,0.520478136837,0.0236545605585
404,0.616989001632,0.00932113491581,0.523841060698,0.0229921650607
405,0.620810803026,0.00942712373217,0.519414402544,0.0241922787391
406,0.605181830004,0.00942114554346,0.524949163198,0.0235074339435
407,0.615078903735,0.00925221989746,0.537952393293,0.0225239563733
408,0.603126250207,0.0095004302857,0.515413448215,0.0245325930882
409,0.591324107721,0.0113955043198,0.464956633747,0.0306310835294
410,0.549212185666,0.0134240107145,0.478445760906,0.0239845360629
411,0.527297884226,0.0149883471313,0.463548839092,0.0260417582467
412,0.500972533599,0.0149706794182,0.47119333595,0.0225597990211
413,0.544945959002,0.0131801796379,0.492906093597,0.0225942002144
414,0.570825450122,0.011959058058,0.508339799941,0.0224228382576
415,0.583771899343,0.0108214414213,0.512903466821,0.0220511055086
416,0.60053732805,0.0101015737455,0.519111819565,0.0223527103662
417,0.611680982634,0.00956457239226,0.532063424587,0.0221010560635
418,0.624380819499,0.00926007743692,0.540614373982,0.0215182066895
419,0.622934442014,0.00905638758559,0.539917968214,0.0217125797644
420,0.619447112083,0.00899531584582,0.54271543026,0.0215943765361
421,0.635243598372,0.00885714153992,0.544543474913,0.0215154970065
422,0.641853090376,0.00878341370844,0.544536247849,0.0221593976021
423,0.64601098001,0.00864666287089,0.546963378787,0.0217608932871
424,0.640905018896,0.00864095601719,0.545774310827,0.0217988260556
425,0.638782424852,0.00854425280704,0.547659695148,0.0216225220356
426,0.633213145658,0.0085625644424,0.552827522159,0.0214201770723
427,0.643328573555,0.00850301980972,0.553239911795,0.0216568219475
428,0.641184134409,0.00846700498369,0.554772868752,0.0213900108356
429,0.648678068072,0.00837332519586,0.557599648833,0.02122733742
430,0.651974629611,0.00833017347031,0.55362918973,0.0216942843981
431,0.655117873102,0.00832647018251,0.557242184877,0.0215013404377
432,0.656049862504,0.0082335198822,0.558426275849,0.0217004562728
433,0.657447237521,0.00818804261507,0.561818823218,0.0214678798802
434,0.658472213894,0.00811868740129,0.556911066175,0.0219817215111
435,0.657855827361,0.00803295662627,0.553463503718,0.0223113284446
436,0.642297485843,0.00805390116875,0.556101039052,0.0219484795816
437,0.655697613955,0.00797180650989,0.557202905416,0.0220432793722
438,0.660580182448,0.00790811638581,0.55989639461,0.0219761061016
439,0.667971588671,0.00789451180026,0.550804108381,0.0229408869054
440,0.666276115924,0.00786818980123,0.551999121904,0.0230925411452
441,0.660214552656,0.00785369094228,0.556061297655,0.0226965188049
442,0.674728691578,0.00781480330625,0.558076366782,0.0223474777304
443,0.65970107168,0.00779959294596,0.565218836069,0.022057578899
444,0.670185234398,0.00777947975439,0.563249230385,0.022485930007
445,0.671781748533,0.00768035408692,0.561079666018,0.0223774665501
446,0.658247394487,0.00767425421509,0.560544446111,0.0225425236858
447,0.670274946839,0.00763057242148,0.565839752555,0.0219274228439
448,0.662512211129,0.00757451789104,0.569787964225,0.0219952147454
449,0.678052764386,0.00758514221525,0.563105747104,0.0223427300807
450,0.667929843068,0.00751303712605,0.570720359683,0.0219223690219
451,0.683157891035,0.00746853885357,0.569969758391,0.021679011872
452,0.666654001921,0.00751015194692,0.567688554525,0.0224119981285
453,0.681317660958,0.00754245161079,0.573584586382,0.0218186674174
454,0.677572622895,0.00749261656892,0.572677388787,0.0215676925145
455,0.6702890452,0.00741511705564,0.570671334863,0.022096987348
456,0.670638021082,0.00740894846967,0.568838149309,0.0222744788043
457,0.67937804386,0.00733395165298,0.575613245368,0.0218072233256
458,0.685379024595,0.00733689789195,0.574200600386,0.0219656161498
459,0.682198662311,0.0073000031407,0.581139445305,0.0217169558164
460,0.683142419904,0.00734041797114,0.57477197051,0.021750420332
461,0.68516921252,0.00727898685727,0.577385351062,0.0214536660351
462,0.681893255562,0.00715419094195,0.573558136821,0.0218732252251
463,0.694508865476,0.00712975545321,0.577155172825,0.0219337355811
464,0.687443569303,0.00708068395033,0.574190422893,0.022396866465
465,0.698163062334,0.00703454762697,0.572549417615,0.0224291186314
466,0.702330138534,0.0070057452831,0.580403745174,0.0217425194569
467,0.697948217392,0.00704559084261,0.587354689837,0.0215929443948
468,0.701417803764,0.00700419110944,0.577323749661,0.0221167507116
469,0.694319326431,0.00692758787773,0.581098377705,0.0220440183766
470,0.698588039726,0.00695633739815,0.574265033007,0.0220359894447
471,0.700522825122,0.00698314150213,0.59538269043,0.0213385976385
472,0.69900251925,0.00707518766285,0.578327655792,0.0223246864043
473,0.702255740762,0.00696115579922,0.583477273583,0.0218716519885
474,0.701269160956,0.00689733115723,0.586805164814,0.022078813985
475,0.706040460616,0.00676419810043,0.588507458568,0.0216272450052
476,0.706983525306,0.00671101053013,0.582380592823,0.0222536046058
477,0.707088876516,0.0067351788166,0.587377086282,0.0219799713232
478,0.712809961289,0.00665622402448,0.592914879322,0.021756968461
479,0.71294574067,0.00663157962845,0.585489526391,0.0222234842367
480,0.716619618237,0.00666635201196,0.586844235659,0.0221331361681
481,0.708784021437,0.00668117462192,0.593426957726,0.0215278533287
482,0.713867679238,0.00656206195708,0.588996499777,0.0222839249764
483,0.709689468145,0.00656463962514,0.585331097245,0.0226343688555
484,0.713015493006,0.00655638947501,0.587028682232,0.02266918635
485,0.716236174107,0.00659254993661,0.595082253218,0.0215384399053
486,0.704039394855,0.00660271866946,0.585137933493,0.0221255724318
487,0.705636467785,0.00657197632245,0.591725975275,0.0225360500626
488,0.716133527458,0.00654343515635,0.599443897605,0.0214444587473
489,0.718892343342,0.0064320974343,0.592099174857,0.0223420576658
490,0.722457733005,0.00641172888572,0.592454344034,0.0223396052606
491,0.713299226016,0.00636154221138,0.600033804774,0.0216740774922
492,0.722089771181,0.00631907850038,0.601785689592,0.0215221780818
493,0.725671619177,0.00625014287652,0.601678431034,0.0218053243589
494,0.724725309759,0.00626572556212,0.600686132908,0.0223396471702
495,0.722979851067,0.0064554013079,0.596318945289,0.0218127958942
496,0.703519817442,0.00664526133914,0.593711674213,0.0225294048432
497,0.71968761459,0.00647303592996,0.596092060208,0.0220880191773
498,0.727745193988,0.00631630042335,0.605376988649,0.0212097752374
499,0.722010839731,0.00619434425607,0.600866362453,0.0220743753016
500,0.732813216746,0.0061953093682,0.599468722939,0.0218155160546
501,0.731836266816,0.00615417817608,0.603529706597,0.0219133663923
502,0.729983385652,0.00613707440789,0.601872161031,0.0219652461819
503,0.726923249662,0.00618999110884,0.60952039063,0.0214433576912
504,0.731028620154,0.0061261888477,0.605529040098,0.0213885500561
505,0.732188891619,0.00601528269181,0.603941380978,0.0220897640102
506,0.731794603169,0.00612569903024,0.590400919318,0.0230812807567
507,0.734729405493,0.00611911871238,0.604219093919,0.0226916458923
508,0.718935020268,0.0061765001592,0.600871890783,0.0220095566474
509,0.735929347575,0.00604648664012,0.607084810734,0.0217681899667
510,0.737085033208,0.0059547789424,0.610797598958,0.02172980248
511,0.741413075477,0.00587899467791,0.603115409613,0.0224742731079
512,0.739690996706,0.00593447318533,0.603293925524,0.0223770358134
513,0.732912119478,0.00588156931917,0.612443462014,0.0217083524913
514,0.739527858794,0.00592062195938,0.609905734658,0.0217693480663
515,0.742937598377,0.00593058107188,0.612563729286,0.021665384993
516,0.736608508974,0.00601390577503,0.598782256246,0.0222889482975
517,0.742872543633,0.00594972237013,0.61164163053,0.0219657551497
518,0.738795526326,0.00601573933091,0.597451388836,0.0224268804304
519,0.738255809993,0.00590720628679,0.612908020616,0.0216957784723
520,0.745645835996,0.00570700629032,0.608825936913,0.0225805719383
521,0.736805208027,0.00576887754141,0.612865015864,0.0218703281134
522,0.730370175093,0.00571123303962,0.610241025686,0.0221396090928
523,0.741072013974,0.00566990894731,0.612320229411,0.0222173957154
524,0.753964524716,0.00565890572034,0.607589840889,0.022722203983
525,0.749734759331,0.00574419737677,0.612969383597,0.0222708247602
526,0.752278853208,0.00565088773146,0.60937513411,0.0227198768407
527,0.752043943852,0.00568179285619,0.611985728145,0.0223816065118
528,0.758409712464,0.00558930877014,0.606365427375,0.0231920443475
529,0.746484916657,0.00561990923597,0.611766159534,0.0228428174742
530,0.74533194676,0.00567373784725,0.61997692287,0.0219436311163
531,0.753616072237,0.00566533370875,0.614072054625,0.0221575254109
532,0.72781171836,0.00572054144868,0.606903076172,0.0227423603646
533,0.75251025334,0.0056550430163,0.614801779389,0.0223414986394
534,0.755154281855,0.00568593092612,0.60105201602,0.0230685728602
535,0.759978532791,0.00557062974258,0.617902204394,0.0224256725051
536,0.75708322227,0.00555008092488,0.61750921607,0.0217287528794
537,0.766164716333,0.00542454975948,0.618489086628,0.0225445735268
538,0.755866073072,0.00540058503975,0.61427500844,0.0229303017259
539,0.765759319067,0.00537506343971,0.621054857969,0.0224909186363
540,0.768883407116,0.0053529334109,0.622030496597,0.0224415012635
541,0.751191783696,0.00546480155026,0.620306909084,0.0224291419145
542,0.757744912058,0.00547928096785,0.616789013147,0.0224932711571
543,0.765854183584,0.00539245514665,0.617705792189,0.0229058712721
544,0.766819112003,0.00533784496656,0.62532146275,0.0221171658486
545,0.769887857139,0.00534131456516,0.620943680406,0.0228498820215
546,0.761783313006,0.00536890211515,0.62194699049,0.0230468390509
547,0.76381085813,0.00530822292785,0.624777555466,0.0222017213237
548,0.762753058225,0.00532401030068,0.62017583847,0.0224147562403
549,0.76450105384,0.00537748890929,0.627428472042,0.0221235982608
550,0.769100274891,0.0053873853758,0.601110860705,0.0238825990818
551,0.760757133365,0.00552741897991,0.620395302773,0.0224526152015
552,0.762827731669,0.00543764849135,0.619449660182,0.0230344792362
553,0.764098476619,0.00534323653847,0.62698829174,0.0223688790575
554,0.766352318227,0.00529634630948,0.622884646058,0.0229724009987
555,0.770726747811,0.0051396562194,0.626428410411,0.0223675123416
556,0.773568939418,0.00514683914662,0.618651643395,0.0230482853949
557,0.773736651987,0.00503237170051,0.63242714107,0.0219981500413
558,0.772171188146,0.00502371798211,0.631811290979,0.0221942937933
559,0.756539925933,0.00530637733755,0.622760102153,0.0229175572749
560,0.771626520902,0.0052926398057,0.624074786901,0.0229196350556
561,0.767802301794,0.00516457999765,0.62250174582,0.0228596378583
562,0.778579402715,0.00508709718997,0.628759622574,0.022817392135
563,0.778732653707,0.00503480674524,0.629763364792,0.0225654507522
564,0.78171217069,0.00495880664675,0.628692820668,0.0233486264478
565,0.78217337653,0.00496407445462,0.624715387821,0.0237494264729
566,0.777180381119,0.00495779351331,0.639273166656,0.0220691887662
567,0.779427245259,0.00504057345097,0.627280041575,0.0230739391409
568,0.771640717983,0.00516740689636,0.616230159998,0.0241209079977
569,0.77576045692,0.00506986974506,0.637796089053,0.0225343611091
570,0.786860112101,0.0050027816178,0.629757985473,0.0230109207332
571,0.784345965832,0.00495185273758,0.635654002428,0.022870587185
572,0.786307360977,0.00500010306132,0.632781162858,0.0228425229434
573,0.774019088596,0.0049475448468,0.629097014666,0.0231568808667
574,0.784663893282,0.00487482058816,0.638342007995,0.0225288663059
575,0.786698430777,0.00482303395984,0.631136119366,0.0233844546601
576,0.792632304132,0.00481770806073,0.634953483939,0.0229519824497
577,0.788768518716,0.00480448873714,0.630705863237,0.023383716587
578,0.78971978277,0.00471310505236,0.63366137445,0.0234701866284
579,0.784459963441,0.00474397937069,0.632321834564,0.023326120805
580,0.759991738014,0.00483498793619,0.633174404502,0.0231911588926
581,0.784700855613,0.00484987907112,0.626813650131,0.0235269973055
582,0.79010938853,0.00489483395359,0.632529050112,0.0227241250686
583,0.789660222828,0.00477190609672,0.634353682399,0.0225377506576
584,0.790623236448,0.0046642410307,0.625732675195,0.024641510332
585,0.786874171346,0.00466395760304,0.638241171837,0.0229814625345
586,0.795034244657,0.00467088837468,0.638058245182,0.0233613026794
587,0.797906573862,0.00462177043664,0.627476587892,0.0246524536051
588,0.796822033823,0.0046436702105,0.627061799169,0.0246304944158
589,0.783558104187,0.00483727677783,0.631074979901,0.0239441432059
590,0.782880723476,0.00506036578736,0.625177741051,0.0249443901703
591,0.783685218543,0.00504211653606,0.62582616508,0.0246517425403
592,0.782351404428,0.00501126209565,0.636185675859,0.0223606009968
593,0.783942691982,0.00499884539749,0.636767402291,0.0234215401579
594,0.792420864105,0.00473735050764,0.630143195391,0.0236613447778
595,0.779558762908,0.00474531816144,0.637241587043,0.0236114524305
596,0.802733477205,0.0045891237678,0.636500924826,0.023371570278
597,0.793557014316,0.0045231027907,0.643180415034,0.0232211346738
598,0.801149275154,0.00457620559609,0.640957161784,0.0234105866402
599,0.794317081571,0.00449450098677,0.643319919705,0.0231411585119
600,0.801539231092,0.00455633386446,0.635205820203,0.0237059097271
601,0.805739060044,0.00452220266743,0.649442330003,0.0225940751843
602,0.808377884328,0.00445321871666,0.638565719128,0.0238501403946
603,0.806490175426,0.00444795298972,0.639058515429,0.0237813000567
604,0.810299351811,0.00449017132632,0.63964112103,0.0240078708157
605,0.801189310849,0.00447552814148,0.635345652699,0.0237402054481
606,0.807977445424,0.00445056962781,0.640860810876,0.0238577662967
607,0.807397339493,0.00450037550763,0.631926327944,0.0251446445473
608,0.805537413806,0.00440342898946,0.63312536478,0.0251673981547
609,0.810109611601,0.00441250321455,0.639508038759,0.0239896751009
610,0.808734424412,0.00435516081052,0.647245824337,0.0235357936472
611,0.808803528547,0.00441576316371,0.630597010255,0.0252830383833
612,0.808932907879,0.00445206473523,0.645296797156,0.0239524911158
613,0.804168999195,0.00444187865651,0.636042654514,0.0248814418446
614,0.810569375753,0.00436669742339,0.640771329403,0.0238648429513
615,0.80115518719,0.00431777976337,0.640622198582,0.0245601618662
616,0.81081648916,0.00430482161755,0.64096994698,0.0239412954543
617,0.813225418329,0.00424285413465,0.639000073075,0.0250960492995
618,0.819267831743,0.0041961849347,0.638927459717,0.024682538351
619,0.818585496396,0.00426552238059,0.647655665874,0.0237903785892
620,0.81484605372,0.0042779519863,0.64334949851,0.0242393421941
621,0.8171486184,0.00429872733366,0.642655283213,0.0245882261079
622,0.816240053624,0.00431829833542,0.648178100586,0.0233394610696
623,0.810062963516,0.00452992880309,0.631522610784,0.0247871608008
624,0.799188602716,0.00466056021105,0.642804816365,0.0239065284841
625,0.810012299567,0.00450273884053,0.639741301537,0.0240064633545
626,0.814336229116,0.00433702276496,0.644306659698,0.0240441099741
627,0.818294376135,0.00421594077488,0.651596069336,0.0231315596029
628,0.820179708302,0.00418894781615,0.641114994884,0.0245683901012
629,0.817097257823,0.0041933960747,0.649216219783,0.0234031153377
630,0.820390313864,0.00418860926584,0.649288594723,0.0237774895504
631,0.815689329058,0.00413955000113,0.645094528794,0.0241263238713
632,0.808174539357,0.00433000680641,0.642678156495,0.0239170789719
633,0.81257814914,0.00417091069539,0.649321198463,0.0236274520867
634,0.813085786998,0.00413675299205,0.655294820666,0.0233526045922
635,0.823461279273,0.00414420686138,0.635901331902,0.025531928055
636,0.81621735543,0.00432441511657,0.638162538409,0.0244014924392
637,0.81241555512,0.00430670606147,0.655692175031,0.0228469520807
638,0.819156073034,0.00414360621653,0.64929959178,0.0242893521208
639,0.823101833463,0.00407010692288,0.648303061724,0.0244897843804
640,0.81684845686,0.00400674564298,0.648903042078,0.024539599428
641,0.828441254795,0.00392908927461,0.644126921892,0.0247138882987
642,0.823915462941,0.00401607484673,0.65253277123,0.0241371358279
643,0.827399298549,0.00407978457224,0.637528672814,0.0259447358549
644,0.816152110696,0.00401135125139,0.643445327878,0.0249139806256
645,0.828918743879,0.00400788357365,0.656052976847,0.023903616704
646,0.820965994149,0.00412127599702,0.648891583085,0.024063314544
647,0.821176238358,0.00416220161424,0.640310242772,0.0251410128549
648,0.823807809502,0.0041990038153,0.662063673139,0.0233135484159
649,0.820061318576,0.0040839479625,0.655610948801,0.0237768916413
650,0.828075118363,0.0040026223287,0.650589212775,0.0247428428847
651,0.830384407192,0.00394238563604,0.659377261996,0.0233950060792
652,0.827752232552,0.00397515433724,0.654307410121,0.0240645143203
653,0.828250158578,0.00386769397301,0.656860157847,0.0243866599631
654,0.836989920586,0.00384104985278,0.659525319934,0.0237945653498
655,0.832289114594,0.00389123430068,0.653614342213,0.024790145224
656,0.826313339174,0.0039831455797,0.655802845955,0.0241135305259
657,0.834416262805,0.00387079965731,0.661209061742,0.023317793617
658,0.830518640578,0.00384097233473,0.647907316685,0.024522844702
659,0.835190884769,0.00389723628177,0.654676631093,0.0240192443598
660,0.833916444331,0.00382622321195,0.654976785183,0.0246756244451
661,0.833230040967,0.00385535626265,0.659858629107,0.0234583558049
662,0.834637351334,0.00378925378027,0.655985638499,0.0240993294865
663,0.836076460779,0.00380176525505,0.654834032059,0.024622971192
664,0.837797217071,0.00374510927941,0.658900499344,0.024174080696
665,0.839235726744,0.00374324752192,0.662773221731,0.0245155435987
666,0.835100602359,0.00374108122196,0.658887133002,0.0246049547568
667,0.831966403872,0.00390212740604,0.641308307648,0.0259757158346
668,0.835195217282,0.00389962387271,0.65134178102,0.0250119830016
669,0.834141191095,0.00381965376437,0.656659603119,0.0246858983301
670,0.827356338501,0.00410642582574,0.642594903708,0.0257494328544
671,0.814936034381,0.00436748962966,0.641204297543,0.0260876752436
672,0.828063003719,0.00408182460524,0.649520233274,0.0245952736586
673,0.830314986408,0.00408111367142,0.650411903858,0.0247181064915
674,0.822654541582,0.0040091083647,0.644575640559,0.0270320759155
675,0.830107331276,0.00402253988432,0.657987996936,0.0243599959649
676,0.830036014318,0.00399355951231,0.643766328692,0.026496599894
677,0.832888495177,0.00386978952156,0.644192829728,0.025741933845
678,0.838977362961,0.00379101424187,0.665275037289,0.0238749145065
679,0.840678047389,0.00381162740814,0.654637143016,0.0248179519549
680,0.841859549284,0.00371021189494,0.654937550426,0.0253677321598
681,0.838045489043,0.0036779680886,0.659803554416,0.0250317517202
682,0.844948686659,0.00363705551717,0.659990459681,0.0251957704313
683,0.836068689823,0.00363160645793,0.657997518778,0.0251880928408
684,0.843870192766,0.00365355280519,0.65903647244,0.0253803287633
685,0.826541345567,0.0036796752247,0.652045637369,0.0262923568953
686,0.838069457561,0.00375879912463,0.654378786683,0.0253184086177
687,0.840931978077,0.00371283209824,0.658744558692,0.0254553232808
688,0.84188304469,0.00386077660369,0.648244842887,0.0261670663022
689,0.840703207999,0.00368836459529,0.656448751688,0.0258358109277
690,0.843306563795,0.00365979335038,0.653896600008,0.0258781444281
691,0.846362251788,0.00362390984083,0.659296944737,0.0254432363436
692,0.84156838432,0.0037651265302,0.651888281107,0.0261564401444
693,0.827005866915,0.00396664071741,0.656058862805,0.0252994592302
694,0.836651373655,0.00380163981754,0.661759153008,0.024376072688
695,0.840462900698,0.00371998791525,0.665809005499,0.0244747414254
696,0.847829233855,0.00359354060492,0.655537962914,0.026280561462
697,0.84317496419,0.00363007889973,0.656452342868,0.0256868926808
698,0.846859641373,0.00350205706491,0.669503957033,0.024695409229
699,0.843893527985,0.0036156375354,0.648529618979,0.0269930246286
700,0.848480280489,0.00358456026152,0.664270937443,0.0253124511801
701,0.841879017651,0.00363024906983,0.647964954376,0.0265831949655
702,0.834472112358,0.00394647080975,0.651774019003,0.0259230684023
703,0.829403012991,0.00429741031257,0.635016396642,0.0272273924202
704,0.825754739344,0.00416772938479,0.658222362399,0.0244104652666
705,0.827397234738,0.00396653941425,0.658790886402,0.0243290583603
706,0.839748084545,0.00382439978421,0.654600471258,0.0253903483972
707,0.836687803268,0.00383412743395,0.658476650715,0.0250438679941
708,0.844947226346,0.00371171740699,0.658983036876,0.0248946761712
709,0.840213079005,0.00366051809397,0.665521323681,0.0237973893527
710,0.853146161884,0.00344250912894,0.656806245446,0.0262531968765
711,0.857704345137,0.00339121675643,0.665938958526,0.0252014296129
712,0.857469957322,0.00336107854673,0.661623179913,0.0261834922712
713,0.854047641158,0.00341457188188,0.657459303737,0.0260818041861
714,0.85650627315,0.00337906027562,0.664027020335,0.0258805523627
715,0.857155494392,0.00331617247139,0.666630104184,0.0252375516575
716,0.855696748942,0.00337653122551,0.669617578387,0.0248390703928
717,0.857545092702,0.00338530549197,0.664459347725,0.0258015480358
718,0.858381040394,0.00341760775336,0.657336905599,0.0260140367318
719,0.849563281983,0.00353724541492,0.657845810056,0.0259713768028
720,0.844770889729,0.0037635408662,0.659973114729,0.025202430319
721,0.852593656629,0.00353256732342,0.66732648015,0.0245963917114
722,0.853381164372,0.0034262313784,0.663027107716,0.0259584460873
723,0.860740013421,0.00335268798517,0.665297627449,0.0258004120551
724,0.856857959181,0.00336959096603,0.667076781392,0.0252630566247
725,0.857820563018,0.00327903744619,0.656746849418,0.0262395171449
726,0.862001359463,0.00328211838496,0.669519603252,0.0250745711382
727,0.857669245452,0.0033738395432,0.664595022798,0.0263041509315
728,0.851647656411,0.0035570251348,0.657104372978,0.0270393076353
729,0.855710048229,0.00354213280661,0.657138079405,0.0267235937063
730,0.857235360891,0.00339643729239,0.665797308087,0.0254764300771
731,0.858905240893,0.00333181145834,0.66335876286,0.0264364995528
732,0.859672565013,0.00333301445062,0.656216576695,0.0273504010402
733,0.860819157213,0.00326830547419,0.663201570511,0.0260734437034
734,0.861881759018,0.00328270318278,0.656441271305,0.0269247996621
735,0.852861464024,0.00349859058042,0.660403579473,0.0265237556305
736,0.859326880425,0.00340272516769,0.659787788987,0.0258662444539
737,0.854821190238,0.00357631538645,0.66334117949,0.0260447491892
738,0.854742031544,0.00341820855101,0.665767654777,0.0259857014753
739,0.857117865235,0.00335698606068,0.666302144527,0.0262974242214
740,0.863197781146,0.00319306636811,0.666189968586,0.0261499523185
741,0.865755580366,0.00323824976658,0.666319489479,0.0265488191508
742,0.862919885665,0.00323328169179,0.661675587296,0.0274503345136
743,0.860449399799,0.00325990267447,0.665905028582,0.026710389182
744,0.860211152583,0.00339124651509,0.665738552809,0.0264516607858
745,0.864082660526,0.00331345260929,0.667579129338,0.0260670112912
746,0.848449725658,0.00342259163881,0.655102074146,0.0269987063948
747,0.86030895263,0.00338748650393,0.665585249662,0.0264348932542
748,0.856892377138,0.00334271862812,0.657145068049,0.0273256218061
749,0.855995733291,0.00331734109932,0.673088669777,0.0259158678818
750,0.86791818589,0.00313662258122,0.662574380636,0.0273406850174
751,0.865874689072,0.00310502538196,0.667168915272,0.0274487314746
752,0.868090666831,0.00316627601569,0.671423450112,0.0260517955758
753,0.868234835565,0.00311496206996,0.66588512063,0.0273134340532
754,0.868017230183,0.003171671975,0.673991784453,0.0258620830718
755,0.865036681294,0.0032557539671,0.661483094096,0.0276792896912
756,0.866045635194,0.00315966924973,0.670140877366,0.0266220839694
757,0.866840455681,0.0031425469715,0.661893010139,0.0279322238639
758,0.868734780699,0.00306512267707,0.668087780476,0.0268602482975
759,0.868545334786,0.00310068683029,0.669372782111,0.0269448193721
760,0.868590313941,0.00303827621974,0.666233554482,0.0274348431267
761,0.872346654534,0.00308777674945,0.669223114848,0.0270091455895
762,0.874538619071,0.00303373471252,0.6611045748,0.0281411367469
763,0.873658318073,0.0030185758369,0.66747610271,0.0269149763044
764,0.873012989759,0.00307872827398,0.671771496534,0.026601282414
765,0.872439395636,0.00306323509722,0.664466932416,0.0281477323733
766,0.871723588556,0.00304143973335,0.662836536765,0.0281776261982
767,0.873421248049,0.00306693107268,0.660474091768,0.028390369378
768,0.869199629873,0.00305350422423,0.666483461857,0.0272693478037
769,0.871433183551,0.00306625760277,0.669081151485,0.0273019257002
770,0.868786469102,0.00308170456265,0.659528508782,0.0282508279197
771,0.868863571435,0.00305698450393,0.674366012216,0.02612494817
772,0.870062209666,0.00307989843714,0.663760751486,0.028041085694
773,0.872117459774,0.00302668190125,0.662962794304,0.0285299359821
774,0.8719564192,0.00300273554603,0.664398610592,0.0280230173375
775,0.878146007657,0.00295393993292,0.67292059958,0.0273918898311
776,0.877049058676,0.00298110026779,0.673928752542,0.0275573236868
777,0.873857047409,0.00301985499391,0.663672551513,0.0287225712091
778,0.869693282992,0.00299820246437,0.669215589762,0.027473510243
779,0.875660326332,0.00293722384959,0.66849142313,0.0283793976996
780,0.875853136182,0.00301913577277,0.674306169152,0.0273122701328
781,0.860318571329,0.00317302862095,0.669188603759,0.0274316165596
782,0.867584597319,0.00321369605808,0.666780158877,0.027018055087
783,0.871817868203,0.00306005047605,0.661368653178,0.0288919245359
784,0.876282956451,0.00297946833598,0.666698306799,0.0280345722567
785,0.872850045562,0.00298618474335,0.667603433132,0.0280441206414
786,0.878290593624,0.00289344398334,0.665656253695,0.0279294156935
787,0.880116403103,0.00288673779869,0.671138167381,0.028027695138
788,0.878156818449,0.00293439742381,0.670131132007,0.0271964659914
789,0.875194393098,0.00294302653492,0.670588582754,0.0276750053745
790,0.874665230513,0.00304210220929,0.653777435422,0.0300106187351
791,0.870500169694,0.00316586876579,0.673234030604,0.0269040954299
792,0.874108195305,0.00311850270373,0.657034918666,0.029442478437
793,0.865416496992,0.00334389132331,0.662602841854,0.0282760409173
794,0.872293382883,0.00307372028328,0.657901033759,0.0290070523042
795,0.874812077731,0.00302220306912,0.672667235136,0.0270020670723
796,0.876367431134,0.0029314912681,0.669828370214,0.0276511805132
797,0.873422838748,0.00300441709987,0.670107454062,0.0281252583954
798,0.878737911582,0.00293209312076,0.664860650897,0.0281494553201
799,0.874121185392,0.00295327114873,0.66672898829,0.0279007307254
800,0.874281816185,0.00310766292387,0.670171931386,0.0274363758508
801,0.867319442332,0.00324357875797,0.663972765207,0.0284148536157
802,0.874638468027,0.00308574382507,0.663150563836,0.0286841357592
803,0.87727913633,0.00295200936671,0.663269460201,0.0294125259388
804,0.880849856883,0.00285932153201,0.659689322114,0.0301599088125
805,0.879741087556,0.00289392417471,0.67258413136,0.0280419550836
806,0.877788875252,0.00297385553858,0.657254859805,0.0295877102762
807,0.868974413723,0.00309453084628,0.673168808222,0.0277765803039
808,0.870361868292,0.00311717680233,0.664439439774,0.0276313989889
809,0.877287328243,0.00294702583778,0.66239503026,0.0288062791806
810,0.880139864981,0.00292837964662,0.662611111999,0.0289319963194
811,0.87774528563,0.00291424294846,0.656334608793,0.0296113984659
812,0.876629795879,0.00295532561722,0.668134495616,0.0279901283793
813,0.877360962331,0.00297838282859,0.668050765991,0.0279780130368
814,0.869191240519,0.0030211371959,0.665720105171,0.0284026898444
815,0.876888807863,0.00294405702152,0.667038500309,0.0284161770251
816,0.878068618476,0.00295263607404,0.655105575919,0.0297313355841
817,0.880911961198,0.00291513004777,0.663247525692,0.0293547427282
818,0.882114741951,0.00285473149415,0.661437913775,0.0293377414346
819,0.876178950071,0.00292719704157,0.670230433345,0.0278529447969
820,0.880840875208,0.00291978480527,0.660693287849,0.0293566472828
821,0.879016909748,0.00296497836825,0.66059049964,0.0299328283872
822,0.874011348933,0.00296432420146,0.677316337824,0.0260616384912
823,0.875205654651,0.00323088548612,0.647572085261,0.0301925500389
824,0.871266812086,0.00314898020588,0.663153737783,0.0280038916972
825,0.88267224282,0.0028616173804,0.65596742928,0.0306754000485
826,0.881612505764,0.0028061319972,0.673480272293,0.0283992593177
827,0.876849871129,0.00315327054705,0.64826695621,0.0315341365058
828,0.872025154531,0.00322265931754,0.666883170605,0.0283484382089
829,0.873213104904,0.00311781048367,0.660175770521,0.0304133738391
830,0.882254447788,0.00288978302706,0.668560832739,0.0293218924198
831,0.879328858107,0.00291162697249,0.659410983324,0.0307033983991
832,0.873897202313,0.00310663236451,0.657683268189,0.0304058983456
833,0.878684189171,0.00296514185902,0.669176697731,0.0280904509127
834,0.883552674204,0.00291122581257,0.664154291153,0.0295890723355
835,0.883232615888,0.00281989359064,0.670020878315,0.0292159158271
836,0.874225512147,0.0030617074226,0.666236281395,0.0283491786104
837,0.87445731461,0.00311868754943,0.667275980115,0.0283921794035
838,0.87970810011,0.00293690714898,0.667616575956,0.029003309086
839,0.880101688206,0.00284327450208,0.668324947357,0.0292604116257
840,0.88847277686,0.00274113556225,0.665068805218,0.030081642326
841,0.890421178192,0.00263186676602,0.666075617075,0.0304896365851
842,0.890341829509,0.00270916157024,0.667395725846,0.030192358885
843,0.89111834392,0.00262988992472,0.667124122381,0.0299687997904
844,0.890176177025,0.00270703624847,0.675739049911,0.0283357982989
845,0.887636255473,0.00270035478752,0.661287099123,0.030534489546
846,0.890609558672,0.00266869036568,0.669652551413,0.0296646789648
847,0.891104057431,0.00263245519454,0.665719255805,0.0301135040354
848,0.890511360019,0.00269404429127,0.668515741825,0.0301393275149
849,0.891571495682,0.00267400302255,0.665263012052,0.0307470085099
850,0.891259629279,0.0026567122386,0.666692271829,0.0304896528833
851,0.891636159271,0.00264683734713,0.66783580184,0.0303040798753
852,0.890419024974,0.00262396971812,0.672002181411,0.0305787259713
853,0.89348930493,0.00260749812878,0.681336477399,0.0283895649482
854,0.892550908029,0.00276132338331,0.672152251005,0.0287046625745
855,0.890751555562,0.00269691435824,0.672911584377,0.0283981929533
856,0.891775216907,0.00261008991947,0.675015687943,0.0292958996724
857,0.890307568014,0.00268391436111,0.67198176682,0.0287134805694
858,0.891646470875,0.00270222156541,0.67377358675,0.0288667529821
859,0.885253239423,0.00277853117586,0.667462974787,0.0288511407562
860,0.884547531605,0.00282987924584,0.67865216732,0.0277123381384
861,0.88927173987,0.002760317926,0.673332259059,0.0283488708083
862,0.892078038305,0.00270633149921,0.657381772995,0.0311165801249
863,0.883724272251,0.00292144626292,0.677437916398,0.0280221104622
864,0.883477535099,0.00295178511442,0.664096593857,0.0282507832162
865,0.881358515471,0.00295888780965,0.671677023172,0.0287890960462
866,0.885942369699,0.00280445769022,0.675891801715,0.0280827297829
867,0.890063997358,0.00265014274919,0.669002756476,0.0298805062193
868,0.893059510738,0.00259174309031,0.662704393268,0.030138453003
869,0.893695019186,0.00260115632409,0.673745766282,0.0287467187736
870,0.894971992821,0.00256379237544,0.669592291117,0.0303021189757
871,0.894186351448,0.0026340680779,0.664647653699,0.0307809058577
872,0.891908999532,0.00261757979752,0.673649534583,0.0292767498177
873,0.892393767834,0.00267429510859,0.664721757174,0.0306869975757
874,0.894957017154,0.00259446418931,0.67436298728,0.0296035932843
875,0.896593518555,0.00261932257854,0.673547446728,0.0295718072448
876,0.896069101989,0.00259411251318,0.673944026232,0.0298879588954
877,0.896072946489,0.00255661198025,0.673998489976,0.0296387895942
878,0.899464439601,0.00252047216054,0.667396456003,0.0305196598638
879,0.892961546779,0.00262388809642,0.665740653872,0.0309359370731
880,0.891414992511,0.00261322973529,0.668356820941,0.0303774082568
881,0.897942747921,0.00249667510798,0.677015900612,0.0297835441306
882,0.895124398172,0.00259243282198,0.66628330946,0.0305786523968
883,0.895287334919,0.0025830068189,0.674694553018,0.0290534798987
884,0.896510068327,0.00251932218089,0.671699300408,0.030124043813
885,0.89762981236,0.00250410146691,0.672137126327,0.0297946003266
886,0.897027596831,0.00250939851321,0.679626524448,0.0293116795365
887,0.900035332888,0.00244703621865,0.66537258029,0.0318177319132
888,0.901384778321,0.00243662957655,0.66711781919,0.0316977566108
889,0.900769952685,0.00245158347388,0.672642618418,0.030912799295
890,0.9000980407,0.00248718098737,0.665144920349,0.031973388046
891,0.895315874368,0.00257838616017,0.678611814976,0.0295837612357
892,0.894013270736,0.00244634624687,0.659020736814,0.0328181483783
893,0.898938264698,0.00254189872066,0.674636825919,0.0299904239364
894,0.8945357427,0.00262530025793,0.67026335001,0.0307130063884
895,0.897368300706,0.00255963602831,0.678309604526,0.0293046697043
896,0.897163636982,0.0025583182869,0.671162098646,0.0302751997951
897,0.895258747041,0.00256821489893,0.67647396028,0.0299566346221
898,0.897491626441,0.00251839525299,0.674507841468,0.0305220412556
899,0.899675626308,0.00247501166086,0.672983080149,0.0305993002839
900,0.898567482829,0.00249021776108,0.661140650511,0.0321379336528
901,0.899013958871,0.00251542363549,0.667856812477,0.0312611483969
902,0.895303886384,0.0026687605714,0.676476433873,0.0292087383568
903,0.894040223211,0.00272506274632,0.655350238085,0.0337151987478
904,0.885879639536,0.0029487746142,0.673034101725,0.029142129235
905,0.889437254518,0.00273854860279,0.66811658442,0.0315033062361
906,0.892834275961,0.00276833341923,0.668710157275,0.0295364588965
907,0.889841657132,0.00275259403861,0.665837183595,0.0308177254628
908,0.889333147556,0.00268542318372,0.66636659205,0.0319159266073
909,0.895254094154,0.00255241353443,0.657771348953,0.0339239984751
910,0.895949862897,0.00252376802018,0.666887626052,0.0328507972881
911,0.898779176176,0.00252012062265,0.672079920769,0.0308237788267
912,0.900171369314,0.00245749349415,0.668347984552,0.0320121529512
913,0.89991908893,0.00242037794669,0.667101889849,0.0328067387454
914,0.903123520315,0.00243958977808,0.6596442312,0.0330168397631
915,0.904438916594,0.00236587438121,0.67104434967,0.0323226104956
916,0.901206400245,0.00244516987732,0.662654027343,0.0329637848772
917,0.900264557451,0.00245764439751,0.669437736273,0.0322037055157
918,0.901851154864,0.00245476258715,0.671469166875,0.031178957317
919,0.904001139104,0.00238202805485,0.673310652375,0.0317346756347
920,0.900062017143,0.00250628339563,0.674298167229,0.0313987785485
921,0.90199643746,0.00240850306363,0.67421169579,0.0315265539102
922,0.903229337186,0.00244527302129,0.677560374141,0.0302221893799
923,0.900627125055,0.0024603178972,0.673507928848,0.0305656495038
924,0.89797309041,0.0026127988167,0.663666367531,0.0326736811548
925,0.89696932584,0.00264858096489,0.666572749615,0.031498974422
926,0.896923538297,0.00260312537284,0.670096740127,0.030571433017
927,0.899035677314,0.00251000744902,0.675653979182,0.0302247351501
928,0.903356369585,0.00240085733094,0.66691839695,0.032038888894
929,0.903446421027,0.00244536549144,0.677696719766,0.0305713573471
930,0.900531303138,0.00254347879945,0.666870832443,0.0315663991496
931,0.896573562175,0.00257686961413,0.676770210266,0.0303654037416
932,0.900849588215,0.00247773995216,0.660617589951,0.0333626531065
933,0.900643773377,0.00250654388947,0.664224848151,0.0324876017403
934,0.896379861981,0.00260274406901,0.669532239437,0.0317694793921
935,0.90071593225,0.00250689566747,0.671424150467,0.0317975415383
936,0.904399782419,0.00239262326795,0.666017144918,0.0330523501616
937,0.903923362494,0.00237777415896,0.667336061597,0.0324122172315
938,0.908031083643,0.00231923053798,0.667211607099,0.0324779069051
939,0.903121221811,0.00241174569237,0.665874138474,0.0327296066098
940,0.902242626995,0.00232947820041,0.677040576935,0.031364220893
941,0.907586988062,0.00231644235464,0.673659011722,0.031743124593
942,0.906073156744,0.00234090233425,0.670206069946,0.0326763628982
943,0.905825786293,0.00242382480792,0.663690626621,0.032779090805
944,0.90373018384,0.00241186640051,0.654304325581,0.0354121453129
945,0.902968548238,0.00239590642013,0.662241399288,0.0345521555282
946,0.904611241072,0.00235758115014,0.660135999322,0.0340801710263
947,0.906000655144,0.00235948008049,0.661655038595,0.0342803492676
948,0.904936291277,0.00237166418083,0.663296297193,0.0329322780017
949,0.904436193407,0.00242829495255,0.665474385023,0.032680675853
950,0.902347564697,0.00244141986332,0.6692558676,0.0322857731953
951,0.900463137776,0.00241252730484,0.675365105271,0.0313143499661
952,0.903193473816,0.00241910435579,0.674291133881,0.0324359512888
953,0.90280784294,0.00240368208324,0.660248830914,0.0333530390635
954,0.901478916407,0.0024730612713,0.668809965253,0.0319915660657
955,0.900859579444,0.00250994954331,0.664577916265,0.0331196768675
956,0.905617091805,0.00237961717357,0.667470052838,0.032537674997
957,0.905339214951,0.0023287118529,0.667900875211,0.0323118560482
958,0.905244097114,0.00235258508474,0.673231646419,0.0319001767784
959,0.902779083699,0.00237848745383,0.65854023397,0.0339786135592
960,0.906434271485,0.00234278957214,0.669358417392,0.0328287025914
961,0.906384922564,0.00231768833328,0.674173638225,0.0323268657085
962,0.90588176623,0.00235571876692,0.67288133502,0.0318296919577
963,0.906013861299,0.00232713349396,0.663213208318,0.0342838729266
964,0.906582474709,0.00228014973254,0.665182456374,0.0339195164852
965,0.908151362091,0.00229597248835,0.664304569364,0.0334631577134
966,0.905525941402,0.00237296837804,0.676174402237,0.0320228731725
967,0.904973525554,0.00236198891071,0.671086251736,0.0324149515945
968,0.90590749681,0.00233100396144,0.668195515871,0.0327372890897
969,0.907051332295,0.00238359306968,0.672472834587,0.0320008522831
970,0.908254787326,0.0021996042633,0.653667643666,0.0349128288217
971,0.906522404402,0.00234803987405,0.667651861906,0.0337501759641
972,0.904457334429,0.00229892886273,0.664978027344,0.0336751830764
973,0.905364301056,0.00237092887255,0.666008621454,0.033666724572
974,0.905028317124,0.0023463772668,0.665239661932,0.0337686405983
975,0.902067705989,0.00242413722299,0.667336463928,0.0338597814552
976,0.905014500022,0.00242668763531,0.67060251534,0.0319996913895
977,0.908249735832,0.00225514858903,0.667607083917,0.0331553574651
978,0.909336902201,0.00225622526341,0.67260093987,0.0325471090619
979,0.910773586482,0.00223792139877,0.66832870245,0.0333698145114
980,0.911555346102,0.00221898966265,0.674093008041,0.0323118329979
981,0.909424178302,0.00223151798127,0.672657132149,0.0325434398837
982,0.910525768995,0.00221480587061,0.673921793699,0.0327970643993
983,0.912328049541,0.00225125284487,0.67064756155,0.0334032126702
984,0.914246078581,0.00215013125853,0.66977623105,0.0337542982306
985,0.911197002977,0.00221209511074,0.668177813292,0.0335128337611
986,0.907575778663,0.00226694974845,0.668929040432,0.0338447648101
987,0.910975981504,0.00227280818217,0.670332342386,0.0331796610262
988,0.909823138267,0.00230114185251,0.669991374016,0.0327073866501
989,0.906904567033,0.00229448136815,0.673454776406,0.0326396529563
990,0.90842815116,0.00234579095559,0.660534307361,0.0343305629212
991,0.897894777358,0.00266806567379,0.671962857246,0.032067180844
992,0.90247342363,0.00245261803502,0.662993818521,0.0332213700749
993,0.900150429457,0.0024640477277,0.667104408145,0.0328161024954
994,0.910243630409,0.00228273172979,0.66361169517,0.0336801873054
995,0.911239124835,0.00222619442502,0.668452382088,0.0336081346031
996,0.910924185067,0.00218919238978,0.672314196825,0.0336624751799
997,0.909771692008,0.00229190550453,0.660659953952,0.0349413924851
998,0.908493984491,0.00226935384853,0.66897469759,0.0323602410499
999,0.91026551649,0.00227339635603,0.674677982926,0.0319257557858
