epoch,jaccard,loss,val_jaccard,val_loss
0,0.260228517924,0.654162766269,0.243822360831,0.595569523051
1,0.297030377105,0.589550643586,0.258656763825,0.577074151952
2,0.301709690393,0.56629220339,0.251284140152,0.583710732404
3,0.300849184187,0.570618795088,0.267720740287,0.542511339299
4,0.308396505258,0.550474489538,0.266587826743,0.557554309722
5,0.299023696132,0.560956856379,0.25711136232,0.546194988769
6,0.315588353653,0.525301169891,0.241479904264,0.572110341396
7,0.299808217476,0.536275772521,0.25605753733,0.538374511991
8,0.310135110205,0.522141901919,0.263444080903,0.528935067356
9,0.323363375802,0.504027927151,0.285214417375,0.484059327282
10,0.334450042218,0.483769972737,0.285975980063,0.483429634944
11,0.322848597581,0.486868822804,0.291227717786,0.469670862425
12,0.348831252131,0.454601952663,0.300228424001,0.45243104687
13,0.344401339678,0.452861781304,0.298416377778,0.454866613261
14,0.36127741835,0.43301706188,0.292763133822,0.468925831374
15,0.349509030798,0.448806671569,0.309292595739,0.435519150924
16,0.360734712778,0.430590637028,0.31873130221,0.420690988656
17,0.351638129553,0.440800196276,0.304232510621,0.439479790162
18,0.369194514799,0.41630011625,0.324380203724,0.414730705321
19,0.360171334942,0.430092578324,0.310469310502,0.429095885251
20,0.398834681282,0.3815505155,0.291298092607,0.467869536486
21,0.357830284191,0.444284200668,0.323484379342,0.413117520977
22,0.383865681692,0.396191567183,0.334090664158,0.398363676388
23,0.390379803249,0.394647451547,0.323731015209,0.411311700474
24,0.384752752581,0.39076324495,0.335523806228,0.395167670213
25,0.408246249762,0.363083324467,0.332582049383,0.393473219592
26,0.379904327828,0.395715085933,0.33895967088,0.391146735754
27,0.429353163315,0.343700100596,0.34643912628,0.391502645332
28,0.423134743523,0.345230934425,0.357581570055,0.373565217946
29,0.41313397744,0.366153127299,0.346890641758,0.391268026549
30,0.421147690781,0.356473659667,0.350684903135,0.379848590121
31,0.403224997104,0.387697354246,0.351046825476,0.386296455748
32,0.436817317485,0.344160426121,0.357003080002,0.375273943879
33,0.441603605349,0.331079183003,0.368752947245,0.369765402051
34,0.448302606336,0.325845696605,0.380547212103,0.349999139784
35,0.486724317966,0.288690552975,0.388259372381,0.346789295552
36,0.4729386903,0.310624576532,0.384807392542,0.351263189688
37,0.448322120121,0.333642254082,0.352162521104,0.388472754043
38,0.44233688853,0.334039960343,0.371911856617,0.345276677981
39,0.448852728265,0.335394159819,0.391810184048,0.335854756879
40,0.465015186857,0.309835976133,0.379352760835,0.364355999511
41,0.438433073299,0.34385631692,0.386858555487,0.342751073884
42,0.467874242853,0.322345099197,0.403529243897,0.335456265369
43,0.475602400392,0.294452341417,0.390111656641,0.348913059337
44,0.464443238557,0.312027377291,0.411450394699,0.316954954527
45,0.454325807857,0.326519290702,0.397130961174,0.322549249278
46,0.500248833771,0.276042174548,0.426002942549,0.302728322102
47,0.470722128813,0.300802472119,0.408320886048,0.336260942044
48,0.464847985851,0.317796469308,0.392123209357,0.339986392763
49,0.471623595374,0.317003882848,0.389148003398,0.341932785464
50,0.468712837786,0.318843093343,0.412959553935,0.328421181766
51,0.491203548243,0.289084934271,0.419298594714,0.311536111636
52,0.492651197629,0.275354550722,0.417154355117,0.296898429748
53,0.503646400449,0.277035143226,0.403893770879,0.346016353695
54,0.511769641621,0.278434098053,0.427637213058,0.31313304184
55,0.543243155743,0.2476295601,0.427094088732,0.311361148255
56,0.479584711395,0.307210868941,0.43121452094,0.285376412096
57,0.491650356326,0.293922741253,0.413058012632,0.318987687118
58,0.486085683158,0.292601570057,0.413450113865,0.311230061576
59,0.519491524394,0.273325880416,0.409824401613,0.34804609511
60,0.513794129412,0.282699528508,0.428915510378,0.288144930964
61,0.522180815138,0.251398032674,0.404936028788,0.291461650282
62,0.526435918999,0.26335767284,0.434639469803,0.276207923889
63,0.505240772365,0.289504901291,0.419335585466,0.300463715103
64,0.479367651548,0.311502213948,0.391061459424,0.370466669789
65,0.51274225447,0.287881864378,0.438805596738,0.289099135203
66,0.550708592511,0.243972799526,0.416825560292,0.323490618961
67,0.478715742441,0.307321434984,0.388312242145,0.29705757671
68,0.552909317197,0.236575708223,0.439095142076,0.280809046002
69,0.546231375629,0.2517630935,0.408380515884,0.304067099467
70,0.536386664385,0.265921471354,0.429419763528,0.311324601062
71,0.524185292441,0.267725084693,0.444337763992,0.259341669967
72,0.527874764312,0.255248133523,0.444572567847,0.251018619863
73,0.552836719021,0.243784326487,0.430918243261,0.284676637733
74,0.537642506027,0.279916828498,0.435998517585,0.258774331305
75,0.55345298004,0.23282319422,0.461687799296,0.255526240217
76,0.612176801723,0.211419446394,0.438743340326,0.303698322037
77,0.531572891954,0.244164236033,0.436437790876,0.307638907805
78,0.56667942044,0.235356295051,0.457661162392,0.249322620686
