epoch,jaccard,loss,val_jaccard,val_loss
0,0.0690329087576,0.714493707969,0.0731843582471,0.678471308202
1,0.0709049936671,0.663715227292,0.0728563897137,0.653595206328
2,0.0714747746869,0.640307895266,0.0727049173438,0.626851863228
3,0.0714543226103,0.617603829274,0.0747504295723,0.606652275659
4,0.0716661150263,0.596607008806,0.077060834883,0.58687346708
5,0.0722546239849,0.577011831678,0.0734866131388,0.569436206482
6,0.0729185179091,0.56096298878,0.0770519635116,0.552724097855
7,0.0728287279892,0.545414431737,0.0743073085032,0.53434907645
8,0.0746285453295,0.529218484576,0.0757420073205,0.525386035442
9,0.0726692502459,0.513409985373,0.0853789573302,0.510186836123
10,0.0729313155171,0.505510153106,0.0829850528098,0.511632934678
11,0.0708196417142,0.489165505538,0.0799897138204,0.482067125384
12,0.0735204338383,0.475482577888,0.0856335690478,0.472833754495
13,0.0723278502074,0.463133852642,0.0738001703867,0.464602783788
14,0.0735568335065,0.450737907336,0.0834500511119,0.455019338988
15,0.0721896853155,0.442129458946,0.0703860061476,0.44290292915
16,0.0697089376358,0.431478192027,0.0712446541002,0.426762794144
17,0.0710845928138,0.419491067529,0.0886941532372,0.433477832936
18,0.074273501684,0.409992732108,0.0842846589221,0.422481493093
19,0.0723853458006,0.403209788868,0.0726238176867,0.404148058034
20,0.0745328536544,0.391066449193,0.0855941365589,0.393121217377
21,0.0751548496863,0.382615723862,0.0909051900671,0.394700696692
22,0.0724824854316,0.375568583608,0.0869430438906,0.40123486286
23,0.0738270943626,0.36877605319,0.0833563311317,0.370815563481
24,0.0715586425414,0.361655089718,0.0977688528073,0.39519536728
25,0.0737290581545,0.356749690496,0.0847051345045,0.391446112189
26,0.0762650927242,0.347753313298,0.0717905241472,0.364273626357
27,0.0728692052922,0.342215031385,0.0948233252857,0.358108909335
28,0.0721329225299,0.337253396328,0.0983595160942,0.372918661684
29,0.0730942883708,0.331310149569,0.0878558581753,0.344662466086
30,0.0701991441892,0.332262968215,0.0791622456745,0.329009053763
31,0.0732375169173,0.322542914404,0.0991591468628,0.345302519854
32,0.0740916100689,0.315563241736,0.0970471692272,0.337543559261
33,0.0796519913352,0.309609306546,0.0944987217663,0.329330584966
34,0.0747993989274,0.312308781422,0.0970201234741,0.323212500662
35,0.071609780873,0.305037126518,0.10615753592,0.339715381619
36,0.0748105622255,0.298863962293,0.108224297815,0.331658609677
37,0.0753247309118,0.298275879369,0.0801937901124,0.298820237163
38,0.0734474906125,0.293009639073,0.100985429483,0.310613584705
39,0.0763105807396,0.292815462901,0.0929757671256,0.302730341209
40,0.077013579233,0.287482713851,0.102747864177,0.292377755744
41,0.0776418835784,0.281309953962,0.10679684949,0.297991754021
42,0.0813399527867,0.277646239274,0.0936085269495,0.287950071273
43,0.0785825407634,0.275175308665,0.0903868692403,0.277664801106
44,0.0749214716041,0.276862347355,0.0806476692669,0.27914519445
45,0.0754409847029,0.270900954134,0.104024264088,0.282703684876
46,0.0749364011348,0.269219687638,0.106149006402,0.281553514302
47,0.0780363333626,0.264932466241,0.0992670130217,0.273196258117
48,0.0788879101523,0.262535564315,0.0921606867923,0.261498671956
49,0.0811396966903,0.259288888138,0.09950994057,0.266931733117
50,0.0803290930075,0.256048554411,0.106693154346,0.266562701203
51,0.082628464971,0.254620889058,0.0983646772802,0.257277751109
52,0.0829363005379,0.252755045891,0.0956610888534,0.258832370397
53,0.0806812325922,0.251272887278,0.102062965219,0.2631839409
54,0.0861997782038,0.246967220536,0.104284948786,0.26010875823
55,0.0856504103599,0.246476878054,0.101369291369,0.257259344682
56,0.089875202626,0.243196833879,0.0986687098048,0.258138545789
57,0.0786735116361,0.247326140507,0.103053017316,0.253225976136
58,0.0828953983549,0.243295999101,0.106908057933,0.247343900381
59,0.0863850302994,0.239936137142,0.0992499100976,0.246304980945
60,0.0832504221023,0.240689073904,0.0997901692754,0.246904783184
61,0.0847444174668,0.237940672212,0.103598621732,0.241049353965
62,0.0897392672845,0.235972704223,0.103238922311,0.241741706617
63,0.0918737530995,0.233549448733,0.109123654023,0.241167352768
64,0.0965813646415,0.236757628333,0.102877865836,0.241174111376
65,0.0980532238117,0.235598997428,0.101195515716,0.23706069449
66,0.0998019154828,0.230199483725,0.101418501115,0.234662040137
67,0.0960007900229,0.22913449057,0.0969378282316,0.233122830512
68,0.0937248079393,0.228252159575,0.095639897685,0.230976439081
69,0.094649088569,0.226364822628,0.0924761627684,0.231629583053
70,0.0955980449485,0.224386892067,0.0919028263888,0.231351983733
71,0.0955378549317,0.223016519099,0.0998581984313,0.226353381295
72,0.0959460518609,0.22227963318,0.0992234472651,0.227466336917
73,0.0913541729992,0.223290184083,0.101220197219,0.22499021329
74,0.0948702943726,0.220411219849,0.0962957612355,0.224479438504
75,0.0945066842609,0.220266692054,0.095154362265,0.225293658441
76,0.095179606444,0.219260334109,0.0976754862932,0.223933379864
77,0.0962740265263,0.219006336652,0.0997455332545,0.223804905312
78,0.0974398608534,0.217794013425,0.0969554900657,0.223831622396
79,0.0979795560169,0.216877643019,0.0980167454691,0.221400036477
80,0.101599399502,0.214247598098,0.10656030575,0.219253101852
81,0.0972808301091,0.216384709454,0.102340685611,0.218531156657
82,0.101893823737,0.213265793255,0.101049639692,0.219771627104
83,0.105067185055,0.213083475255,0.100947876635,0.2190980257
84,0.101930831989,0.212964989388,0.100873182877,0.218574485043
85,0.101148359621,0.214208819545,0.0947264700662,0.220148870721
86,0.0995919035855,0.214158653353,0.103665823466,0.217095950153
87,0.0986210103684,0.213145541314,0.0950189499708,0.218849238008
88,0.103058470341,0.210880828878,0.100720492017,0.217155951774
89,0.101168760099,0.211033368913,0.106400304765,0.2142937514
90,0.100966657673,0.211348347366,0.10723747575,0.21423771244
91,0.101913213981,0.209462535926,0.10705630359,0.213833529735
92,0.1033784486,0.208785691227,0.106809235178,0.213182212319
93,0.106436939301,0.206981554627,0.114237372822,0.212314473232
94,0.111558516868,0.206340648234,0.11114254914,0.21349023981
95,0.110915183734,0.206336344664,0.113944785204,0.210425144993
96,0.111559871584,0.204481424191,0.109534828807,0.212258604472
97,0.111937211826,0.20482618505,0.115027085529,0.210441777017
98,0.114382385205,0.203489989329,0.116599508794,0.211729434086
99,0.116083847359,0.203178164048,0.107430193748,0.213182783918
100,0.108859483296,0.206014239014,0.11545843276,0.209585240227
101,0.115296656337,0.202044913832,0.118164371117,0.208641316858
102,0.119996196304,0.200933532646,0.116920320201,0.211574218236
103,0.114838544136,0.202931036743,0.114657306869,0.210416855291
104,0.12061967321,0.199404562322,0.11516976665,0.208058226388
105,0.117857609338,0.200701352782,0.118307055731,0.208132893546
106,0.119537196359,0.200595725614,0.117935004702,0.208621897269
107,0.124002224336,0.199215198222,0.113908740226,0.208933279733
108,0.119036133974,0.199680481966,0.122255811642,0.207609857665
109,0.120863191246,0.19937182705,0.124279693526,0.205416141311
110,0.12202492213,0.199422351156,0.119562309119,0.210394058493
111,0.121068331413,0.200478331974,0.115871624788,0.207308826153
112,0.129101943941,0.195328780235,0.125487274316,0.205226075253
113,0.128756482441,0.195883851785,0.120644540119,0.205409146729
114,0.127826051643,0.196229632657,0.125007090159,0.206008092966
115,0.13230925562,0.193816575723,0.129546033568,0.203238089103
116,0.13520636997,0.193164827732,0.127523614152,0.204000897473
117,0.131108932125,0.195808223664,0.123999392672,0.206217670813
118,0.133272762849,0.193074543602,0.130273175426,0.201246885699
119,0.131949129586,0.194292640457,0.131337507453,0.203345232294
120,0.135279030611,0.193262452833,0.130717138061,0.202581212739
121,0.13692909515,0.191754069179,0.135965466383,0.201192979468
122,0.138316593205,0.192780176607,0.134439703077,0.199842367554
123,0.139774935499,0.19143290173,0.126089922967,0.202984747244
124,0.148536483327,0.187915363134,0.131828386628,0.199051524047
125,0.144320952563,0.189035062893,0.139536293864,0.199200012372
126,0.14952376219,0.186306102488,0.145561946381,0.195382917067
127,0.15004287001,0.184164321193,0.150491821754,0.196100622299
128,0.154623101537,0.185149924543,0.139729817514,0.198022310855
129,0.153968661737,0.183776682529,0.152145219268,0.193496451364
130,0.162053867172,0.181767039144,0.153142249153,0.191535548191
131,0.168612415544,0.178963975408,0.153532204742,0.193594554556
132,0.171760031309,0.177031687389,0.168788575626,0.188147718902
133,0.17237039179,0.177749701704,0.157449721941,0.195085354615
134,0.173994380837,0.177612256115,0.173099955893,0.185129028047
135,0.174183883346,0.176613420821,0.178505170159,0.183907803032
136,0.189277471186,0.172137263016,0.174399006413,0.18358614028
137,0.192290272994,0.169402344009,0.177957509761,0.184468940832
138,0.194561714521,0.168936741467,0.179872404493,0.18461617257
139,0.209818089094,0.162488931503,0.190362601832,0.182458831929
140,0.217664377047,0.15944039836,0.195799573499,0.178541072411
141,0.211898015812,0.161744530098,0.192757948767,0.179450822179
142,0.213546289131,0.161372201374,0.202056605718,0.175619315123
143,0.226492653959,0.156775443313,0.201511499239,0.176894703298
144,0.227542640928,0.155387969258,0.20589589898,0.176212176098
145,0.240162022698,0.152439393676,0.209366955329,0.171685303911
146,0.234522442118,0.153341548804,0.202056063572,0.175353814382
147,0.241174460174,0.149573698353,0.216843546019,0.172626148094
148,0.256365852287,0.145370481106,0.222937548417,0.172166770441
149,0.252202948412,0.147176388794,0.228983734269,0.169901077636
150,0.264953976927,0.143011698069,0.224349761615,0.173579275259
151,0.268100819909,0.141655283479,0.22723161371,0.167146248277
152,0.278326631739,0.14046084537,0.222555986955,0.172289142036
153,0.280288597999,0.135902193733,0.249577661161,0.166824523942
154,0.293272279203,0.134311022667,0.232845658553,0.17049327062
155,0.281055733848,0.134722265487,0.240905880113,0.168790838216
156,0.304079587356,0.12916599386,0.251270437962,0.164628935046
157,0.295082230694,0.131111547781,0.241733308765,0.168041974888
158,0.315651579832,0.126219199254,0.248850811622,0.166381935705
159,0.332930108389,0.120627935259,0.250140412827,0.165150189423
160,0.330010072543,0.120112907571,0.250708814361,0.170664407779
161,0.329048622973,0.121220733684,0.262108269497,0.168069610605
162,0.349574466164,0.116745770909,0.261517521809,0.167670196155
163,0.34917139262,0.115179318218,0.267638832214,0.164923839155
164,0.361055339185,0.110851048564,0.272896926966,0.166245149798
165,0.366504766907,0.109153322446,0.265513759456,0.167590738856
166,0.346823181921,0.114037524192,0.274535380071,0.168261019164
167,0.360138253524,0.110547005772,0.272814500611,0.164388408186
168,0.382853515446,0.105141328934,0.269346373854,0.173279865761
169,0.374880274901,0.106251115982,0.278918366996,0.166319151875
170,0.40686839647,0.0994529297862,0.282416625647,0.165506525664
171,0.420224876358,0.0948103150496,0.286499744165,0.169620622532
172,0.423769527903,0.0935363282378,0.295649919077,0.16485675599
173,0.424385102896,0.0930227935314,0.291815430857,0.1663691625
174,0.407706554979,0.0978792043976,0.285211455193,0.1634726763
175,0.418154999614,0.0949407148247,0.290112163522,0.17045394727
176,0.434759703966,0.0906077184929,0.296859836206,0.166489400784
177,0.433349370956,0.0905811467136,0.287567156833,0.169538112241
178,0.433268712404,0.089248369018,0.304240066442,0.165488505852
179,0.445813045479,0.086465163228,0.302307470934,0.165910800337
180,0.456590725396,0.0839036501801,0.313968486735,0.160956520587
181,0.481759177951,0.0788040037195,0.310429485631,0.165143453865
182,0.484477547499,0.0772563254174,0.310186772025,0.164172648918
183,0.476710551633,0.0790393163378,0.31248582399,0.163652690477
184,0.486602363678,0.0770895925995,0.304424428847,0.169392366894
185,0.495838881972,0.0765057615219,0.309406136046,0.163399444893
186,0.491190371319,0.0755447162888,0.318644031184,0.164771328098
187,0.50680213135,0.0724339648508,0.317131276242,0.166692266124
188,0.512489553828,0.0714886339668,0.317813683185,0.167124986532
189,0.52100598984,0.0689495536141,0.315879563685,0.168312248657
190,0.53289498618,0.0678703006214,0.320729768137,0.165332112345
191,0.527470315305,0.0662828842178,0.325012617745,0.167600264424
192,0.54180737986,0.0645542423098,0.331541764084,0.168438816327
193,0.537194947784,0.0652849100387,0.321916236891,0.170333352638
194,0.551288659183,0.0628504032412,0.328424759558,0.169960638508
195,0.545886011651,0.0638987893382,0.326258156099,0.175628202036
196,0.56526131928,0.0623742740315,0.329575330135,0.170860399376
197,0.561721986876,0.0605910327644,0.326108531095,0.173085905612
198,0.549031042136,0.0628007461962,0.325020111748,0.170197480009
199,0.567685615558,0.0606881132206,0.334582682233,0.169286418008
200,0.567257901797,0.0618158375415,0.32378362806,0.168429063284
201,0.563752752084,0.0616617713553,0.318898157217,0.169320369372
202,0.579595412772,0.0564800663493,0.33637423988,0.169894154766
203,0.605639651418,0.0520876175366,0.339998560958,0.169333437574
204,0.598312380795,0.0541842272505,0.348583030165,0.166226274683
205,0.607229281503,0.0509085392651,0.348278267891,0.171103607398
206,0.611853417296,0.0503336946265,0.350385827129,0.170661651064
207,0.620005903336,0.0492595702123,0.339045291184,0.17292821419
208,0.628762789644,0.0478402161254,0.346138318535,0.172733842977
209,0.622692268628,0.0482519321645,0.349634328391,0.171278843773
210,0.635152450548,0.0461175885195,0.352143615601,0.170933117857
211,0.620028887231,0.0471163462991,0.346463926486,0.173273572116
212,0.636964395069,0.0461569883717,0.356754335342,0.170982505195
213,0.640479260912,0.0462670867475,0.346602690173,0.17315038736
214,0.64513566173,0.0459166314596,0.349357160856,0.178737200564
215,0.651631307143,0.0448176046618,0.352925186511,0.180140541517
216,0.640053892078,0.044866839173,0.348324924824,0.178877367638
217,0.65194066442,0.0436041884912,0.348856092896,0.178280946799
218,0.655985005773,0.0429979219603,0.352935141884,0.179397350526
219,0.652670871753,0.0429614800243,0.355330286315,0.180840629735
220,0.658099820981,0.0426150110479,0.344392789295,0.182811683742
221,0.676552512325,0.0409951468643,0.357938572532,0.17859589064
222,0.665972764102,0.0410765760148,0.357925323886,0.179246099084
223,0.653012667138,0.0427034001153,0.34340613184,0.184698624187
224,0.664776985462,0.0410662769483,0.355614065775,0.180492898449
225,0.675732711187,0.0395177599544,0.36245542008,0.182249515783
226,0.660950941535,0.0408953183617,0.355953793041,0.184714390896
227,0.684350638435,0.0395623080862,0.359044199809,0.180811759434
228,0.681464733986,0.0391295375302,0.350219319807,0.182917010854
229,0.682138414337,0.0386917515156,0.367224524729,0.180340231978
230,0.676673936156,0.0378772017474,0.365279082325,0.182348013972
231,0.689281350145,0.038097862011,0.354422424803,0.184960022103
