epoch,jaccard,loss,val_jaccard,val_loss
0,0.0938077797182,0.588740907609,0.0922795850784,0.506540551782
1,0.0907534775324,0.502519566566,0.0920099616051,0.496524915099
2,0.0924104787409,0.492732804269,0.0950024891645,0.487010531127
3,0.094436916057,0.483884541318,0.0964022763073,0.477957263589
4,0.0962301678956,0.475443627685,0.0995676945895,0.468843579292
5,0.101055073086,0.465472977608,0.107311448082,0.458504706621
6,0.105307396501,0.4564287588,0.106472101063,0.451313614845
7,0.108035011217,0.449206206948,0.110567402095,0.443571552634
8,0.109649104066,0.442663168535,0.114246295765,0.437080487609
9,0.111512924545,0.435981504619,0.112842505798,0.431885674596
10,0.111528385431,0.431307863444,0.113416636363,0.425908558071
11,0.114482028875,0.425101611763,0.112902127206,0.422498226166
12,0.116226412356,0.419086156413,0.116636468098,0.414943002164
13,0.117698499467,0.413442865014,0.120135797188,0.409771725535
14,0.117397977971,0.408605592325,0.120457060635,0.405192151666
15,0.121183882467,0.403205305338,0.117692930624,0.401252798736
16,0.12329191342,0.3976037018,0.121801314875,0.395552523434
17,0.122682910413,0.393959861249,0.121236469597,0.39175003022
18,0.125781883951,0.387933736667,0.127163624391,0.387248545885
19,0.126175451558,0.383695095778,0.12988290377,0.382192358375
20,0.130138198379,0.379027964547,0.128644486889,0.377976983786
21,0.12770610163,0.377005748451,0.130469311029,0.376077704132
22,0.129518204834,0.371692849323,0.132683062926,0.371199168265
23,0.131486573257,0.368157645687,0.131390113384,0.367075115442
24,0.131262029056,0.365895673633,0.131146028638,0.365894310176
25,0.127273110207,0.363277904689,0.13887141645,0.361816838384
26,0.135630317032,0.357227714732,0.133899737149,0.35663267225
27,0.138013296761,0.353011948988,0.133971719071,0.353053919971
28,0.139268152416,0.34949179925,0.134779212996,0.349939912558
29,0.138585731853,0.346971400082,0.136795811355,0.346498578787
30,0.14424729906,0.341700334102,0.140589775518,0.343163594604
31,0.139998871833,0.340125232935,0.147285681218,0.340697392821
32,0.144453410991,0.337620362639,0.138993205503,0.339404672384
33,0.143076985609,0.335209533572,0.135246541351,0.335879683495
34,0.147162418813,0.330891989172,0.140876060352,0.332525528967
35,0.14520509541,0.329331830144,0.142803004012,0.33016563952
36,0.147933683358,0.326316852123,0.151050075889,0.325665026903
37,0.148596435785,0.323696507141,0.151092775166,0.32376357913
38,0.151444236282,0.320589918643,0.153362754732,0.32154994458
39,0.153931618668,0.317161353305,0.153864931315,0.318696141243
40,0.153495308012,0.315984200686,0.147132534534,0.317465573549
41,0.154114177451,0.312968999147,0.151179805398,0.315007448196
42,0.156546782702,0.311179667711,0.152265105397,0.313349597156
43,0.159187571146,0.308240836486,0.151152078062,0.311308659613
44,0.156256318092,0.307451428846,0.155836541206,0.310625731945
45,0.161107148044,0.304211368784,0.150685064495,0.307595007122
46,0.160311958287,0.302820997313,0.150891821831,0.306383900344
47,0.159073790535,0.300190852955,0.16786108166,0.303500033915
48,0.166449851822,0.297161664814,0.162551958114,0.300136044621
49,0.162003609352,0.296474364586,0.169309217483,0.297841861844
50,0.172636495903,0.290911883116,0.165889006108,0.295576781034
51,0.170749946032,0.29055706691,0.162399213761,0.295269779861
52,0.170721553266,0.289083481766,0.163165941834,0.293082438409
53,0.169675271027,0.287507789209,0.177403107285,0.291696965694
54,0.177782911807,0.28332804516,0.174458090216,0.289161935449
55,0.177930706181,0.281968668103,0.172744996846,0.287159651518
56,0.17935603857,0.279949180782,0.178757134825,0.285835962743
57,0.177990535274,0.28020271752,0.172983288765,0.285177864134
58,0.182405881584,0.276905576698,0.169568728656,0.283647052944
59,0.18274237588,0.274733061902,0.180535137653,0.281658861786
60,0.182343846187,0.274185216054,0.177737295628,0.280174307525
61,0.186393115669,0.272321226075,0.173952747136,0.279182445258
62,0.184116515331,0.271124511957,0.18001813814,0.276922561228
63,0.188006710261,0.269861743785,0.178609289229,0.277219355106
64,0.186115441844,0.268564584665,0.189109653234,0.275660295039
65,0.189041499048,0.266867327504,0.187776435167,0.27401278913
66,0.188057273626,0.266046022996,0.178100351244,0.274094112217
67,0.193261454813,0.263754892163,0.187443312258,0.271544031799
68,0.191522281617,0.263561983593,0.190894123167,0.270571321249
69,0.190857999958,0.262466869317,0.192313097417,0.270272094756
70,0.193730572239,0.260925820097,0.187734376639,0.26708766818
71,0.197514200583,0.258438003249,0.193687222898,0.265935324132
72,0.198418023996,0.25698358845,0.194546051323,0.265035998076
73,0.202341430821,0.254442219622,0.193867318332,0.264192763716
74,0.202502301894,0.253263432533,0.209999710321,0.265963193029
75,0.206044580787,0.252980246209,0.194322131574,0.262392800301
76,0.203245015815,0.2519357251,0.201777972281,0.262188177556
77,0.201982242987,0.253088722937,0.182784859091,0.262084018439
78,0.201482779346,0.251326741651,0.191567216069,0.259713988751
79,0.209582799114,0.248242964968,0.200165305287,0.258203282952
80,0.210021647625,0.245776746422,0.207849413157,0.256287131459
81,0.213873950765,0.245285167359,0.189829096198,0.25789790228
82,0.208480288275,0.245958906598,0.194940105081,0.256414838135
83,0.211222723126,0.244348723441,0.205081768334,0.25301785022
84,0.215479166247,0.241945811547,0.207431413233,0.254083041102
85,0.216625657864,0.241729201749,0.211256012321,0.252380568534
86,0.217821195722,0.239379671402,0.206995453686,0.25098964572
87,0.219486021437,0.23892951943,0.208326663822,0.25071528554
88,0.219578717835,0.238287260756,0.20662631467,0.249322365969
89,0.220231732354,0.237132737413,0.205127120018,0.249864086509
90,0.218722706661,0.236891467124,0.213131871074,0.249061726034
91,0.223783925176,0.235225977376,0.210496325046,0.248203717172
92,0.222544581629,0.236140741035,0.215450216085,0.248105749488
93,0.225316418335,0.234185202979,0.221124380827,0.24678343907
94,0.225723721087,0.232988857664,0.210680115968,0.245189674199
95,0.229853753,0.230921494775,0.214634690434,0.244093190879
96,0.22599818185,0.231495095417,0.218226980418,0.242728456855
97,0.232873654924,0.228681181557,0.223736610264,0.24303009361
98,0.228277283721,0.229564664885,0.206607818604,0.244310356677
99,0.231212098151,0.228942149319,0.216550312936,0.243019800633
100,0.234050725587,0.22699935548,0.231210164726,0.241597507149
101,0.236952952109,0.225436423905,0.224477835,0.240049436688
102,0.238573704846,0.223987991922,0.226181920618,0.239994686097
103,0.239679339342,0.224619581364,0.226550392807,0.239528339356
104,0.235054121353,0.224433340132,0.213248983026,0.240457814187
105,0.238692102022,0.223490632139,0.222363639623,0.238637600094
106,0.236725232564,0.223214662634,0.223903331906,0.238178554922
107,0.242601149715,0.221643895842,0.242123883218,0.240287940949
108,0.237920569256,0.223747665063,0.223598260432,0.239015959203
109,0.244750658982,0.219623501413,0.224861763418,0.236461721361
110,0.249329301529,0.216511182487,0.240499328822,0.235976908356
111,0.250182257965,0.217205076478,0.230465881526,0.234333191067
112,0.249257333577,0.21567700617,0.229264803231,0.234031677246
113,0.248508040793,0.216079482809,0.245997224003,0.235612750053
114,0.249014407396,0.215543407016,0.2464954108,0.235070411116
115,0.253646896221,0.215382158756,0.223342955112,0.235128257424
116,0.254294722341,0.214184061624,0.242438301444,0.231247216463
117,0.254220911302,0.212707795203,0.229646582156,0.231605220586
118,0.254604592919,0.212226746604,0.22934082523,0.231594655663
119,0.260358771309,0.20966133941,0.242460377514,0.230557721108
120,0.25983269047,0.209466220811,0.236943330616,0.230758331716
121,0.26325701829,0.208663806319,0.248099025339,0.228704679757
122,0.261093826033,0.208941364661,0.253841269761,0.229569375515
123,0.264620244503,0.208114816807,0.227349344641,0.231825508177
124,0.263537295163,0.206988845021,0.243342503905,0.229722034186
125,0.263866198249,0.207784214057,0.242978565395,0.227535638958
126,0.268632359803,0.204848886468,0.251953978091,0.227190006524
127,0.269306177273,0.204484225251,0.250061757863,0.226936712861
128,0.266027071513,0.205133807845,0.240485005081,0.226760413498
129,0.273111476563,0.202997886576,0.248861063272,0.226344626397
130,0.271664086729,0.202831572853,0.25494844839,0.225671991706
131,0.271547395736,0.202893102542,0.25539868325,0.225328389555
132,0.272964925505,0.20322146453,0.23991908133,0.224974114448
133,0.273055909202,0.202183625661,0.259078789502,0.224957413971
134,0.276431183331,0.200205573812,0.257221899927,0.225941382349
135,0.277018330991,0.200342909433,0.246984295547,0.224785361439
136,0.269120776094,0.201679045334,0.241661835462,0.22710229829
137,0.274113948457,0.202225726098,0.265340480953,0.224430732429
138,0.27557169646,0.199828394689,0.263072438538,0.224020138383
139,0.283441701904,0.1972582452,0.264004465193,0.222738265991
140,0.283868198283,0.196684742346,0.245884630829,0.222762025893
141,0.283196786419,0.196171556599,0.254972584546,0.220759797841
142,0.287016222253,0.194399653003,0.266038510948,0.219976939261
143,0.280552295968,0.196331240237,0.252377253026,0.222111694515
144,0.283863366581,0.196558572352,0.258904274553,0.221904322505
145,0.288080299273,0.194617976435,0.256342239678,0.220268785954
146,0.289743213914,0.193429864012,0.253398761153,0.220475811511
147,0.287127499469,0.193489501253,0.268588341773,0.219287861139
148,0.291425783187,0.192335155793,0.259962018579,0.217299100012
149,0.288956823759,0.192309985869,0.266641553491,0.218909945339
150,0.291853191331,0.19177895505,0.265504848212,0.218201141804
151,0.294423380867,0.189972228371,0.276653099805,0.219090349972
152,0.295179428533,0.190596182831,0.256237857044,0.220105107874
153,0.2974911239,0.188682680018,0.269229520112,0.217510227114
154,0.300461173058,0.187884607352,0.263516340405,0.216305550188
155,0.297060023993,0.188355141319,0.260696779937,0.21666245535
156,0.299930147827,0.187239352614,0.26250032708,0.217709865421
157,0.299105667509,0.187127028592,0.266959238797,0.216142702848
158,0.301208658144,0.188244733028,0.261698707938,0.218607567251
159,0.302407171577,0.18659480568,0.276628796011,0.216670293361
160,0.305824200623,0.185277931392,0.276819571853,0.214252389967
161,0.304742857814,0.18494956661,0.26645148918,0.214050225914
162,0.309243088588,0.183387067169,0.274583924562,0.214649878442
163,0.308436997235,0.184298925102,0.281793534756,0.217200178653
164,0.304591076449,0.184756365605,0.277072295547,0.214960683137
165,0.301143140532,0.186876220629,0.276804476976,0.215853728354
166,0.307007053867,0.184952164069,0.268523871899,0.215494867414
167,0.304535033181,0.18407252524,0.280046463013,0.214097730815
168,0.313278792426,0.181549558416,0.267320252955,0.214338086545
169,0.310511417687,0.182613282464,0.280961170793,0.214941971004
170,0.31116390042,0.182869255543,0.266482323408,0.214119635522
171,0.312194529921,0.181054103188,0.277542147785,0.213543187827
172,0.316613176838,0.179986905307,0.275724034756,0.212518949062
173,0.316947054118,0.179109164514,0.286646492779,0.212683811784
174,0.315142357722,0.182553802617,0.274128485471,0.214000478387
175,0.31155154109,0.180497181602,0.275688108057,0.213044159114
176,0.316922683269,0.179216188379,0.288367472589,0.212737441063
177,0.320629712194,0.17869754415,0.28130415827,0.211415581405
178,0.31926378794,0.178094853647,0.283787578344,0.211387392133
179,0.321857087314,0.178205191158,0.27590213716,0.211185529828
180,0.32041990757,0.176998928189,0.271978866309,0.212772157043
181,0.324103383347,0.176266598515,0.293748214841,0.211719430983
182,0.322848571464,0.17783276923,0.271455977112,0.211322851479
183,0.325731281191,0.175219734199,0.278646539897,0.211509589106
184,0.324351103976,0.175797183998,0.284909963608,0.210392426699
185,0.320732166991,0.17655201396,0.292642042041,0.210845652968
186,0.328962508589,0.174362227321,0.291373200715,0.210758242756
187,0.327940845862,0.173691952601,0.281520858407,0.209798134863
188,0.326602654532,0.175063719973,0.298579536378,0.212915606797
189,0.32664854452,0.175669052638,0.288838803768,0.212377630174
190,0.332516530529,0.172325591557,0.291559942067,0.209433678538
191,0.327973896638,0.173945709132,0.276773281395,0.212007474154
192,0.333838818595,0.173275405541,0.291848421097,0.211680289358
193,0.33166827634,0.172603561543,0.295837841928,0.210662703961
194,0.334158727899,0.171931609511,0.28341050446,0.208913702518
195,0.336273981258,0.170335046947,0.292334504426,0.20832259953
196,0.33760759607,0.169806578197,0.297147244215,0.209539029747
197,0.338502010331,0.169736040756,0.294455304742,0.207831121981
198,0.33432944864,0.169456054457,0.286331616342,0.209090542048
199,0.341178771108,0.169692471158,0.283149618655,0.208063390106
200,0.33926740475,0.168556638062,0.293243013322,0.210429243743
201,0.341252157465,0.168498438317,0.299003005028,0.208334889263
202,0.33816251345,0.169559878763,0.288444891572,0.210751801729
203,0.340704921633,0.16832661815,0.301666945219,0.207846455276
204,0.339392796159,0.168870871887,0.298726916313,0.208757214248
205,0.341352533549,0.167637817562,0.294422022998,0.207112394273
206,0.346008455381,0.166335296351,0.289675928652,0.207695171237
207,0.343361807987,0.166373183485,0.296823643148,0.209673248231
208,0.3474640809,0.165719265118,0.290688991547,0.208634819835
209,0.342801770195,0.168141136877,0.283576741815,0.207834273577
210,0.337768234313,0.169272406027,0.306128099561,0.209758989513
211,0.341821715236,0.167795025278,0.292169772089,0.208161860704
212,0.346343299374,0.166088702623,0.294317722321,0.207098741084
213,0.350828595459,0.164796203841,0.297437913716,0.207723822445
214,0.351151563227,0.164274098352,0.300545535982,0.20744773373
215,0.347160471603,0.164683456998,0.301342822611,0.208633549511
216,0.355868941173,0.163070055656,0.308912359178,0.206737842411
217,0.352339437231,0.163543741684,0.291803449392,0.207833319902
218,0.353476075456,0.163275708444,0.297945007682,0.205886274576
219,0.352255295962,0.1629043906,0.303296037018,0.206666842103
220,0.355869142339,0.162583517842,0.298319265246,0.206175219268
221,0.35244099237,0.163275097497,0.301682196558,0.206712335348
222,0.357882177457,0.161792797502,0.299630627036,0.20520177111
223,0.354608487338,0.163484912831,0.29533059895,0.206493135542
224,0.357219532132,0.162094734609,0.311898201704,0.206732962281
225,0.355328850448,0.161279059015,0.305771455169,0.205889914185
226,0.362679429352,0.160276180133,0.304004848003,0.204949829727
227,0.362298419699,0.159239266068,0.311939880252,0.206369146705
228,0.362313900143,0.159885224886,0.310809075832,0.207361940295
229,0.363389408216,0.159404355567,0.305666178465,0.206786926836
230,0.358956990764,0.160983656067,0.303481653333,0.206899087876
231,0.361582927406,0.159908625297,0.308987036347,0.206736911088
232,0.365421254188,0.159503981471,0.307702645659,0.205452255905
233,0.365051589906,0.158243644051,0.313220895827,0.204620905221
234,0.367227371782,0.157580140978,0.305245734751,0.205047756433
235,0.369190532714,0.157395392656,0.317197620869,0.20632674545
236,0.362354839221,0.159985995851,0.294224560261,0.204908784479
237,0.357378045097,0.161985066719,0.311296820641,0.207596622407
238,0.358606819063,0.160953378305,0.298670865595,0.20580778271
239,0.367307893932,0.158514263574,0.310265004635,0.205456167459
240,0.369679020718,0.157742745243,0.311455056071,0.204986207187
241,0.369596811011,0.157538456377,0.313323684037,0.205121345818
242,0.367560321465,0.156846036669,0.323514260352,0.20735905692
243,0.371950069442,0.156475883909,0.303671956062,0.206293147057
244,0.373065026477,0.155263486318,0.317353695631,0.206365868449
245,0.374716535211,0.155860584229,0.311799772084,0.204908650368
246,0.368962258101,0.157068280037,0.31184809655,0.207329683006
247,0.370347686112,0.155667279381,0.318192943931,0.206505291164
248,0.3704287,0.156425468624,0.309631898999,0.205625768751
249,0.377844905481,0.154473371804,0.309829153121,0.205532010645
250,0.375334409997,0.155063713901,0.299726307392,0.206973508
251,0.374431239441,0.155258322135,0.309250697494,0.205329455435
252,0.375657981262,0.15416196594,0.32394836843,0.205170664936
253,0.377065908164,0.153703478631,0.317332684994,0.204972218722
254,0.379826368764,0.152842980344,0.316245183349,0.205013368279
255,0.377738259733,0.152617493644,0.317667342722,0.204018745571
256,0.382096488029,0.152681696229,0.310327902436,0.204418763518
257,0.382907716557,0.152207412291,0.311425454915,0.203678432852
258,0.379397956654,0.152699545957,0.309939771891,0.20514285937
259,0.38333228603,0.15092348773,0.323959581554,0.205140337348
260,0.378871750087,0.152441275772,0.32315531373,0.20542793721
261,0.384799011052,0.151895022485,0.315865524113,0.204069908708
262,0.382998263463,0.151539886836,0.31731902808,0.204782888293
263,0.382149403915,0.152609371115,0.319215416908,0.203863471746
264,0.38483412005,0.151369157713,0.320269271731,0.202443759888
265,0.385084053501,0.151146186516,0.315760932863,0.203465297818
266,0.386722644791,0.150534971617,0.316782943904,0.204074118286
267,0.38499016501,0.150550214574,0.309883318841,0.206368692219
268,0.384962460026,0.15158946719,0.319728590548,0.204453554004
269,0.37662052922,0.152587450575,0.317579492927,0.205658890307
270,0.386120833457,0.152188075241,0.313383966684,0.205161951482
271,0.383524710312,0.15082571283,0.321524970233,0.204699911177
272,0.390475146472,0.149021914229,0.326558403671,0.204275388271
273,0.390263717622,0.149621740915,0.327206946909,0.204461406916
274,0.387373970821,0.149211472366,0.324221715331,0.205798633397
275,0.388837540522,0.149760336615,0.312321618199,0.20477656275
276,0.392458116636,0.148118672892,0.323085561395,0.204411379993
277,0.391620546579,0.148823374417,0.32566832751,0.204566370696
278,0.391655880958,0.148333160207,0.317206822336,0.205748327076
279,0.392450226471,0.147762206383,0.321968182921,0.205991595984
280,0.39616808109,0.147249505389,0.323645837605,0.204838883132
281,0.391804520041,0.147517209873,0.314816713333,0.203803613782
282,0.397365959361,0.146880219225,0.313296712935,0.206615619361
283,0.387315321714,0.149090652354,0.322615809739,0.205426409841
284,0.397810872644,0.147864412982,0.328491844237,0.204275611788
285,0.394142014906,0.147594833281,0.308724358678,0.207255277783
286,0.392869045958,0.146841346286,0.327340573072,0.20489462465
287,0.398479867727,0.145978257526,0.32779289037,0.205341875553
288,0.400601068512,0.145616228227,0.324765369296,0.205745186657
289,0.396954275668,0.14637756208,0.316058881581,0.205384802073
290,0.394774854183,0.147709320765,0.317410498857,0.204575076699
291,0.396009443328,0.146102224011,0.325248770416,0.205720439553
292,0.397676292807,0.145786359906,0.317029029131,0.204306945205
293,0.39615118131,0.146411252208,0.319354116917,0.204144310206
294,0.398251103237,0.145764663815,0.32129149884,0.207827761769
295,0.397953025997,0.145918765571,0.320603139699,0.205620743334
296,0.400193756446,0.144947590306,0.323303185403,0.203963059932
297,0.402104606852,0.143933563959,0.329345375299,0.205704648048
298,0.404618093744,0.14439944271,0.319507718086,0.205197710544
299,0.403166629374,0.14408295881,0.329103976488,0.207364115864
300,0.401661142707,0.14430176327,0.332913674414,0.205577045679
301,0.404122412205,0.144029039424,0.332541771233,0.206589143723
302,0.405608421192,0.143728412222,0.340669326484,0.205925039947
303,0.407499663532,0.143290854059,0.323820002377,0.203860856593
304,0.403435105458,0.143343103584,0.330764353275,0.206888899207
305,0.40577419661,0.143618300091,0.330887317657,0.206114158034
306,0.404812237248,0.143220427912,0.330573014915,0.203018095344
307,0.405322302133,0.14281731518,0.330139406025,0.205714099109
308,0.408619081602,0.142302006483,0.324870176613,0.206253696233
309,0.40647775121,0.142143503297,0.328073345125,0.207316342741
310,0.406825818121,0.143763986882,0.328419491649,0.20635965839
311,0.404842222109,0.143737121951,0.332844808698,0.205924451351
312,0.405751124024,0.143595219124,0.331982910633,0.207592926919
313,0.407258907333,0.142657763325,0.334401600063,0.207337547094
314,0.40803752467,0.14274332393,0.335847482085,0.204712845385
315,0.40994813107,0.141756141558,0.328225336969,0.204429645091
316,0.411111453548,0.14181538485,0.334266424179,0.205081474036
317,0.406639069319,0.142137442715,0.323801115155,0.208812493831
318,0.413031922653,0.141953981947,0.326159343123,0.205829739571
319,0.409437995404,0.141859286465,0.331245660782,0.204980894923
320,0.412592506036,0.141034807544,0.327239595354,0.205140322447
321,0.414458842948,0.140637743287,0.333505988121,0.204697288573
322,0.409304823726,0.141057217959,0.336432263255,0.205477207899
323,0.41495988518,0.140666136984,0.327739372849,0.205972887576
324,0.414882047102,0.140449377708,0.320926338434,0.206549081951
325,0.415836572647,0.139118659776,0.332663804293,0.206212382764
326,0.416492713615,0.139665076509,0.335012048483,0.205213587731
327,0.417035436258,0.139561632648,0.325242608786,0.206359580159
328,0.413151614368,0.140467484947,0.339881256223,0.205733869225
329,0.415237328038,0.139079885557,0.337419301271,0.20642478019
330,0.416517782956,0.139181802049,0.325656801462,0.205503515899
331,0.417514419183,0.139046767261,0.336774222553,0.205951388925
332,0.418034002185,0.13882680703,0.332142904401,0.204165957868
333,0.420816898346,0.139231385663,0.331119827926,0.205792658031
334,0.419594572857,0.138514826074,0.331627480686,0.204557836056
335,0.416329430416,0.138555604033,0.333327285945,0.20855120942
336,0.418842576444,0.138620532118,0.337707586586,0.207293689251
337,0.418614789844,0.140343334991,0.328663952649,0.206342965364
338,0.417787617072,0.13855326036,0.33949124068,0.207808993757
339,0.421451225877,0.138290516566,0.329806439579,0.205717101693
340,0.420937171206,0.138247692026,0.338409721851,0.204587563872
341,0.425001051277,0.136985232122,0.334408275783,0.205684315413
342,0.420351820067,0.13731951965,0.338767282665,0.207887239754
343,0.423065816984,0.137447767425,0.333010777831,0.204509347677
344,0.421880466864,0.137531006709,0.337206937373,0.206854980439
345,0.422556310892,0.13816421153,0.334228597581,0.206645298749
346,0.424604326487,0.137020772789,0.325884342194,0.205572132021
347,0.418853078038,0.137518777978,0.33791410923,0.207257483155
348,0.422299075872,0.13772495091,0.335115388036,0.20800222829
349,0.425043866038,0.137077566702,0.332814760506,0.20717400685
350,0.423981856555,0.137386036105,0.336252108216,0.206291403621
351,0.426053693518,0.136412371416,0.32948872447,0.206524390727
352,0.427149284631,0.136081918143,0.330146633089,0.206399913877
353,0.424988014624,0.136472163256,0.338922418654,0.204891521484
354,0.425270732492,0.137093876954,0.330209985375,0.205213811249
355,0.426047304645,0.136701453011,0.333005540073,0.205814853311
356,0.419586805627,0.137693198863,0.335970684886,0.208158764988
357,0.422121793032,0.137194598094,0.333075635135,0.208201058209
358,0.4253880959,0.136095827911,0.340499401093,0.207212068141
359,0.428614854813,0.135205940343,0.338937997818,0.207147106528
360,0.432906094939,0.135689875111,0.338695861399,0.206173438579
361,0.427810486406,0.135277844034,0.3403461501,0.209524817765
362,0.429595423862,0.135322416667,0.335823997855,0.210028752685
363,0.428875710815,0.134918289725,0.338730424643,0.206781595945
364,0.430970724672,0.134136648849,0.336948283017,0.20970274508
365,0.42897602357,0.136433937121,0.331965923309,0.207189779729
366,0.424265250564,0.136083232239,0.344350107014,0.209296990186
367,0.430716013536,0.135531995445,0.338967591524,0.20722944662
368,0.431130630895,0.134228196461,0.344312258065,0.208080615848
369,0.434072900563,0.134034934919,0.343750670552,0.207444548607
370,0.435682903975,0.133465481456,0.342359520495,0.206472866237
371,0.433585535735,0.133539807517,0.342937484384,0.208770569414
372,0.436355000362,0.133386014029,0.342168673873,0.209345065057
373,0.436408765614,0.13288258668,0.341838344932,0.209913406521
374,0.434615284204,0.134031806607,0.340392388403,0.208594191819
375,0.431610392407,0.134676563554,0.32992913574,0.211055859923
376,0.430805224925,0.134337450378,0.343154557049,0.209603331983
377,0.433720955625,0.13435965823,0.330388866365,0.20827620104
378,0.429660160094,0.134486002848,0.338155262172,0.207782853395
379,0.432786714286,0.134087088052,0.338945508003,0.207142967731
380,0.43864768371,0.133611279074,0.331517182291,0.20533766225
381,0.434873696417,0.133089624345,0.340297326446,0.20937640965
382,0.435004360974,0.133629227057,0.340225197375,0.206994626671
383,0.437322497368,0.133640856016,0.349889524281,0.206956896931
384,0.434668535367,0.133862711489,0.339868821204,0.208834026009
385,0.435315866023,0.133723645937,0.341559097171,0.21003247425
386,0.434918968007,0.132442341652,0.347454085946,0.209713734686
387,0.437605205923,0.133401090745,0.339409269392,0.211176831275
388,0.434479316697,0.133338426705,0.348391868174,0.211293742061
389,0.438024742529,0.132657227106,0.3445513919,0.20877815783
390,0.43752152659,0.132686136756,0.338962174952,0.205573141575
391,0.434333721176,0.133993960917,0.333076447248,0.208275832236
392,0.436421576887,0.132995453198,0.335008196533,0.210480473936
393,0.437530605122,0.131567084696,0.341376706958,0.208908122033
394,0.442501273006,0.131599213462,0.34492970258,0.207668531686
395,0.442677440122,0.131260287482,0.34749110043,0.207508664578
396,0.434169514105,0.132864812855,0.35090675205,0.208388339728
397,0.439932903275,0.133161699865,0.344028867781,0.207578647882
398,0.43870880641,0.131998997647,0.338805787265,0.210517961532
399,0.439524229616,0.131840372924,0.340177826583,0.2101951316
400,0.443795107305,0.131095545832,0.343273296952,0.210824709386
401,0.44387193583,0.13077326864,0.341563940048,0.211870122701
402,0.443500922993,0.131136361044,0.346133008599,0.207934558392
403,0.439299751073,0.132181649096,0.334416210651,0.210178636014
404,0.441747944802,0.131173555739,0.3403346017,0.20913823694
405,0.442747892812,0.130456199404,0.343465343118,0.210204143077
406,0.443798875436,0.130501803011,0.340091966093,0.211196307093
407,0.445722527802,0.130107047502,0.348154634237,0.209576681256
408,0.448791509494,0.129847964272,0.337511323392,0.209661819041
409,0.439277967438,0.131969776005,0.342632785439,0.208281420171
410,0.443721378222,0.130537874531,0.334913931787,0.2094110623
411,0.446082990617,0.130063685589,0.341338388622,0.209976825863
412,0.440900156274,0.131985043176,0.349081680179,0.20961901173
413,0.440601751208,0.131196814124,0.345228694379,0.21171978116
414,0.442981714383,0.130973582156,0.347227163613,0.211188703775
415,0.442940525711,0.131309301127,0.34123390168,0.212546069175
416,0.445520961657,0.129967444576,0.353233195841,0.209547422826
417,0.44878988713,0.129647921305,0.340727210045,0.20978326723
418,0.446138162166,0.129384904169,0.338936395943,0.212233204395
419,0.446129720658,0.130875739735,0.354590930045,0.210047155619
420,0.436905799434,0.132241338491,0.35289914161,0.21136334911
421,0.447789063677,0.130025117658,0.348560787737,0.209095589817
422,0.446743549779,0.129212298431,0.345840841532,0.209592044353
423,0.445326283574,0.12991931336,0.353532537818,0.211278591305
424,0.448315905407,0.129489250015,0.341320313513,0.212190862745
425,0.445357536897,0.129519972019,0.352115653455,0.210020452738
426,0.449562074617,0.129427132662,0.349433735013,0.211261238903
427,0.44932208024,0.128638310824,0.342861659825,0.211917512119
428,0.449416106567,0.129220082425,0.34010528028,0.208685617894
429,0.43715377897,0.132275942713,0.349715426564,0.213633470237
430,0.448203017935,0.129487020429,0.349379196763,0.210759285837
431,0.452054649591,0.128706786316,0.334810033441,0.213832098991
432,0.44960812293,0.129188498482,0.348306365311,0.211694508791
433,0.4519014135,0.12760933768,0.350487880409,0.210702329874
434,0.452737366781,0.127431173809,0.354028716683,0.211704868823
435,0.452095724642,0.128532493487,0.341119118035,0.209907546639
436,0.454129673541,0.127209063154,0.343659840524,0.211328748614
437,0.452428286895,0.127766015008,0.34267129004,0.212333835661
438,0.451137868688,0.128263575025,0.345347039402,0.213452339172
439,0.453755008057,0.127762915567,0.348601840436,0.209916796535
440,0.452378043905,0.127436331939,0.353438265622,0.210531122983
441,0.454187130556,0.127333929762,0.347390800714,0.21222409606
442,0.454236665741,0.127160808071,0.351254753768,0.212117444724
443,0.456152534112,0.127632894088,0.342600770295,0.2131860964
444,0.451996210963,0.128027262632,0.353186391294,0.210883181542
445,0.452430419624,0.128136713058,0.342390872538,0.211271494627
446,0.452317025512,0.12708279863,0.351434960961,0.211986441165
447,0.454862931743,0.12683060253,0.347097784281,0.213457856327
448,0.457389917225,0.127626290079,0.347942233086,0.209088459611
449,0.448356535286,0.128318780102,0.347949706018,0.209677290171
450,0.454703444615,0.126924010459,0.350811034441,0.209424234927
451,0.454019512981,0.127157635055,0.357310883701,0.213976562023
452,0.455598497763,0.126954067033,0.34369302541,0.212522089481
453,0.456473246217,0.126608119812,0.352189034224,0.212245129049
454,0.455311395228,0.126728656236,0.351368941367,0.212177377194
455,0.457682689652,0.12591360556,0.353317730129,0.21247516945
456,0.457622712478,0.126136404928,0.353643834591,0.212919600308
457,0.460296181962,0.125457836315,0.353148259223,0.21276864782
458,0.459041431546,0.125688627362,0.353496305645,0.212306141853
459,0.455426974222,0.126866171602,0.348128698766,0.213840331882
460,0.458851682022,0.126622313634,0.354736573994,0.212961211801
461,0.457919470966,0.126233805437,0.35645314306,0.213487949222
462,0.457501633093,0.125895580743,0.353641450405,0.212965164334
463,0.459278158844,0.126194929704,0.343295559287,0.214299891144
464,0.457869483158,0.126062600873,0.349798202515,0.214025005698
465,0.458353593946,0.126049319282,0.34567476064,0.216779265553
466,0.458545053378,0.125980060082,0.348920851946,0.215605393052
467,0.462687166408,0.125094928779,0.346737757325,0.211827255785
468,0.459384305403,0.125815244392,0.350911058486,0.212351281196
469,0.461236784235,0.125006163027,0.347260981798,0.213620278984
470,0.462171893567,0.125300618354,0.348309889436,0.216098345816
471,0.463198719546,0.124802854378,0.353345736861,0.213290397078
472,0.46009520255,0.125843841117,0.335448749363,0.215503327549
473,0.458288464695,0.126270366367,0.337196268141,0.213975593448
474,0.457996295765,0.125559749547,0.352642402053,0.214584231377
475,0.464103307575,0.124170423485,0.348516397178,0.215543337166
476,0.453445639461,0.128135677427,0.351273104548,0.22025379166
477,0.457103284076,0.126669436228,0.347300939262,0.213886525482
478,0.46042044647,0.125199067872,0.352259725332,0.214435320348
479,0.461328402162,0.124852094799,0.354631133378,0.216714788228
480,0.463550688699,0.124546238221,0.343588449061,0.216831136495
481,0.462428726256,0.125225133728,0.343408502638,0.214517500252
482,0.457785449922,0.127128007822,0.328446373343,0.214426171035
483,0.453800497577,0.126458122395,0.348100334406,0.211636543274
484,0.462760491297,0.125276635401,0.349855989218,0.212299626321
485,0.461477842182,0.124797143508,0.345806583762,0.215680472553
486,0.46422945708,0.124134100508,0.347557283938,0.217474274337
487,0.461601313204,0.125914218836,0.353166028857,0.214313391596
488,0.459297874942,0.12528580334,0.35255599767,0.215567328036
489,0.462116390467,0.126731216908,0.344848506153,0.212799314409
490,0.460872296244,0.124664210249,0.353216946125,0.215346701443
491,0.46565570496,0.123628011905,0.351988166571,0.217715486884
492,0.46569603309,0.125397947617,0.350300095975,0.212665259838
493,0.462019054219,0.12422819389,0.357355631888,0.215178851038
494,0.467919865623,0.123603259213,0.352273888886,0.215757712722
495,0.465915737674,0.123631721828,0.351391121745,0.214073471725
496,0.465206757188,0.12352438597,0.360550828278,0.215923633426
497,0.460517775267,0.125040918589,0.343108341098,0.21535301581
498,0.465354023501,0.124177959748,0.357140399516,0.2151703462
499,0.46726722084,0.124447159935,0.337725289166,0.217921189964
500,0.463172601536,0.125208079349,0.343367218971,0.216899935156
501,0.467208411545,0.123351272661,0.346422947943,0.215314097703
502,0.466349786147,0.12392675085,0.354600057006,0.215635444969
503,0.467968536541,0.12275523087,0.351614452899,0.216919261962
504,0.467019118369,0.123456809204,0.350799717009,0.218680169433
505,0.462849762291,0.124997802544,0.353648237884,0.215364214033
506,0.463160518557,0.124459784478,0.351467140019,0.215557433665
507,0.465244969353,0.125286083668,0.342868961394,0.216682232916
508,0.459507472813,0.125747357029,0.340556241572,0.214364718646
509,0.462316367775,0.123689438682,0.354018755257,0.216724526137
510,0.466758431867,0.123250699602,0.35549043119,0.215767525136
511,0.470564054325,0.12238369789,0.356348693371,0.213359896094
512,0.471580646932,0.122113456484,0.35863763839,0.215565137565
513,0.468869056553,0.122821363155,0.354041039944,0.215415906161
514,0.468705581501,0.12276911689,0.360933721066,0.215027622879
515,0.470259973779,0.12241505878,0.355737008154,0.218896117061
516,0.470403730869,0.12250839686,0.356972903013,0.215620070696
517,0.472669899464,0.122460488696,0.348070085049,0.216462064534
518,0.472250325605,0.121717282105,0.354671932757,0.216260947287
519,0.471630372107,0.121306066867,0.355021566153,0.2195821926
520,0.474838452414,0.121855801437,0.352670319378,0.216372128576
521,0.470145005733,0.122247713618,0.352373868227,0.214878961444
522,0.472925081849,0.121349545196,0.35645519197,0.216235235333
523,0.475180145353,0.121074166615,0.361217528582,0.217179819942
524,0.475161012262,0.121329742484,0.347966596484,0.215897064656
525,0.474216645584,0.121458005626,0.34898853302,0.217689346522
526,0.470361921936,0.121471442748,0.358098834753,0.217169057578
527,0.474069692194,0.121374928392,0.356914870441,0.215305000544
528,0.473858484998,0.121471833903,0.351232230663,0.21750408411
529,0.472373409197,0.121723913122,0.351414166391,0.218564074486
530,0.475252512842,0.121629350353,0.354450702667,0.21544983983
531,0.471322916448,0.121505203657,0.359866887331,0.217643108219
532,0.474388273433,0.121139688417,0.355034850538,0.217419151217
533,0.475530251861,0.121402157936,0.349011108279,0.220037318766
534,0.475200811401,0.121432097163,0.35481684655,0.217187717557
535,0.473849888891,0.121620546561,0.355168513954,0.215789429843
536,0.474540134892,0.12126795575,0.353834174573,0.220835350454
537,0.474774438888,0.121605866589,0.35354912281,0.217762704939
538,0.473978441209,0.121061324142,0.351609662175,0.221834268421
539,0.473829006776,0.12172978092,0.345883235335,0.219733264297
540,0.47367394343,0.121162001509,0.353894852102,0.218875665218
541,0.476145567372,0.120841285214,0.357612922788,0.216031540185
542,0.471182771027,0.122235007118,0.358965821564,0.220365133137
543,0.472683247179,0.122280245181,0.354926392436,0.216291435063
544,0.476167602465,0.121724495664,0.358201153576,0.21533979103
545,0.472063343972,0.121593508404,0.357978016138,0.216463252902
546,0.477110102773,0.120489985682,0.352062985301,0.217842303216
547,0.478449126706,0.120031754952,0.35560439527,0.21945220232
548,0.480008153245,0.120382103138,0.353839941323,0.217552810907
549,0.477624101564,0.121135281865,0.349752537906,0.21682613343
550,0.476961476728,0.121051519644,0.353232242167,0.215556241572
551,0.479011092335,0.120507692453,0.350874513388,0.217458926141
552,0.473665900528,0.120938793756,0.352628447115,0.21732147038
553,0.475454624742,0.120207094122,0.358530603349,0.219682727009
554,0.478099122643,0.120905368589,0.354452207685,0.217429026961
555,0.478555869311,0.120219536591,0.356938965619,0.218213580549
556,0.474046001211,0.121076775249,0.356755726039,0.21609993279
557,0.476439964026,0.121145746205,0.357913695276,0.218009889126
558,0.480300623924,0.119958393276,0.352296121418,0.219778757542
559,0.477133456618,0.119940142147,0.356052659452,0.217383693904
560,0.479315491393,0.119950728957,0.356156073511,0.218345403671
561,0.4782477431,0.119738164824,0.347753278911,0.217746801674
562,0.476862967014,0.119683604687,0.352357663214,0.22122721374
563,0.479914272204,0.119605673943,0.354592226446,0.220269236714
564,0.47490590997,0.120754355565,0.354716934264,0.217957615852
565,0.475405182689,0.121365500148,0.356411226094,0.219140615314
566,0.472789553925,0.121632582974,0.347722820938,0.222221523523
567,0.479207422584,0.120292947628,0.353938184679,0.220138050616
568,0.477953396738,0.11944976775,0.353825353086,0.21768347919
569,0.47889220342,0.119895767421,0.354455694556,0.221959929913
570,0.480349158868,0.119674439542,0.361186087132,0.220915690064
571,0.478618320078,0.119956620038,0.359445154667,0.219848480076
572,0.480252500623,0.11873125704,0.360284164548,0.219031702727
573,0.482314407825,0.119510680437,0.353350073099,0.221682470292
574,0.47311764583,0.120363003109,0.357700169086,0.219787225127
575,0.480299176648,0.11978767626,0.355040557683,0.218644011766
576,0.478664509952,0.119397128001,0.359555006027,0.217573776841
577,0.480712449178,0.119104931597,0.35630556941,0.220869641751
578,0.482132144272,0.118541478645,0.351045571268,0.222016647458
579,0.483314339072,0.118702605832,0.352680519223,0.222743730992
580,0.479131624103,0.120332806837,0.343693457544,0.219091985375
581,0.481663463637,0.119845437817,0.352541007102,0.221978254616
582,0.484748164192,0.11830540793,0.355655752122,0.2190088965
583,0.484245514497,0.118272623513,0.360716350377,0.219550143927
584,0.481829751283,0.119180895388,0.362353794277,0.217939991504
585,0.482583424076,0.118774538394,0.353769481182,0.221388600767
586,0.483166018501,0.118709348608,0.359219953418,0.217993918806
587,0.480717215687,0.118766927626,0.359225638211,0.220948666334
588,0.483260678127,0.118745329324,0.360476911068,0.221334848553
589,0.482431188226,0.118351384532,0.36090683192,0.222646526992
590,0.485364304855,0.118180204649,0.352531418204,0.2233443968
591,0.484296591952,0.118779488839,0.349354304373,0.220800079405
592,0.478082524613,0.121832882985,0.361110605299,0.227983146906
593,0.440414670855,0.133869419806,0.343848958611,0.222953785211
594,0.46021419391,0.125877146143,0.35376714915,0.218702293932
595,0.472675804049,0.121522852685,0.348268955946,0.216823596507
596,0.479928381741,0.120825894177,0.35712120682,0.217752862722
597,0.480160254985,0.119099273346,0.359454832971,0.219635780901
598,0.483596427366,0.118882789742,0.350867561996,0.217088669538
599,0.480523634702,0.119116803631,0.360000111163,0.217011462897
600,0.482793444768,0.119023624808,0.361101679504,0.217384751886
601,0.485602779314,0.118366566021,0.353743679821,0.221013400704
602,0.483654694632,0.1181170661,0.360909461975,0.218403805047
603,0.482189118862,0.118521032389,0.35315335542,0.221436168998
604,0.482381856069,0.118783632293,0.357596494257,0.219904690981
605,0.483645463362,0.118455131073,0.360604032874,0.220186278224
606,0.484682051465,0.117927703075,0.366758741438,0.220336705446
607,0.486275101081,0.11862644041,0.356445744634,0.222560387105
608,0.485367726535,0.117783606052,0.366910599172,0.220664110035
609,0.484853008762,0.118250874802,0.349944524467,0.224968761206
610,0.483557362109,0.11818917701,0.360102027655,0.219952046871
611,0.485343512148,0.117807796225,0.358382344246,0.218411948532
612,0.487812124193,0.116929000709,0.356878750026,0.222828608006
613,0.486791349947,0.118056469131,0.358249470592,0.218712560833
614,0.483324700966,0.118029356934,0.353171594441,0.220890112221
615,0.486995529383,0.11745932186,0.356331191957,0.217316828668
616,0.483685255051,0.117755626794,0.355678267777,0.21939336881
617,0.487180536613,0.117378907278,0.359573617578,0.221494756639
618,0.491236656904,0.116856922396,0.359254077077,0.221264246851
619,0.488260254264,0.117011028342,0.358495078981,0.221823792905
620,0.490992827341,0.116687013302,0.358698941767,0.223584353924
621,0.479725887999,0.119951161556,0.354359820485,0.224537760019
622,0.489731363952,0.117646971252,0.356770582497,0.222393605858
623,0.485605992377,0.116976251826,0.356897458434,0.222632791847
624,0.483133133501,0.11986483261,0.350221596658,0.221713349223
625,0.485404746607,0.11722499365,0.361223399639,0.224601123482
626,0.489587174729,0.117239350453,0.360250346363,0.222429770976
627,0.488269787282,0.116983652581,0.362939268351,0.223186265677
628,0.490622011945,0.116755367722,0.355018444359,0.221017792821
629,0.48934006691,0.116385402158,0.360409110785,0.222098775208
630,0.491642136127,0.116152352653,0.361950203776,0.223168261349
631,0.490126492456,0.116529708263,0.35392164439,0.225203081965
632,0.490044055507,0.117552664131,0.361400805414,0.219495125115
633,0.482938820496,0.118183626328,0.365042239428,0.219647314399
634,0.489494664595,0.117629507557,0.358806058764,0.225384861231
635,0.488571600989,0.116532923188,0.358916297555,0.225760322064
636,0.487181030214,0.117549776565,0.363567307591,0.220881778747
637,0.489666763693,0.11661615083,0.355749793351,0.224784605205
638,0.490770764649,0.116916284896,0.354538761079,0.222274109721
639,0.488621398807,0.116654325277,0.356576070189,0.222112722695
640,0.487350869924,0.116670015268,0.36908455193,0.222964566201
641,0.49026340805,0.116691649426,0.357114039361,0.22418115288
642,0.49151308462,0.116457932629,0.357137270272,0.224414967
643,0.490897160023,0.116259700619,0.362710669637,0.218317106366
644,0.487894861028,0.116623751353,0.363122187555,0.222086504102
645,0.490985590965,0.11663423758,0.35159253329,0.22222558409
646,0.49189176783,0.115650924854,0.353518210351,0.220631215721
647,0.49623208493,0.11545437295,0.356199152768,0.221884500235
648,0.492537491024,0.115850546397,0.358891680837,0.222322277725
649,0.494099026546,0.115508641582,0.36370960623,0.22117678076
650,0.49353344366,0.116103595588,0.360518708825,0.222481701523
651,0.481690742075,0.118741181213,0.359363734722,0.222696434706
652,0.488640978932,0.117472379934,0.35706038028,0.222131866962
653,0.489138063043,0.117296488956,0.349216409028,0.221858814359
654,0.49013874121,0.116478624288,0.356615021825,0.22402562201
655,0.491450175643,0.115764025133,0.358186349273,0.223872039467
656,0.493444653228,0.116363548674,0.352936662734,0.22134771198
657,0.492008958012,0.116099861916,0.360004968941,0.22296757251
658,0.491935372353,0.116168065462,0.35989972204,0.221240453422
659,0.493803368881,0.115552363917,0.360183820128,0.221875317395
660,0.491008730605,0.116336337291,0.363900728524,0.223001044244
661,0.491945184767,0.116025978699,0.358908355236,0.22307235375
662,0.493302388117,0.115789136849,0.357791349292,0.225598800927
663,0.494168413803,0.115342488512,0.362616695464,0.224066145718
664,0.494848448783,0.115565626416,0.352034024894,0.227393414825
665,0.493113765493,0.116420206148,0.353742793202,0.224952712655
666,0.488300032914,0.116254536435,0.365706093609,0.223072540015
667,0.49262923561,0.115597429685,0.364242859185,0.22210515663
668,0.495398048311,0.115686852485,0.350937336683,0.221158254892
669,0.489862265065,0.116242849268,0.358662500978,0.224396001548
670,0.495247997344,0.11570856208,0.353881195188,0.225598521531
671,0.493571156636,0.115516847,0.355606265366,0.222752381116
672,0.49525379017,0.115202446468,0.356995172799,0.220762904733
673,0.492156211287,0.116150904913,0.360250145197,0.221047904342
674,0.49250475876,0.115513937082,0.36258341372,0.223546355963
675,0.491266224533,0.116158473771,0.365442179143,0.222483064979
676,0.493237838149,0.11599258706,0.366882711649,0.222814418375
677,0.492683643475,0.116471857764,0.35873093456,0.229471031576
678,0.494280269369,0.115384925622,0.365161821246,0.225534230471
679,0.494578788057,0.115833242889,0.360248431563,0.226400613785
680,0.495485339314,0.114969206974,0.360084623098,0.226078238338
681,0.495428716764,0.115649748128,0.357962995768,0.220754187554
682,0.494040858001,0.115649452433,0.361952468753,0.222886499017
683,0.49535376206,0.115410086233,0.359651736915,0.222645200789
684,0.494904125109,0.115470713004,0.35382565856,0.220482751727
685,0.494209107012,0.114971668459,0.367463573813,0.222569543868
686,0.496240304783,0.115174720529,0.358171105385,0.226107891649
687,0.496844319627,0.114721717313,0.361619912088,0.223873272538
688,0.497283035889,0.114747997839,0.361337162554,0.224874593318
689,0.494422500953,0.114681226201,0.358220100403,0.227748181671
690,0.498083170503,0.114141830243,0.362000033259,0.226523436606
691,0.497228275985,0.114566187374,0.36015227437,0.225383874029
692,0.498233942315,0.114515805151,0.361627519131,0.225824315101
693,0.497386837378,0.114693596028,0.357897460461,0.227975532413
694,0.497261712328,0.114863610361,0.36091658473,0.222948029637
695,0.498739587143,0.114123364445,0.356205634773,0.225488550961
696,0.493178160861,0.114934526384,0.360677495599,0.225703589618
697,0.4981605988,0.114152412396,0.359525099397,0.225101187825
698,0.49865315482,0.114228562452,0.363678865135,0.225637633353
699,0.495697090402,0.115181784146,0.365273348987,0.228954389691
700,0.495535044,0.115202881396,0.36454667151,0.224007733166
701,0.496217295527,0.114822280593,0.36463689059,0.224845137447
702,0.500387944281,0.114110111725,0.367057040334,0.224283944815
703,0.494602007791,0.11534270877,0.353389129043,0.228342305869
704,0.500675484538,0.114303287119,0.356887742877,0.224400330335
705,0.499465966597,0.114083841443,0.352831833065,0.225363694131
706,0.498464973643,0.114216605201,0.354294121265,0.226859342307
707,0.496992727742,0.114492021967,0.357582740486,0.224958311766
708,0.496952135116,0.114688585047,0.355573125184,0.2281085141
709,0.496778486297,0.114707138389,0.361075036228,0.224575355649
710,0.500103829429,0.114141760394,0.350049607456,0.225288331509
711,0.496242780238,0.114948034286,0.345592945814,0.222685784101
712,0.494612077251,0.115162764676,0.351759299636,0.225914806128
713,0.491624644026,0.11592735257,0.358033232391,0.22402908653
714,0.500774014741,0.113995341584,0.356630161405,0.224707458168
715,0.500038383529,0.114317442756,0.359972722828,0.223207142204
716,0.493711067364,0.114755598828,0.360262967646,0.229248601943
717,0.501220138744,0.113851990085,0.358767159283,0.225924316794
718,0.499027565122,0.113214774523,0.362444713712,0.227170415223
719,0.499368146062,0.113982189912,0.366581693292,0.224219821393
720,0.501287207007,0.113718712702,0.357037335634,0.228447452188
721,0.50102205202,0.113750896882,0.357903167605,0.229142021388
722,0.499911902472,0.113733173814,0.360586754978,0.227004222572
723,0.501357348636,0.113683111966,0.363283120096,0.225355692208
724,0.501175612211,0.113522263709,0.36282607168,0.22503593564
725,0.492172738537,0.116191527806,0.359914392233,0.226114340127
726,0.494969533756,0.115135558415,0.361191123724,0.22653279081
727,0.498539175838,0.114657293539,0.354082040489,0.221772205085
728,0.499192966148,0.114012317266,0.357151560485,0.225450146943
729,0.500805282965,0.113541373517,0.355972565711,0.226223833859
730,0.503301858902,0.112973183393,0.355509959161,0.226829312742
731,0.500322686508,0.113599965815,0.359649196267,0.226537019014
732,0.502712756395,0.113377610222,0.359083972871,0.226468317211
733,0.501630771905,0.113016827963,0.364973030984,0.227963246405
734,0.502426326275,0.11389368074,0.362973608077,0.2261881046
735,0.499416790903,0.114213099238,0.353869445622,0.22989872098
736,0.497069083154,0.114866624586,0.358205057681,0.225120525807
737,0.500274589285,0.11410104204,0.356428466737,0.230588130653
738,0.499472392723,0.114101145882,0.355024211109,0.228356931359
739,0.501673581079,0.113562633283,0.360305674374,0.225429825485
740,0.501040335745,0.11321688164,0.365449823439,0.227165028453
741,0.503774814308,0.112946913112,0.365418948233,0.223813764751
742,0.502898201346,0.112877240404,0.364454619586,0.227855246514
743,0.50272070244,0.112828864716,0.359327182174,0.228610958904
744,0.502297896892,0.112977224868,0.364243872464,0.227099958807
745,0.505476277322,0.11267148843,0.359921067953,0.228298481554
746,0.503357680514,0.112374517601,0.363671511412,0.228527501225
747,0.506070585921,0.112539701629,0.359558157623,0.227510996163
748,0.503284938633,0.112700236961,0.35933547467,0.224386494607
749,0.505095263943,0.112408801913,0.362250372767,0.228995826095
750,0.503537289798,0.113232240546,0.356133289635,0.231949094683
751,0.504110252485,0.112794799265,0.358130574226,0.231122970581
752,0.502442928031,0.113480916247,0.366356015205,0.225116867572
753,0.501078722998,0.114026038907,0.352132804692,0.229712676257
754,0.503492901102,0.113095148467,0.366247601807,0.225300688297
755,0.504090856761,0.112293400336,0.360729075968,0.228743400425
756,0.504637978971,0.112694275565,0.356217987835,0.228406284004
757,0.502668369561,0.112438121811,0.362828269601,0.227351747453
758,0.508799185976,0.111620924436,0.362007036805,0.228827096522
759,0.502061447129,0.113496107981,0.365464389324,0.226627197117
760,0.503588875756,0.112998544704,0.365426778793,0.227717492729
761,0.502973925322,0.112907563336,0.362480677664,0.227913312614
762,0.507754329592,0.111740405206,0.36425319314,0.226977035403
763,0.504353728145,0.11238190718,0.366793550551,0.226007383317
764,0.504200963303,0.112376470584,0.36565618217,0.225929494947
765,0.504505543038,0.112654568162,0.365977063775,0.225371643901
766,0.498985994607,0.115751049016,0.361100785434,0.224725615233
767,0.503409026191,0.113050550688,0.35754596442,0.228666521609
768,0.502095831558,0.113158203661,0.362963542342,0.226626168936
769,0.500473253429,0.113312089816,0.359134308994,0.226449206471
770,0.504211433232,0.112934841309,0.359625682235,0.225479997694
771,0.499103171751,0.113984418567,0.352745294571,0.224789042026
772,0.499790588394,0.114346551243,0.355586715043,0.224356137216
773,0.503071222454,0.112846469507,0.363467037678,0.2249279432
774,0.50645506382,0.112239284907,0.363829404116,0.224444665015
775,0.505860457197,0.112100632861,0.36331462115,0.226831831038
776,0.505328806117,0.112397846766,0.365194067359,0.228710770607
777,0.508934717625,0.111426249612,0.359019607306,0.229830149561
778,0.507667494938,0.111691400874,0.361907631159,0.228937402368
779,0.50778744556,0.111455258913,0.361007854342,0.231040652841
780,0.506722401828,0.11195211485,0.364449955523,0.226283341646
781,0.507642295212,0.112033215817,0.360896676779,0.225014865398
782,0.508872870356,0.111074583139,0.367342680693,0.227422181517
783,0.509056791663,0.111224986613,0.359216161072,0.2319053635
784,0.504234299064,0.112497014459,0.361660927534,0.231388792396
785,0.508123677224,0.111774875317,0.36553940922,0.230063851923
786,0.507614664733,0.111630875617,0.363992400467,0.228828527033
787,0.509642129764,0.111076048575,0.366225726902,0.23192088306
788,0.508235324174,0.111514562275,0.36636453867,0.229899000376
789,0.509671093896,0.111269012559,0.366048850119,0.227538391948
790,0.506765799597,0.111444160342,0.363044723868,0.230449292809
791,0.508109984919,0.112114656251,0.355608895421,0.226849973202
792,0.508317770436,0.112369169481,0.35613271594,0.225282113999
793,0.505788287148,0.111839809921,0.361550219357,0.226568467915
794,0.50608429499,0.111604174133,0.365037359297,0.229492492974
795,0.51178352721,0.111078467686,0.364910431206,0.227460037917
796,0.508229615167,0.111860706005,0.362493313849,0.227916348726
797,0.509218154475,0.111328965984,0.362714886665,0.227990683168
798,0.509315121919,0.110760252457,0.363177612424,0.230466749519
799,0.514103684574,0.110542040318,0.358786873519,0.231713935733
800,0.504986137152,0.111471652985,0.36328265816,0.230685994029
801,0.510897180066,0.110847002827,0.363560535014,0.229066547006
802,0.510713761672,0.110920133535,0.368675425649,0.232466414571
803,0.510782383382,0.110645725857,0.362196810544,0.231696911156
804,0.510097913444,0.111169654876,0.364230468869,0.226732227951
805,0.510847607628,0.110455601476,0.368086397648,0.230270836502
806,0.511412650347,0.111344959587,0.356517978013,0.228913340718
807,0.505358738825,0.11212054221,0.365244090557,0.231516133994
808,0.508550032973,0.111307744868,0.366345688701,0.229732457548
809,0.509618090466,0.111325063277,0.364166840911,0.226925928146
810,0.512233270332,0.11075806804,0.356731787324,0.230135388672
811,0.50948526524,0.111026419792,0.362528651953,0.23049165681
812,0.512726161629,0.110366056673,0.360419943929,0.232620194554
813,0.509999059141,0.11054423172,0.363157734275,0.229235295206
814,0.511149249971,0.110434583388,0.367015697062,0.23019169271
815,0.512978274375,0.110512731131,0.35952283442,0.227360323071
816,0.512566396967,0.109939784743,0.366999439895,0.23172172159
817,0.510029586032,0.110940899234,0.351978741586,0.232428077608
818,0.507502550259,0.111510741059,0.364448539913,0.231144461781
819,0.511359376833,0.11085719429,0.362543590367,0.228976398706
820,0.512282896787,0.110342739616,0.36543751508,0.229217588902
821,0.513090891764,0.110236416571,0.363801173866,0.230363663286
822,0.512489363551,0.110278362874,0.360718980432,0.228209383786
823,0.510713124648,0.110865522176,0.359747931361,0.228121556342
824,0.511296723038,0.110764800105,0.359229363501,0.228978715837
825,0.511148670688,0.110659253784,0.362004525959,0.230489145964
826,0.510967949405,0.110411981121,0.357646889985,0.23038488999
827,0.510201636702,0.111134132836,0.353185914457,0.22892569378
828,0.51107797958,0.111041939817,0.356410637498,0.228763192892
829,0.509713068604,0.110787708778,0.368562974036,0.227826971561
830,0.499460488558,0.113941270392,0.356781460345,0.225668892264
831,0.507113188505,0.111549359281,0.366389960051,0.229586403817
832,0.513042341918,0.110436799005,0.3625074476,0.230389125645
833,0.512809097767,0.109987581614,0.364153236151,0.229749571532
834,0.511404652148,0.110903410241,0.363031119108,0.229456618428
835,0.510594733059,0.110663938802,0.360549196601,0.229249700904
836,0.508467936888,0.111121606547,0.353340759873,0.228093512356
837,0.510748486966,0.111310739536,0.359551802278,0.228125486523
838,0.511652115732,0.110653076321,0.360963642597,0.228870760649
839,0.51187261194,0.109822306316,0.363392353058,0.232037611306
840,0.514398466796,0.109848464373,0.363039091229,0.231253962964
841,0.514006698504,0.109875713941,0.36108340323,0.230206977576
842,0.510425955057,0.1104282171,0.366489097476,0.229435320944
843,0.512882797047,0.109886469319,0.363852709532,0.230152118951
844,0.514079671353,0.109655966517,0.367412544787,0.232213675976
845,0.513946168125,0.110165173654,0.35975869745,0.234500627965
846,0.514006085694,0.109608089086,0.357935324311,0.235095232725
847,0.514792751521,0.11011175625,0.366195745766,0.232573263347
848,0.512520002201,0.110399015248,0.364052370191,0.230317175388
849,0.514143615961,0.110151835252,0.368053093553,0.229083932936
850,0.511161642149,0.110385898966,0.363634504378,0.233402643353
851,0.51296489127,0.109827026725,0.360266707838,0.234286002815
852,0.512780312449,0.109832561109,0.362721949816,0.233214475214
853,0.514134956524,0.109830882866,0.365656942129,0.231912665069
854,0.514621732756,0.109698163345,0.364075601101,0.228465162218
855,0.512713301927,0.110412218608,0.361124947667,0.228853136301
856,0.514200786129,0.110020164866,0.359385117888,0.231394670904
857,0.514483265579,0.109661273658,0.354989953339,0.232985042036
858,0.510004697368,0.110857870895,0.368887551129,0.228491030633
859,0.514300694689,0.110330685973,0.364931732416,0.229282423854
860,0.513002688065,0.110226162709,0.363511048257,0.23034466058
861,0.516650576144,0.109240924474,0.363104790449,0.231339119375
862,0.515316579491,0.10938669648,0.363949999213,0.229384824634
863,0.515563217923,0.10968123842,0.360611155629,0.23215040192
864,0.516087034717,0.109409750439,0.359716661274,0.232811078429
865,0.512745089829,0.111225587316,0.359580554068,0.229243800044
866,0.511903544888,0.110047340859,0.362519100308,0.227251417935
867,0.513559056446,0.109310410917,0.363029584289,0.231783177704
868,0.517215171829,0.10932330694,0.367903284729,0.230336312205
869,0.515803949907,0.10905030556,0.357456885278,0.235105603933
870,0.513355251402,0.110533256549,0.359908908606,0.229922026396
871,0.513414425775,0.109613112174,0.365117162466,0.23023256287
872,0.514985343441,0.10954998387,0.359797015786,0.229582648724
873,0.512749649584,0.109770761803,0.364464603364,0.229238983244
874,0.515213873237,0.109263002407,0.363321892917,0.235237576067
875,0.517421282828,0.108968033455,0.366325937212,0.232122421265
876,0.517257027328,0.108882477507,0.360799394548,0.230763655156
877,0.516050511971,0.109133999795,0.36187890172,0.233966693282
878,0.51752936095,0.108835902531,0.36257943511,0.235193818808
879,0.517979860306,0.108799356036,0.355421103537,0.233814761043
880,0.518681878224,0.10887022689,0.36142552644,0.235077761114
881,0.517305890098,0.108862990979,0.359454937279,0.235920060426
882,0.515886539593,0.109181298874,0.365424238145,0.23300267756
883,0.5181714762,0.108359185979,0.365196250379,0.233868032694
884,0.520073004067,0.108450958971,0.364354714751,0.231353349984
885,0.518451465294,0.108365704305,0.368303634226,0.232577960938
886,0.51729340665,0.109354767483,0.365540966392,0.23338708654
887,0.514162840322,0.109977609478,0.363933347166,0.233570668846
888,0.516132023185,0.10909687588,0.362948328257,0.232985313982
889,0.518926825374,0.108688463923,0.362753413618,0.230593383312
890,0.517698600888,0.109205558896,0.364853493869,0.22687387839
891,0.511838011444,0.109680334572,0.367476187646,0.22793180868
892,0.518510645255,0.10931928223,0.361371852458,0.233435604721
893,0.514060154557,0.109709367622,0.353086329997,0.234713140875
894,0.512566924095,0.110426631756,0.355114012957,0.235538184643
895,0.513843802735,0.109730344731,0.364021740854,0.232949472964
896,0.51674855873,0.109117770568,0.362817965448,0.232449501753
897,0.517118887976,0.109295789152,0.362517803907,0.232742186636
898,0.517889078707,0.108400230296,0.356700055301,0.233647722751
899,0.514561666176,0.109992281999,0.36806537956,0.234162949026
900,0.51526764594,0.109575171489,0.369533911347,0.231264866889
901,0.519430954009,0.108389759902,0.361870601773,0.231970410794
902,0.517916284502,0.108579906169,0.369416259229,0.234412949532
903,0.519489780068,0.108698800672,0.363877803087,0.234060715884
904,0.521927209571,0.108233886305,0.359726570547,0.234250020236
905,0.519358064979,0.108128634281,0.363842427731,0.234277710319
906,0.521070474759,0.108248978388,0.36360386759,0.22956225276
907,0.517373807728,0.108203334734,0.362631045282,0.236836608499
908,0.516076829284,0.108838059939,0.363870814443,0.232546370476
909,0.510412055999,0.110506714322,0.366947583854,0.23320267722
910,0.516135875136,0.109278906602,0.368263959885,0.234282840043
911,0.518782954663,0.108968643937,0.364524573088,0.23193096742
912,0.516856612638,0.108804289717,0.36230161041,0.231577411294
913,0.518201218918,0.108630354982,0.365096248686,0.23309051618
914,0.521953498945,0.107784419321,0.361557684839,0.233587123454
915,0.517503799871,0.108706322499,0.368552163243,0.230893325061
916,0.516142541543,0.108838343527,0.366880983114,0.23485911265
917,0.519907679409,0.10842658719,0.362796775997,0.2348652035
918,0.520603213459,0.107620030176,0.367515191436,0.23483992368
919,0.520187824965,0.108023011126,0.35750489682,0.23598677665
920,0.521007137373,0.107818827964,0.366651572287,0.232666879892
921,0.521639782935,0.107546878979,0.36809425056,0.2329541035
922,0.518893977627,0.108014825266,0.363582357764,0.234481237829
923,0.520392434672,0.107895142864,0.36069021374,0.234599467367
924,0.522926032543,0.107325153891,0.369552962482,0.234920054674
925,0.509714383632,0.111233765259,0.371184028685,0.231588609517
926,0.516881801188,0.109284240287,0.363766081631,0.235834416002
927,0.513998594135,0.109160584863,0.357187964022,0.232751693577
928,0.510898377746,0.111342490651,0.36477920413,0.232220780104
929,0.519334565848,0.108513620682,0.361107341945,0.233142152429
930,0.520217999816,0.107836529147,0.373017586768,0.23189099133
931,0.519105963409,0.108480231371,0.363518878818,0.235202442855
932,0.517716268077,0.108903253917,0.359728991985,0.2327834405
933,0.516108008102,0.109244205058,0.365027867258,0.233398340642
934,0.517135167494,0.10935520893,0.360863089561,0.236190572381
935,0.519459113479,0.108275786508,0.362361058593,0.236443202943
936,0.522937413305,0.107664423063,0.357928700745,0.23401017487
937,0.520349062979,0.107832030393,0.366748094559,0.234491273761
938,0.522897083312,0.107229179703,0.362648792565,0.235401988029
939,0.525555424392,0.106881025247,0.365108750761,0.231398433447
940,0.522750826553,0.107646602206,0.365225479007,0.232958242297
941,0.522615892813,0.107612107415,0.365377552807,0.233191054314
942,0.521362280473,0.107521097176,0.364156581461,0.234261695296
943,0.521418532357,0.107440580148,0.367161728442,0.236690238118
944,0.521957051009,0.107879255898,0.367568418384,0.234999530017
945,0.521345593035,0.108207831159,0.364184461534,0.230484582484
946,0.520498175174,0.107816874515,0.368458747864,0.2322518453
947,0.521885022521,0.107696326915,0.360731139779,0.234053704888
948,0.520513208583,0.107626987621,0.359840966761,0.236137200147
949,0.512923337519,0.110364780761,0.365876585245,0.232326626778
950,0.520453639328,0.108429772779,0.360501676798,0.232823655009
951,0.521187024191,0.108153121546,0.367136672139,0.232104219496
952,0.519196826965,0.107743977569,0.366332896054,0.234254688025
953,0.517739985138,0.108169443905,0.370465360582,0.233180139214
954,0.522058188915,0.107618061826,0.371294029057,0.234846018255
955,0.519740158692,0.108082403895,0.362884432077,0.236097153276
956,0.523052420467,0.107560023665,0.364510379732,0.232653707266
957,0.523810358718,0.107061540242,0.36329061538,0.236474778503
958,0.522813865915,0.107341346331,0.35916762054,0.236735232174
959,0.522036155686,0.107326056343,0.370421543717,0.232776105404
960,0.523720469326,0.107239315286,0.366144374013,0.235016040504
961,0.522713234648,0.107340024784,0.364293463528,0.23324399069
962,0.521044697613,0.107880163938,0.371418617666,0.234764937311
963,0.516319895163,0.108821235597,0.365781866014,0.233595851809
964,0.521854028106,0.107670937665,0.361006565392,0.239677693695
965,0.524657499045,0.107246286236,0.367303907871,0.235531199723
966,0.522317646071,0.10709246574,0.362632550299,0.234680242836
967,0.522145979106,0.107353691477,0.369407504797,0.235454987735
968,0.522349828854,0.107296376023,0.365046329796,0.236538223922
969,0.524243833497,0.107204802334,0.366231560707,0.234520595521
970,0.523837169632,0.107054952532,0.361221574247,0.238128691912
971,0.522738080472,0.107133246027,0.363976359367,0.236866161227
972,0.525578774512,0.106782570947,0.368389204144,0.235117264092
973,0.524307798594,0.10715119401,0.365180827677,0.235796686262
974,0.520324647427,0.108196715824,0.363620206714,0.233723092824
975,0.525053795427,0.106896185782,0.364967651665,0.236078489572
976,0.522267196327,0.106781045906,0.359075680375,0.23677206412
977,0.525912769139,0.106680504978,0.361940033734,0.230871956795
978,0.523474199697,0.10650132224,0.364664621651,0.236001156271
979,0.527458742261,0.106256735511,0.367760002613,0.236348390579
980,0.524964638054,0.106634431984,0.36044472456,0.237220458686
981,0.523553952575,0.107181626372,0.361765302718,0.235692806542
982,0.523069800809,0.107252601068,0.366273343563,0.236481286585
983,0.520609721541,0.107660232577,0.35931147635,0.236908044666
984,0.526026630774,0.106502426788,0.36325570941,0.236740510911
985,0.524735493585,0.106651638169,0.366945698857,0.236787248403
986,0.522669501603,0.107386463322,0.36616705358,0.235859315842
987,0.523754604161,0.107017275877,0.364542454481,0.235266014934
988,0.525068134069,0.106771833729,0.36692866683,0.236814711243
989,0.525717053562,0.106327478308,0.365462273359,0.237972278148
990,0.524458786473,0.107247375418,0.367959961295,0.234320566058
991,0.523942630738,0.10750373872,0.368118815124,0.232227772474
992,0.520368456841,0.107618854847,0.367968827486,0.234523952007
993,0.520094346255,0.108229635283,0.374265559018,0.234521318227
994,0.52424989827,0.107261186931,0.368277318776,0.237450972199
995,0.527322052047,0.106215378735,0.368485219777,0.236851550639
996,0.526529658586,0.1065919674,0.371832840145,0.236360304058
997,0.525336012244,0.106588679831,0.370613634586,0.234215125442
998,0.527389205992,0.106427287217,0.367861680686,0.231706786901
999,0.525234162807,0.106827103533,0.364937484264,0.235536135733
