epoch,binary_crossentropy,jaccard,loss,val_binary_crossentropy,val_jaccard,val_loss
0,0.69777489606,0.0706612519402,70.5486999073,0.646077289031,0.0729514707166,58.4999493296
1,0.601728544962,0.0872853355317,49.4747881669,0.544134942385,0.0922023040744,41.2106636266
2,0.541200509518,0.103782154505,35.3541009328,0.479682729794,0.103381570715,30.0819287005
3,0.48827626887,0.118903477018,26.3174137673,0.471432543718,0.125524474165,22.7414033167
4,0.426246550438,0.135765723726,20.1957630433,0.414561597201,0.136232150289,17.7844118121
5,0.361675649996,0.139777768072,15.9735968948,0.301674629633,0.130204814558,14.2517254242
6,0.330672850135,0.152844332504,13.0493781236,0.354533486641,0.0997695478682,12.2921451504
7,0.297173754416,0.108306585304,10.9899107643,0.261668458581,0.11190723069,9.71810118547
8,0.284148037319,0.101631349183,8.97971429075,0.254135931914,0.0871187727182,8.17198388755
9,0.273131409552,0.108893354538,7.62388785851,0.227662221744,0.118911983374,6.99349729319
10,0.264079029438,0.10993263549,6.56929860671,0.236997516109,0.118780123858,6.09639212049
11,0.248835275417,0.0891978854285,5.74315727349,0.216236609679,0.128280779204,5.30499078476
12,0.24592412709,0.126252775073,5.02174786282,0.22945256302,0.117623476455,4.70565296223
13,0.246111838571,0.119506398892,4.47501172609,0.204986882898,0.144903776809,4.17504994262
14,0.241450416823,0.133386857369,3.98600016429,0.212006473771,0.129961968543,3.7373111378
15,0.249867337723,0.130640746704,3.59970721021,0.212029630175,0.143058574938,3.37980912306
16,0.245002316807,0.136370218542,3.26069981209,0.215779501658,0.148863011577,3.08114663237
17,0.251883221927,0.132565864642,2.97948545663,0.209547378696,0.151043851036,2.81401088479
18,0.258311233063,0.12062304218,2.73242129084,0.216340374488,0.138576933039,2.57868403397
19,0.267074843229,0.102921662183,2.51737483462,0.2573269342,0.0203466737786,2.39559005861
20,0.249828057227,0.0210376415477,2.34244556445,0.214956332858,0.0151380793765,2.21943911739
21,0.24954267364,0.0158579236716,2.1706012488,0.215907027515,0.0141255112651,2.06771626807
22,0.247741381749,0.015514412226,2.04334888561,0.208862815912,0.013064852665,1.95900397537
23,0.24869136495,0.0134996560449,1.92307923507,0.213682365532,0.011543354521,1.8260773402
24,0.254687805318,0.0120171014198,1.79791820227,0.218113017197,0.0103177823699,1.70848879539
25,0.260557359825,0.0106560034052,1.687048079,0.222330275636,0.00932727005476,1.60405873944
26,0.265819230077,0.00967826165122,1.58831892292,0.226259264235,0.00852795256875,1.51083828872
27,0.270062704632,0.00872079660562,1.4999647699,0.229912238625,0.00783007015259,1.42717073914
28,0.27479460939,0.00823577066963,1.42048756135,0.233286024286,0.0072467266582,1.35176688036
29,0.278872115732,0.00748159070625,1.34871016506,0.236224704064,0.00678137070141,1.28353515979
30,0.283112211347,0.00694746901119,1.28359560523,0.240025138626,0.00622942198354,1.2215071541
31,0.287065083686,0.00642026820972,1.22437831409,0.243114010646,0.00582232971031,1.16497094926
32,0.290771131868,0.00597685005724,1.17028316078,0.245983934173,0.00545886323716,1.11326076383
33,0.294186454712,0.00567968896838,1.1207336819,0.248674274637,0.00514766654501,1.0658311548
34,0.297645525985,0.00524964481035,1.07520401751,0.251763689403,0.00483223885441,1.02173272912
35,0.302458268623,0.00502611144489,1.03272904148,0.255670670706,0.00457841052244,0.977625360787
36,0.306251218765,0.00472879543555,0.992020395896,0.257033775059,0.00432832942058,0.944535782683
37,0.307246112628,0.00444918861936,0.958741781627,0.259357811167,0.00410659842265,0.910081735371
38,0.310649621383,0.00422416406173,0.924891925454,0.26194869555,0.0038730157181,0.878279809488
39,0.313611779779,0.00396820082973,0.89461631087,0.264818034493,0.00371733769918,0.849289614291
40,0.317007879493,0.00379561830463,0.865994182655,0.267032144161,0.00350567109238,0.82038307226
41,0.319984118163,0.00360380518736,0.839783248286,0.269872772006,0.00335340508117,0.796450154698
42,0.32267695533,0.00342058120601,0.815217861567,0.271969778033,0.0031931819036,0.771621494665
43,0.32566479838,0.0032725129753,0.791548300124,0.274448406238,0.00303568211026,0.749412802229
44,0.327808515618,0.00310628286933,0.77021790493,0.275654299901,0.0028829223548,0.728044301125
45,0.330241713687,0.00295572920746,0.748935461963,0.278091788292,0.00276199430944,0.707469927566
46,0.332966176815,0.00282488496971,0.729421370785,0.280290639171,0.00264184196623,0.688960747915
47,0.335684964383,0.00268839355279,0.71154979837,0.282679177248,0.00253193123409,0.671863113099
48,0.338116835501,0.00257657574666,0.694353908253,0.28442264291,0.00240871722165,0.654884846975
49,0.340569406403,0.00246627601475,0.678082012957,0.286543820913,0.0023213584388,0.639234705978
50,0.343465751433,0.00235557819323,0.663359038484,0.288644272548,0.00222241190764,0.624774219739
51,0.345727380121,0.00224603997799,0.648785634004,0.290430922921,0.00212807758138,0.610739733922
52,0.347746036055,0.00218133168101,0.634834779243,0.292261404487,0.00204964085088,0.59705916648
53,0.350149462467,0.0020817622626,0.621794546322,0.294374049856,0.00197457207832,0.584636080483
54,0.35261029287,0.0020049242568,0.609418474507,0.295922210583,0.00188712107662,0.571818373546
55,0.354526134647,0.00192231300977,0.597306119996,0.297837789242,0.00181588830534,0.560291476827
56,0.356706419449,0.00185955843518,0.586245135623,0.299516400466,0.00173910399182,0.549392683444
57,0.358761957714,0.00177568299777,0.575549489796,0.301300075192,0.00167446928278,0.538976873598
58,0.361111370753,0.00170011525213,0.565373001615,0.30316241544,0.00161052905381,0.529036035575
59,0.363332525298,0.00163739489061,0.555687770231,0.305020168424,0.00155143103956,0.519535738685
60,0.365771855742,0.0015904182419,0.548119766551,0.306949027456,0.00151077527195,0.511556350175
61,0.367867142998,0.0015294658093,0.538900747689,0.308917884643,0.00146632105148,0.503131092991
62,0.370222390619,0.00147917376639,0.529953450195,0.310658597029,0.00139521228042,0.494401868442
63,0.372531387106,0.00141493771153,0.521966678547,0.312418567447,0.00133657503801,0.486114375388
64,0.374426613155,0.00136636251774,0.514114077657,0.313988285569,0.00130048157791,0.479148604934
65,0.376339575384,0.00133698373632,0.507133739135,0.315755182734,0.00126022672675,0.472798494193
66,0.378680553388,0.00128802671196,0.500999321799,0.317266056171,0.00121704994056,0.465113515437
67,0.380350169873,0.00123288146374,0.493703989474,0.319458540816,0.0011903008473,0.462748535909
68,0.382200037363,0.00120783554171,0.487353081937,0.320770159364,0.00115688676194,0.454662030694
69,0.384492643551,0.00122521680143,0.480503047143,0.321858831323,0.00108682837051,0.445747591008
70,0.38613797776,0.00111402613587,0.474276617019,0.323469903607,0.00105129092788,0.439937646305
71,0.387917845808,0.00106795827753,0.468578681289,0.325051946136,0.00101715209446,0.434368776449
72,0.389918468921,0.00103477684738,0.463071044324,0.326654783808,0.000983452800518,0.429017301798
73,0.391835339396,0.000998363627434,0.457801653157,0.328272083631,0.000950854338813,0.423878618848
74,0.393680879681,0.000972518780085,0.452770745171,0.329845711589,0.000920292178097,0.418943456673
75,0.395446092408,0.000937744857776,0.447928252205,0.331378955107,0.000891525952074,0.414201242732
76,0.397348825938,0.000909005466608,0.443278376795,0.332921663156,0.000863106854153,0.409642267778
77,0.399248174316,0.000871987361416,0.438802808701,0.334488826302,0.000835409549137,0.405256877424
78,0.401053283896,0.00084891865092,0.43451095792,0.336027576373,0.000809313312997,0.401038712752
79,0.402980144707,0.000820028936782,0.430370704383,0.337589414074,0.00078368375454,0.396979397298
80,0.404750145368,0.000789698827329,0.426404384057,0.339092924045,0.000759617412069,0.393111778112
