epoch,jaccard,loss,val_jaccard,val_loss
0,0.00306203290529,0.532113917172,0.00306118675508,0.438264831901
1,0.00320402817306,0.435079813004,0.00308334839065,0.424631871283
2,0.00321494843956,0.422652792186,0.00308948062593,0.41359782964
3,0.00322208266152,0.412090061232,0.00309946358902,0.403867974877
4,0.0032283415203,0.402479918674,0.00311357702594,0.394824847579
5,0.00323800471961,0.393558710814,0.00312616984593,0.386320717633
6,0.00325591042201,0.385138960555,0.00314874586184,0.378236070275
7,0.00329248484923,0.377089777961,0.00316774455132,0.370463266969
8,0.00333234934078,0.369327357039,0.00317980675027,0.362942293286
9,0.00337467699865,0.361820369959,0.00320456165355,0.355630092323
10,0.00341040093917,0.354529751465,0.00321923091542,0.348534487188
11,0.00347491398134,0.347448533401,0.00324445520528,0.341631159186
12,0.00353539264324,0.340557744727,0.00332621758571,0.33489985764
13,0.00374598375492,0.333789091557,0.00348351936555,0.328269168735
14,0.00389195090611,0.327166968957,0.00354303704808,0.321905277669
15,0.00399079069393,0.320765197277,0.00358222331852,0.315709874034
16,0.0041074098117,0.314579589292,0.00356886710506,0.309662334621
17,0.00412124361901,0.308543797582,0.00362480117474,0.30379806459
18,0.00418707959761,0.302693530917,0.00363105378347,0.298070006073
19,0.00422372540925,0.296977631748,0.00364854035433,0.292499065399
20,0.00426964414146,0.291419113055,0.00368107360555,0.287071205676
21,0.00432273767365,0.285997841507,0.00369244237663,0.281768366694
22,0.00433627130406,0.280718857422,0.00370607397053,0.276596516371
23,0.00438353097707,0.275565087795,0.00373181671603,0.271563045681
24,0.0044133899064,0.27055240795,0.0037128055701,0.266644835472
25,0.00445399327145,0.265647049993,0.00376510323258,0.26185554266
26,0.00448087841505,0.260878115892,0.00379571056692,0.25718318671
27,0.00451808171056,0.256220245734,0.00380866014166,0.252614319324
28,0.00455803537625,0.251683992334,0.00379194691777,0.248154833913
29,0.0046392187287,0.24724734854,0.00375469191931,0.243811178952
30,0.00461087066651,0.242944293655,0.0038359084283,0.239568911493
31,0.00457587312849,0.238738700747,0.00389361637644,0.235456172377
32,0.004675743603,0.234582620673,0.00390115997288,0.231409460306
33,0.00474794160982,0.230557030998,0.00387804320781,0.227440536022
34,0.00480032318592,0.22661827784,0.00385634589475,0.223590064794
35,0.00483791097213,0.222792174667,0.00393147009891,0.219824220985
36,0.00484151953424,0.219039630145,0.0039712866419,0.216162458062
37,0.0049102405319,0.215385469608,0.00396993063623,0.212563030422
38,0.00495574603337,0.211802939884,0.00397345004603,0.209054846317
39,0.00499926593329,0.208318257704,0.00398262613453,0.205629713833
40,0.00504572073987,0.204910145141,0.00400512490887,0.202279262245
41,0.0050470999995,0.201581031084,0.00406815885799,0.199016328901
42,0.00506984883395,0.198343995959,0.00409120565746,0.195819348097
43,0.0051149698993,0.195179623552,0.00395605020458,0.19271460548
44,0.00521937521989,0.192053523846,0.00401747919386,0.189648233354
45,0.00518387080228,0.189014271833,0.00414168369025,0.186667129397
46,0.00526941496355,0.186024447903,0.00413332966855,0.183744005859
47,0.00530210358556,0.183111373335,0.00417606695555,0.180887814611
48,0.00537894635636,0.180265075527,0.00418307981454,0.178098082542
49,0.0054055466826,0.177488711663,0.004191656888,0.175363581628
50,0.00546603483963,0.174757764675,0.00424417550676,0.172696001828
51,0.00551634959993,0.172103630379,0.0042188539519,0.170083925128
52,0.00554058040871,0.169500427321,0.00432444736362,0.167532730848
53,0.00560671391577,0.166960399598,0.00429765030276,0.165027346462
54,0.00562508562143,0.164464410394,0.00431680562906,0.16258636117
55,0.00567531896377,0.162024231628,0.0043383827433,0.160184267908
56,0.00572000822285,0.159637982026,0.00440316187451,0.15784432739
57,0.00576778530376,0.15729988087,0.00445864332141,0.155552137643
58,0.00583908310364,0.15501056239,0.00449050054885,0.153307311237
59,0.00586388012016,0.152790564112,0.00452441873495,0.151113908738
60,0.0059423377752,0.150594661012,0.00451145158149,0.148947548121
61,0.00592251978378,0.148459270597,0.00452464690898,0.146842196584
62,0.00602154320222,0.146353125572,0.0044783121557,0.144775524735
63,0.0060174374521,0.144314309582,0.00452984089497,0.142754025757
64,0.00611805954031,0.142290210351,0.00464320444735,0.140777572989
65,0.00617232065997,0.14030379802,0.0045945213642,0.138831153512
66,0.00620563704433,0.138372594491,0.00454524590168,0.136941161007
67,0.00628557649907,0.136492229998,0.0046343675931,0.135051384568
68,0.00630637069116,0.134618946351,0.00468487618491,0.133255001158
69,0.00639842056262,0.132792358287,0.00521257682703,0.131387747824
70,0.00662024223493,0.131011373363,0.00469527969835,0.129761781543
71,0.00644677336095,0.129331589676,0.00468653230928,0.128016974777
72,0.0064589290414,0.127631982788,0.00456097436836,0.126339867711
73,0.00588283201796,0.126116312109,0.00410342338728,0.124818889424
74,0.00640493595711,0.124381948262,0.00431159819709,0.12314000912
75,0.00648092819029,0.122711629141,0.00479023793014,0.121479297057
76,0.00666073385219,0.12108756369,0.00482839014148,0.119893606752
77,0.00679909026076,0.119496818632,0.00492917752126,0.118296040222
78,0.00700155949744,0.117911865935,0.00495941826375,0.116800092161
79,0.00755193228542,0.11627982324,0.0065870747203,0.114605680108
80,0.00881860547815,0.1144452882,0.00697217870038,0.112793952227
81,0.00836007107864,0.113150530029,0.0059014406288,0.112051893026
82,0.00934006631724,0.111490543932,0.00723146344535,0.11002621986
83,0.0110961695245,0.109498031903,0.0104315853678,0.107973413542
84,0.0115114320361,0.107980587985,0.0123141638469,0.105970606208
85,0.0132318166434,0.10622684285,0.0132951193955,0.104298168793
86,0.0136036012264,0.104840678163,0.0136246327311,0.102902846411
87,0.0150049314252,0.103254767135,0.015622283332,0.101354911923
88,0.0154999789665,0.10189082846,0.0160970222205,0.100112712011
89,0.0159151183107,0.100484606344,0.0166673003696,0.0987062901258
90,0.0161264640046,0.0992269488052,0.0195248350501,0.0976951085031
91,0.0160633130436,0.0982260350138,0.0125171623658,0.0970468763262
92,0.0162537419819,0.0969395367429,0.0183492931537,0.0950429495424
93,0.0174803863629,0.0954606952146,0.016546331346,0.0939093902707
94,0.0173515082279,0.094399637077,0.0191897368059,0.0925585962832
95,0.0180414294009,0.0931461118162,0.0187374353409,0.0913547109812
96,0.0187484504713,0.0919340327382,0.0178176513873,0.0907285045832
97,0.018608181359,0.090865671169,0.0185274961405,0.089210473001
98,0.0193247415009,0.0896506328136,0.0206374609843,0.0880047678947
99,0.019875345577,0.0884816078469,0.0207454259507,0.0869410596788
100,0.0196256655327,0.0875980481505,0.0176609093323,0.0863184332848
101,0.0195783125346,0.0866383775137,0.022354661487,0.0850553009659
102,0.0206419338801,0.0853945813142,0.019611062482,0.0840564221144
103,0.0213473602198,0.0843126317486,0.0206127162091,0.082930251956
104,0.021159207623,0.0833446453325,0.0245868349448,0.0821973327547
105,0.0213836241455,0.0825654501095,0.0213561933488,0.0809507761151
106,0.0213633410458,0.0815721810795,0.0238731373101,0.0800274331123
107,0.0220621549524,0.0804975209758,0.0231598690152,0.079050809145
108,0.0230414047255,0.0793598326854,0.0237180660479,0.0778941120952
109,0.0225866094261,0.0788092189468,0.0127975407522,0.0792449321598
110,0.021296611405,0.078062849585,0.0254559963942,0.0764965862036
111,0.0234889792046,0.0769486366771,0.0228723594919,0.0754807721823
112,0.023312762205,0.076020823326,0.0242292578332,0.0745037849993
113,0.0240471925936,0.0751158045605,0.0255077015609,0.0736610330641
114,0.024594340648,0.0741361216642,0.0285797608085,0.0729203466326
115,0.0257991380349,0.0733174178749,0.0241943197325,0.0720908977091
116,0.0255609092419,0.07240978349,0.0275165182538,0.0710154492408
117,0.0265743257187,0.0715745785274,0.0265369811095,0.0702796168625
118,0.0262488799344,0.0708021293394,0.0284782112576,0.0694779157639
119,0.0272460193955,0.0699837249704,0.0281911548227,0.0687523428351
120,0.0276205959381,0.0691846571863,0.0265150000341,0.0680890418589
121,0.0267257454689,0.068640306592,0.0287626478821,0.0673974063247
122,0.0279981420026,0.067793989554,0.0299169672653,0.0664591100067
123,0.0286954530166,0.0669424282387,0.0292512173764,0.0657369568944
124,0.0290558590204,0.066195900552,0.0305043933913,0.0650048013777
125,0.0291955111898,0.0655056852847,0.0294351982884,0.0643550734967
126,0.029810896609,0.0648651530501,0.0296011152677,0.0636845584959
127,0.0299624072213,0.0640927050263,0.0269717071205,0.063259607181
128,0.0305133823422,0.063418345293,0.0306088919751,0.0622775917873
129,0.0307247812743,0.0627581139561,0.0268093510531,0.0620262753218
130,0.0306988437951,0.0621459423564,0.0318808187731,0.0610075769946
131,0.0316764368035,0.0614498788491,0.0304560121149,0.0603740355
132,0.0319694391219,0.0607467235532,0.0334798642434,0.0595789896324
133,0.0322350076167,0.0601004238706,0.0342450938188,0.0589496418834
134,0.0334415751277,0.0594391156919,0.0336742424406,0.0583437001333
135,0.0334281796822,0.0588163235225,0.03531624889,0.0577841652557
136,0.0336282423814,0.0582070972305,0.0354977566749,0.057169306092
137,0.0342422772083,0.0576332607307,0.0325844474137,0.0567533094436
138,0.0344235125813,0.057094844291,0.0376096917316,0.056310785003
139,0.0344418649329,0.056541045662,0.0351793318987,0.0554565954953
140,0.0352279148647,0.0558772492222,0.0356568666175,0.0549313221127
141,0.0360129073961,0.0552199201193,0.0384920686483,0.0543484548107
142,0.0365771841025,0.0546863395721,0.0362171921879,0.0537487184629
143,0.0368656952633,0.0540823780466,0.0375878373161,0.0532180340961
144,0.0374006022466,0.0535905326251,0.0374447023496,0.0527718449011
145,0.0369023805251,0.0532820236403,0.0385613124818,0.0524842152372
146,0.0360050957534,0.0527593323495,0.0385727668181,0.051826570183
147,0.0380992515129,0.0520804000553,0.0385324899107,0.051177309826
148,0.0387596931541,0.0515092657879,0.038031635806,0.0508002657443
149,0.0395329063758,0.0510078624357,0.0354801965877,0.0506329135969
150,0.0391594188986,0.0505694316234,0.0391169451177,0.0496987709776
151,0.0397974948864,0.0499908770435,0.0408079437912,0.0491641294211
152,0.0408828346117,0.0494525113609,0.0408245641738,0.048626748845
153,0.0414445878705,0.0488793144468,0.0437731770799,0.0480787288398
154,0.0417364041787,0.0484995560255,0.0379370944574,0.0480715986341
155,0.0428363645915,0.0479528962169,0.0416446197778,0.0472551351413
156,0.043482074514,0.0474192127585,0.0427582906559,0.0467724064365
157,0.0439054604503,0.0469365394674,0.0425682049245,0.0463761435822
158,0.0438874953252,0.0465617605951,0.0425254609436,0.0459353532642
159,0.0443653841503,0.0461375624873,0.0459160050377,0.0454305987805
160,0.0434615786071,0.0458643725142,0.0397589895874,0.0454206466675
161,0.0443015236451,0.0453498584684,0.0444932477549,0.0446319291368
162,0.0461489082081,0.0447916095145,0.046568471007,0.044072248973
163,0.0467004533857,0.0442995021585,0.0461370628327,0.0437200153247
164,0.0473059167853,0.0438848191407,0.0470538632944,0.0432668682188
165,0.0481253876351,0.0434532214422,0.0461466973647,0.0428801784292
166,0.0487730310997,0.0430364129134,0.0490071168169,0.0425224937499
167,0.0485347840004,0.0426756963134,0.0503121633083,0.0420580767095
168,0.0496349280002,0.0422625003848,0.0453436905518,0.0417545000091
169,0.0500489560654,0.0418831284624,0.0458546187729,0.0414275191724
170,0.0496044205502,0.0415917036589,0.050459141843,0.0409413566813
171,0.0503231623443,0.0411800842267,0.0491704689339,0.0405789650977
172,0.0515355136013,0.0407787784934,0.0501544652507,0.0403024163097
173,0.0517571431119,0.0403385527898,0.0489148050547,0.0399045366794
174,0.0527213180321,0.0399386030622,0.055473299697,0.0395098291337
175,0.0536686808337,0.0396073267329,0.0500380713493,0.0391796818003
176,0.0536653463496,0.0391728735995,0.0544085381553,0.0387935256585
177,0.0542933245888,0.0388949767221,0.0550179230049,0.038425123319
178,0.053520470683,0.0387503847014,0.0408451156691,0.0390447331592
179,0.0450737724896,0.0396765272599,0.0424273097888,0.0388823095709
180,0.0389695235062,0.0401265355758,0.0463205911219,0.0384659739211
181,0.0456205870141,0.0389076429419,0.0553255211562,0.0377033250406
182,0.0505399913527,0.037944892887,0.0574508626014,0.03747075703
183,0.0530585293891,0.0373350775335,0.0529843205586,0.0365981226787
184,0.0560186965158,0.036753160879,0.0570311015472,0.0361897218972
185,0.0578815542394,0.0362974326126,0.0584127791226,0.035811394453
186,0.0576983271167,0.0359978638589,0.0544861797243,0.0355691192672
187,0.0589298708364,0.0356213932391,0.0603567864746,0.0351708047092
188,0.0592673316132,0.0352983784396,0.0610129358247,0.0347809065133
189,0.0599158171099,0.0349879565183,0.0563782667741,0.0345879076049
190,0.0614286449272,0.0346279216465,0.0597918713465,0.0342381419614
191,0.0622286382131,0.0343026723713,0.05947191827,0.033931709826
192,0.0624277328607,0.0340807465836,0.0640856903046,0.0337840588763
193,0.0625822169241,0.0337933017872,0.0604620575905,0.0335020935163
194,0.0643720243825,0.0333949584747,0.0614975607023,0.0330998767167
195,0.0655389954336,0.0330892605707,0.0616324702278,0.03285389347
196,0.0643594553694,0.032857976621,0.0628354866058,0.0324789793231
197,0.0668454219121,0.0324864588911,0.0648902105168,0.0322456764989
198,0.0664628488012,0.0322166522965,0.0628491779789,0.031984792091
199,0.0671048250515,0.0319173261523,0.0646025706083,0.0316406139173
200,0.068195852451,0.0316470835824,0.0679510859773,0.031368972268
201,0.0687420489849,0.0313530188287,0.0688657807186,0.031097044237
202,0.0696191352326,0.0310772069497,0.0674737449735,0.0308084404096
203,0.0696329926141,0.0307870674878,0.0682270471007,0.0306457360275
204,0.0718389500398,0.0305338191101,0.0671527869999,0.0304447109811
205,0.0710296382895,0.0303324660053,0.0688873128965,0.0301995892078
206,0.071918323054,0.0300679091597,0.06694773864,0.0299796843901
207,0.0730374779087,0.0298023159849,0.0676281452179,0.0297136637382
208,0.0738803945715,0.0295492419973,0.0727463923395,0.0294071822427
209,0.0739385228371,0.0292735466501,0.0700595695525,0.0291911331005
210,0.0752830186393,0.0290874183411,0.0728504508734,0.0290109622292
211,0.0734654105036,0.0288992567221,0.0697798281908,0.0287780314684
212,0.076552560553,0.0286016219761,0.0737341307104,0.0285383150913
213,0.0769273324404,0.0283617080422,0.0749989785254,0.0282206661068
214,0.0778014018433,0.0280980382813,0.0724174566567,0.0281001548283
215,0.0777550092898,0.027916781255,0.0774049349129,0.0277888015844
216,0.0790003393195,0.0276303613791,0.0762778110802,0.0275213881396
217,0.0806240804959,0.027389038587,0.0757872126997,0.0273599405773
218,0.0802055199165,0.027164683328,0.0772651117295,0.0271362685598
219,0.0805448049796,0.0269506868208,0.0785048976541,0.0268898140639
220,0.0826667236397,0.0267184715485,0.0798550117761,0.0266766329296
221,0.0825484150555,0.026557032601,0.0759978052229,0.0265623047017
222,0.0839272160083,0.0262884192634,0.0790697019547,0.0262508979067
223,0.0836285600672,0.0260658271145,0.0793524086475,0.0260782646947
224,0.0846954935696,0.025927785784,0.079570138827,0.0258832201362
225,0.0851832857588,0.0256658487488,0.0831555388868,0.0256504057907
226,0.0858478839509,0.0255434968276,0.0787186399102,0.0255727432668
227,0.0862200647825,0.0253241985338,0.0820890534669,0.0253061130643
228,0.0868099236395,0.0250786199467,0.0827582236379,0.0252111614682
229,0.0885755468626,0.0249248692999,0.0806364640594,0.024932961911
230,0.0883612313773,0.0247534292284,0.0896111913025,0.0248270495795
231,0.0886846090434,0.0245199694764,0.0796365179121,0.024685758166
232,0.0911227783654,0.0242757052183,0.0856386888772,0.0243234629743
233,0.0910556348972,0.0240227355389,0.090301355347,0.0242403061129
234,0.0928142846096,0.0239022051683,0.0860395450145,0.0240279203281
235,0.0931746421847,0.023758088937,0.0903703346848,0.0238084681332
236,0.0932169712614,0.0235513591906,0.0904701221734,0.0236096139997
237,0.0949231237173,0.0233202357776,0.0883028171957,0.0234742122702
238,0.0958129898645,0.023121109698,0.0904807299376,0.0233011124656
239,0.0934157752199,0.0229835654609,0.0939786564559,0.0230729961768
240,0.0974480060395,0.0229187381919,0.0917840655893,0.0229845782742
241,0.0951741808094,0.0227637279313,0.094560071826,0.0227688183077
242,0.0974948985968,0.0224838345312,0.0918810311705,0.0226591466926
243,0.100745012518,0.0222980672261,0.0926123317331,0.0224884343334
244,0.0983323757537,0.0221925037913,0.0906931851059,0.0224162773229
245,0.100614648079,0.0219038589858,0.097175847739,0.0221135052852
246,0.10128074442,0.0217471307842,0.0930836740881,0.0220670653507
247,0.102071556845,0.0215827270877,0.0980965811759,0.0217520962469
248,0.103291566018,0.0213473924669,0.0995512120426,0.0216679209843
249,0.104343642364,0.0212195268832,0.0979920309037,0.0214897077531
