epoch,jaccard,loss,val_jaccard,val_loss
0,0.116526881931,80.991001391,0.126489586663,79.2129543396
1,0.126908225124,77.6427251658,0.135913114063,76.0143410027
2,0.133758281474,74.5015273141,0.139016508125,72.982841011
3,0.137045898242,71.481793051,0.138382760808,69.9822528114
4,0.138902401086,68.5356806085,0.147761975881,67.080223448
5,0.145872167312,65.7136262405,0.152808834333,64.2962809489
6,0.147405553726,63.0057898161,0.158233574126,61.5972269679
7,0.155270847841,60.3353448199,0.161572710145,59.0771111103
8,0.152801547199,57.8773813338,0.157190068625,56.6425101571
9,0.153706539539,55.4824989131,0.162657969631,54.3257800226
10,0.162312821718,53.1530580965,0.170516970567,51.964491291
11,0.16709534172,50.9509445933,0.174748142716,49.9340950508
12,0.173280796269,48.8585272512,0.179603693075,47.8048120399
13,0.177570553962,46.8677395047,0.18559341738,45.848768028
14,0.182418736746,44.9608506764,0.193245756906,43.9898374463
15,0.1914447702,43.1506775903,0.200448713265,42.2655824399
16,0.193752627354,41.4502744865,0.1982770022,40.607655402
17,0.189868051093,39.8417083068,0.196411845274,39.0609293287
18,0.200336924288,38.2501660344,0.212859989144,37.4366082787
19,0.202795436955,36.7673210523,0.201550279744,36.1411612594
20,0.204465503339,35.4197590023,0.216488495469,34.6965365152
21,0.192209055764,34.0985546325,0.184216983151,33.4200032114
22,0.178628223366,32.8369634909,0.171483673621,32.2781368475
23,0.173737790785,31.6390306539,0.19469419308,30.9686086853
24,0.191125000129,30.4320930034,0.203939992003,29.882734148
25,0.199936980265,29.3380490667,0.216957353987,28.7468223079
26,0.203667026944,28.2417249405,0.215001301374,27.7075877661
27,0.208619359531,27.2133907538,0.228250303771,26.6818816614
28,0.20381462283,26.261883012,0.223014701158,25.7755985705
29,0.218142241472,25.3098264146,0.224223932251,24.8268668443
30,0.210280628642,24.4799336823,0.223784248345,24.005211368
31,0.218249674886,23.6020339203,0.233466326259,23.1258535391
32,0.222037976608,22.7893202705,0.230866154656,22.3800974804
33,0.227430416271,21.9865813819,0.238776878454,21.5764143268
34,0.226089809323,21.2487703072,0.239604995586,20.834499319
35,0.209110967699,20.5804658138,0.226104864851,20.1730106681
36,0.217472316697,19.8570722312,0.234543115366,19.4679615568
37,0.219452077057,19.1983206944,0.224804055877,18.8375287018
38,0.221819703933,18.5712641171,0.219779185019,18.2643724439
39,0.219599673524,17.9743383535,0.241955839097,17.6187970067
40,0.23583954596,17.3753305606,0.249963024631,17.0551987701
41,0.235391036957,16.802964655,0.251875569113,16.5219898745
42,0.24545788276,16.2623755843,0.259720633738,15.9526827669
43,0.247658348875,15.7227439023,0.259436538443,15.4820391596
44,0.247191573028,15.250582062,0.262550051324,14.9601092112
45,0.251479808241,14.7607629603,0.260957223363,14.4969517751
46,0.256312050391,14.320584026,0.268491409719,14.0466286146
47,0.25888926303,13.8360394539,0.270339576527,13.6167863978
48,0.262724441825,13.2719508392,0.27715018671,12.8498703078
49,0.261570789618,12.5423633299,0.276189802215,12.190659999
50,0.263981806231,11.9175225186,0.2846895447,11.5685699307
51,0.277810123051,11.3409738927,0.27866844181,11.0240264479
52,0.285026594996,10.7730960809,0.289726189338,10.5193883108
53,0.285648804391,10.2684853631,0.305898915976,9.97199853389
54,0.297875065822,9.78022085616,0.313461842015,9.52952012112
55,0.293564751744,9.33512893657,0.306997607462,9.09106218192
56,0.297210622346,8.91011217207,0.312257051468,8.6850654646
57,0.30948869884,8.50493005077,0.324088251218,8.29196121566
58,0.308197926031,8.15767179536,0.324232928455,7.95004668575
59,0.317528609419,7.80850348839,0.336259703152,7.61807574193
60,0.326104090782,7.47654744859,0.335476790555,7.28671914617
61,0.316458275658,7.19000512883,0.332879506983,7.00556768534
62,0.322270042496,6.88289189772,0.344404624775,6.70605299935
63,0.32897531148,6.60645345099,0.333775653504,6.46058041338
64,0.329946321668,6.3647457164,0.346356618218,6.20750652621
65,0.328787968261,6.13027315794,0.354755116627,5.98215039821
66,0.331939285155,5.91770121162,0.347240320407,5.76787712306
67,0.333176848479,5.68584568133,0.350998242386,5.56120948818
68,0.330335180741,5.50043471232,0.350760538131,5.38260737264
69,0.335200178088,5.30813890363,0.351978317834,5.23906389198
70,0.322198489215,5.17183175508,0.345684216358,5.03312364264
71,0.336644442286,4.98384300019,0.349655890837,4.84693642793
72,0.337003651308,4.8045967787,0.350561304949,4.69371195344
73,0.342755569844,4.6561218603,0.36380376108,4.54347935024
74,0.341632073745,4.50127631168,0.363849747926,4.38776381103
75,0.351238762029,4.35265875287,0.368509634398,4.25288959786
76,0.350396545953,4.2188664287,0.365504994988,4.1304955217
77,0.352307486814,4.08703381327,0.385605921037,3.98203788338
78,0.345067745773,3.97114936939,0.363368697464,3.88732083314
79,0.342362421099,3.85408653839,0.365943634883,3.76021920556
80,0.344298209762,3.75067977635,0.362861832604,3.63775823954
81,0.350930341054,3.61370716478,0.376682887785,3.53229523683
82,0.368083713809,3.51119697326,0.38476519566,3.43565707102
83,0.367476036539,3.40710157719,0.382126837969,3.325582805
84,0.359363879776,3.31592820501,0.38261649292,3.24498520343
85,0.372719804524,3.21904783536,0.383708802052,3.14141244537
86,0.37206590618,3.1305743262,0.393442171626,3.05470033447
87,0.378356011119,3.04260423458,0.394624164328,2.96849707649
88,0.385139779886,2.95394737357,0.406563924626,2.88100487761
89,0.383127595298,2.87809620485,0.39845344983,2.8224821503
90,0.381956484402,2.80810448415,0.400728927925,2.74444001088
91,0.378029501531,2.73801765618,0.400128495879,2.67060288555
92,0.383153307019,2.66875711211,0.410907673649,2.59798519404
93,0.384650665335,2.59477640131,0.408792510629,2.52924984517
94,0.379421342397,2.53735388275,0.395523446612,2.48030128962
95,0.376166150905,2.47903513887,0.391471833922,2.42504037612
96,0.374658417655,2.42579534254,0.405327091925,2.36364581576
97,0.374865601538,2.36747893826,0.389533771202,2.30724283035
98,0.379575060913,2.31112007366,0.38716946356,2.25929592198
99,0.383124667918,2.26039029202,0.387228641659,2.21482546189
100,0.381981428014,2.20953971635,0.385807898827,2.15628333117
101,0.378277094103,2.17291876203,0.396338386461,2.11389763482
102,0.367701666662,2.12411692832,0.402800488286,2.06227967722
103,0.38855827041,2.06553499061,0.41330831591,2.00631042651
104,0.391331232619,2.01609919778,0.414774750359,1.9628592058
105,0.380868376233,1.98216969273,0.406614037231,1.92936747623
106,0.385205514729,1.94641305072,0.402533197775,1.89089729583
107,0.385610969737,1.89857962533,0.398246087134,1.84746588021
108,0.33314712916,1.93458099194,0.252214051085,1.92010433113
109,0.265920223086,1.90983179656,0.290880351327,1.84311874023
110,0.302214857191,1.84946325482,0.337014961056,1.79039044213
111,0.316255389596,1.80779326141,0.339510326274,1.74944888285
112,0.314455806511,1.77494083776,0.349923947826,1.71320475745
113,0.333608050831,1.72934454084,0.356937738135,1.67462609381
114,0.34108019853,1.69440486628,0.372769217007,1.63682109188
115,0.352044814616,1.65562870301,0.359365911223,1.60540657315
116,0.355131774442,1.62419212869,0.382989292033,1.57309313076
117,0.363424016163,1.59323524764,0.387169148773,1.54365282974
118,0.362584527349,1.56447927821,0.388721661642,1.51412603383
119,0.365716973087,1.53681142588,0.397657770663,1.48841747932
120,0.373224090319,1.50897941309,0.39784616977,1.45534943976
121,0.378445044626,1.47711012699,0.403294355609,1.42918423743
122,0.37737897411,1.45602992834,0.400845997967,1.40516038214
123,0.380667007761,1.42966883283,0.402047716081,1.37999950131
124,0.376606721198,1.40733210446,0.416314843111,1.35562355218
125,0.380219820421,1.3849779068,0.409521092661,1.3320780166
126,0.392317404039,1.35870262018,0.404440092854,1.31274664342
127,0.388872948708,1.33715765423,0.401366262697,1.28972432824
128,0.39433611813,1.31322479428,0.417741593905,1.26629767264
129,0.395387981087,1.29256313894,0.414530794136,1.24200006067
130,0.400934316684,1.2682856789,0.376777421683,1.24471862348
131,0.37400340056,1.25843892644,0.397085148841,1.2116698788
132,0.38086641673,1.23650326991,0.408823956735,1.18669251628
133,0.3855220275,1.21465877084,0.406359574758,1.17206067695
134,0.383447693428,1.19767276329,0.413479155861,1.15163722544
135,0.395521400962,1.17668417484,0.423508688807,1.13131753051
136,0.400581227848,1.15773068899,0.427743642591,1.11366001827
137,0.413690494141,1.13999256663,0.426020685583,1.10392033776
138,0.410525907064,1.13022363291,0.441682181321,1.08749031538
139,0.413761236938,1.11150416681,0.440141597763,1.06915745245
140,0.421570999781,1.09796674248,0.432901260443,1.05777325545
141,0.411497662542,1.08297127738,0.436910707504,1.0417502418
142,0.421714010648,1.06495164636,0.446723575704,1.01989592479
143,0.422482095659,1.0501809778,0.443322728388,1.00617141983
144,0.418769956566,1.03882437001,0.439936630428,0.995304280944
145,0.420227738563,1.02242448548,0.431529656984,0.988188302758
146,0.429808946326,1.00890585501,0.455098596402,0.9673574551
147,0.438116377685,0.994784628034,0.445255747996,0.959446941039
148,0.435183270834,0.984028675572,0.457707181573,0.943044032777
149,0.434621974826,0.970906024447,0.464073861949,0.933411676309
150,0.431811321061,0.960763723725,0.437124961056,0.929138020096
151,0.432538606692,0.953022883936,0.460984981619,0.911983003661
152,0.435907828854,0.94045572849,0.466512946412,0.900555784607
153,0.440658447798,0.930540303457,0.459168291651,0.894713659709
154,0.442878547823,0.918313725324,0.466548604891,0.879184213052
155,0.444038465852,0.912174713493,0.467003518716,0.870205493396
156,0.448246499989,0.900316137989,0.47153152898,0.861457066427
157,0.443606164539,0.892201622428,0.47134761326,0.853529950142
158,0.449762105243,0.883481862782,0.459967740811,0.848573962303
159,0.448361814953,0.874244315225,0.47671430558,0.835592836144
160,0.446164983092,0.866111532348,0.430193672888,0.848567710235
161,0.304332414176,0.981485458855,0.326740038581,0.905171091861
162,0.328465067432,0.924769048922,0.360376023687,0.877955305597
163,0.368616922526,0.901165505945,0.402500636876,0.856428014512
164,0.386772312922,0.883610371325,0.419503658079,0.839510777602
165,0.406964630121,0.858733537029,0.436647740193,0.817452975519
166,0.418894448318,0.843461151779,0.44114429038,0.803435645602
167,0.426588689908,0.832093005862,0.429834593087,0.796983629638
168,0.422264935914,0.824677316073,0.448361088522,0.783295632606
169,0.436938242055,0.812463363293,0.454739524983,0.774949730166
170,0.435327335959,0.806296181878,0.462277179584,0.765601654556
171,0.438940380234,0.798828023161,0.462002908811,0.759535000823
172,0.440228834515,0.791201986242,0.471013152972,0.755044352012
173,0.448791882489,0.783773958459,0.460374405608,0.74870368559
174,0.444694076199,0.78123966367,0.445536991581,0.746149591076
175,0.445426143706,0.775085258803,0.466694671661,0.736076282707
176,0.439583295956,0.767694118786,0.476125082001,0.72820919993
177,0.452287665103,0.761089693935,0.469562185928,0.724911333287
178,0.45233411598,0.754594753421,0.451293628663,0.724281405166
179,0.446477133315,0.751510344913,0.471790831536,0.712486913427
180,0.456726346165,0.743104374195,0.487995479256,0.705644462977
181,0.462311570998,0.736529464911,0.481814727187,0.700341331284
182,0.466408499517,0.730318635004,0.490719728172,0.695642234116
183,0.46562532289,0.725326658906,0.476680891588,0.690274740785
184,0.465589419706,0.72171672315,0.485923890024,0.68526320439
185,0.465261059348,0.715867816598,0.496147723868,0.67967483072
186,0.474503870821,0.709508961879,0.487021062523,0.675369225151
187,0.476578964386,0.706218430707,0.496596841142,0.670918036455
188,0.474194478244,0.700482272932,0.500651054084,0.665650118801
189,0.479663249105,0.69579114659,0.493551326916,0.66601043009
190,0.479761333205,0.693113390405,0.501666534692,0.658931070076
191,0.485336590558,0.687614406257,0.482943672687,0.660620467161
192,0.482923935633,0.686953115668,0.497423080727,0.651243978989
193,0.484898576979,0.681745331644,0.500709077343,0.648994507191
194,0.476383972913,0.679583071873,0.498189318925,0.647541560311
195,0.485397110227,0.673622378117,0.510324040428,0.640711383315
196,0.488404535688,0.670344748783,0.50481540896,0.636393887627
197,0.491629573982,0.665448828904,0.51116232574,0.632281371328
198,0.487666059285,0.662516603756,0.498580818996,0.630249168902
199,0.481310999021,0.661075941629,0.515517195687,0.626043710804
200,0.489996391581,0.657276270972,0.518033914268,0.622300114384
201,0.492439813912,0.653849773247,0.512448508292,0.619123356965
202,0.489869112149,0.652155452428,0.513365423307,0.618096091521
203,0.490003451705,0.650025977298,0.506672060117,0.615551098607
204,0.490921047982,0.646834769598,0.516125841066,0.612650661103
205,0.497879151953,0.643351943942,0.522422380745,0.613626204787
206,0.496635408606,0.640707900237,0.517511637881,0.606273941047
207,0.49407659471,0.638427813029,0.520203175023,0.602507062243
208,0.496822318994,0.636310149071,0.526037503034,0.601048730918
209,0.50421088282,0.630767860406,0.514906840399,0.597559210981
210,0.506006519776,0.627958373053,0.522311573848,0.594041456492
211,0.50541018229,0.626072636777,0.52705456689,0.593832800713
212,0.503488046583,0.625205875873,0.52558250539,0.590785902733
213,0.502565860748,0.623192662511,0.526622721925,0.586522674763
214,0.50597996125,0.619923671233,0.5186955221,0.588363351203
215,0.508536692243,0.616832284172,0.52171699889,0.584155835966
216,0.509573308285,0.614868030471,0.504463344812,0.58509784246
217,0.505997678731,0.612953313319,0.528812799603,0.581148256392
218,0.514294739813,0.6090709958,0.52193926461,0.57926260495
219,0.512616903987,0.608427592848,0.537314368412,0.571304852798
220,0.505597421899,0.610712859594,0.528575399891,0.577608606324
221,0.503552917391,0.609191420058,0.531868636608,0.573176130281
222,0.505249411799,0.605915309508,0.532523307949,0.571350081155
223,0.51046033809,0.601327761673,0.540305288509,0.567446751522
224,0.514285737649,0.599056127023,0.530248433352,0.564793081612
225,0.520883741323,0.59370452687,0.536009317264,0.562709104126
226,0.521622177679,0.590907069273,0.540589248762,0.55978355398
227,0.509769495577,0.594020610552,0.542670495808,0.557141782204
228,0.519694365095,0.587815452516,0.540561743081,0.554889752192
229,0.524715318577,0.584278387416,0.541288573295,0.55272916263
230,0.525634838734,0.583815832571,0.542159173638,0.551083187092
231,0.525909035932,0.581372711496,0.547346752137,0.550158109329
232,0.522972493432,0.582349425721,0.54877043888,0.547950585124
233,0.527945567854,0.578274927354,0.548966702074,0.546821775558
234,0.523792035878,0.579346188751,0.532019972801,0.559637630283
235,0.51700525498,0.585815259236,0.54584739916,0.552012758955
236,0.518134040758,0.583092631435,0.546147439629,0.5467174609
237,0.52285683807,0.580075317582,0.553174395114,0.544258501064
238,0.531046443619,0.575843519342,0.549621075392,0.5427589604
239,0.529935382772,0.574959475716,0.55530654639,0.541478801087
240,0.53174902685,0.572878599278,0.552697656676,0.54002830103
241,0.529562907759,0.572280109099,0.55412266776,0.538333934467
242,0.535871115979,0.568311143375,0.552265033126,0.540217857025
243,0.527284143027,0.570753063927,0.556193374097,0.535260524863
244,0.527099230327,0.570506127941,0.549102462828,0.539141241992
245,0.526431355625,0.569584365281,0.559224139899,0.537113375563
246,0.537954720203,0.564131164157,0.552224699408,0.532734707045
247,0.533844741061,0.565293520659,0.553667960688,0.534063471725
248,0.539599444252,0.562204496746,0.560035323724,0.53160477077
249,0.541769153904,0.561015069804,0.562155477703,0.530408086358
250,0.541553774849,0.559608369954,0.556455390528,0.528810430096
251,0.539539970923,0.558056418698,0.564313527197,0.525564627725
252,0.53748604143,0.562051807647,0.562597291544,0.528278360848
253,0.538553854451,0.558496056335,0.561795536429,0.527309780129
254,0.494894634932,0.58509376864,0.526930989698,0.545631967788
255,0.513038245495,0.571443483278,0.549803650007,0.531243160697
256,0.532982005272,0.560511311401,0.558281935751,0.525349770994
257,0.538203041069,0.557009313184,0.558629069477,0.526746663861
258,0.544048576616,0.55382674242,0.558239715174,0.520608795345
259,0.534043511841,0.556444111355,0.562610501423,0.523779455341
260,0.545870373026,0.551963181685,0.562039783224,0.521097555758
261,0.546537737362,0.551101676889,0.563695397228,0.520457456589
262,0.544211447239,0.550904184989,0.562884038314,0.518226697912
263,0.552587199491,0.547737259336,0.563031816855,0.516546585896
264,0.550163514446,0.546135381253,0.566367171705,0.514804554276
265,0.551392658614,0.54506935761,0.564643168822,0.515967925655
266,0.549938094802,0.54661999484,0.567485779524,0.516285055155
267,0.548566833138,0.545686636518,0.564577640966,0.516382761172
268,0.546185506042,0.545332223686,0.573189741001,0.511517048716
269,0.549149199389,0.544449917389,0.57099208422,0.512282749109
270,0.54977701325,0.543581962266,0.572412213311,0.508938312973
271,0.559113536961,0.540624119889,0.572793338448,0.508873524303
272,0.555045895744,0.542044428005,0.568604355678,0.511078249383
273,0.55342960218,0.541260926241,0.57453173399,0.508583832611
274,0.552356323693,0.540105499878,0.572733277455,0.506141185709
275,0.554121061694,0.536302047762,0.575267229229,0.503281078957
276,0.550620322581,0.536791067063,0.57161087729,0.506002168928
277,0.504008595366,0.566209769939,0.5101294294,0.54051890237
278,0.516998970415,0.556995734523,0.542820949107,0.518238969921
279,0.536198601592,0.544736954804,0.557387122884,0.512229445704
280,0.539579457603,0.541228800728,0.561811491847,0.508627073742
281,0.546478704084,0.537576166662,0.567674832419,0.505431077734
282,0.548439262435,0.534613368541,0.571963800117,0.504942157626
283,0.552905796561,0.534170217572,0.575497990474,0.502490508784
284,0.555983070284,0.531190715035,0.573252299801,0.50260358882
285,0.556264746934,0.531140772822,0.575051506981,0.501064719369
286,0.561199065298,0.52814459049,0.578043088317,0.500883366794
287,0.556573248468,0.530194502284,0.574028126895,0.498707281345
288,0.559409427922,0.528392986982,0.575452974066,0.499510604541
289,0.555351692718,0.527631137972,0.584123652428,0.495210495536
290,0.561928224284,0.526491318653,0.576615182683,0.499629527352
291,0.566430742387,0.524937095109,0.579569868743,0.495903880545
292,0.566467999015,0.524098184136,0.577268473804,0.497801800426
293,0.564586810768,0.525421572035,0.576482297853,0.49768206314
294,0.563196893316,0.524678528146,0.579677695408,0.493236558841
295,0.564161619172,0.522676796347,0.581029800698,0.492036520879
296,0.567264416255,0.521982074123,0.587366569787,0.493195267735
297,0.569691151846,0.520081168645,0.584766525775,0.491592414449
298,0.567783527076,0.521401470422,0.587396219373,0.490337481169
299,0.562967716716,0.522333323092,0.585292229429,0.493192421335
300,0.567855733912,0.520333662647,0.589316166937,0.488735212604
301,0.565583830234,0.520622071315,0.586904201657,0.492710867659
302,0.560865828767,0.52059408185,0.587666392326,0.487520190096
303,0.568245128728,0.518253963884,0.590961739421,0.48893982174
304,0.570670439396,0.518247817429,0.593386126682,0.488282941553
305,0.572243616451,0.516459602789,0.592133099213,0.485627536386
306,0.563363037072,0.522645279045,0.586432665586,0.489175085384
307,0.57004416734,0.516285534126,0.587412677705,0.48652385968
308,0.575647852384,0.514845090374,0.58409612067,0.487629713952
309,0.572458409239,0.51498863944,0.593399103731,0.483760630671
310,0.579610439483,0.511887391347,0.595670321956,0.483793454512
311,0.572181626689,0.516879293009,0.590963821858,0.487761644072
312,0.575000966433,0.514091105611,0.595063950866,0.483119903228
313,0.569548653439,0.514311406497,0.585084334016,0.489040739877
314,0.571566050872,0.514363497321,0.596082761884,0.4823972323
315,0.57931002276,0.511452191452,0.597103180364,0.48226120545
316,0.579579790123,0.510272571042,0.593812188134,0.482523685259
317,0.575657202862,0.510984424835,0.594266105443,0.481392844921
318,0.579040304758,0.509650758357,0.596477402374,0.480602150667
319,0.577138613909,0.510272449118,0.598853973672,0.480091632074
320,0.575038325042,0.511577393571,0.593160171062,0.482207124376
321,0.581226388924,0.507916341662,0.599266851321,0.478250452553
322,0.581318075303,0.507665332394,0.598639747128,0.481226229531
323,0.579059429932,0.507777999798,0.596766781062,0.479390925758
324,0.582526885904,0.506957269363,0.601969337091,0.477137259243
325,0.582651902456,0.506069767333,0.596442781389,0.477267789853
326,0.584846063517,0.505562280891,0.604939110577,0.476041713073
327,0.586324718315,0.504544332744,0.602973610163,0.475582907069
328,0.581607494969,0.506227299256,0.595481440425,0.478927339251
329,0.58272368554,0.504746774055,0.604733077809,0.475005898646
330,0.587845923845,0.50339531439,0.598517112434,0.477234909143
331,0.579481700435,0.507103456932,0.581043025479,0.487232574619
332,0.577420860529,0.507816755991,0.602266853675,0.476973584704
333,0.581533549353,0.504246803387,0.601255185902,0.47616011861
334,0.585077331401,0.502963432663,0.604571033269,0.47336582043
335,0.582948527299,0.502954725484,0.605343312025,0.47305901639
336,0.591636431403,0.500972371377,0.602404264733,0.474214239648
337,0.589217252564,0.501059954466,0.610857546329,0.472806706554
338,0.585423412267,0.502280254638,0.604763157666,0.475083569596
339,0.585304889362,0.502269188929,0.608946215361,0.472190419865
340,0.587595807854,0.50159157853,0.607867976651,0.472574897699
341,0.589733114932,0.499882612481,0.609679350629,0.471554437795
342,0.589474782348,0.499337293929,0.607921941206,0.473133852054
343,0.59295708593,0.499383327312,0.609044561163,0.471571487572
344,0.595902255736,0.497263984684,0.610466687009,0.470454815863
345,0.590064233635,0.498735938846,0.612322585657,0.469994822127
346,0.592892452143,0.497215063351,0.611115885898,0.469415124109
347,0.592392584775,0.497908012487,0.613203210756,0.46933825072
348,0.592377403751,0.496562714122,0.606319943443,0.469468685377
349,0.589998211712,0.498128534481,0.612248154357,0.471102372019
350,0.59670146741,0.496107996274,0.611148703843,0.467529721346
351,0.595104367472,0.495620214101,0.61081565544,0.470386044427
352,0.58936519688,0.499724694907,0.608639761806,0.469885422439
353,0.592974945903,0.497221069249,0.610505366698,0.468125808276
354,0.598058618605,0.494525121877,0.612128671259,0.466599910113
355,0.595253639389,0.494077609894,0.614806968719,0.466596082375
356,0.597653383855,0.493501670822,0.615139262751,0.465483372285
357,0.593283568509,0.494806255165,0.613619506359,0.469268952607
358,0.594676625915,0.49496954392,0.612332399935,0.466833152125
359,0.596992226783,0.494427306807,0.602402530611,0.472307714935
360,0.59488548385,0.495202473516,0.616555292159,0.465515394385
361,0.600108298473,0.492652217263,0.613589512184,0.465754072032
362,0.60211580433,0.49158435516,0.615836769342,0.465484740796
363,0.600214072969,0.492397556356,0.617094581947,0.465739056754
364,0.599154186901,0.492331294443,0.619191585109,0.463702758063
365,0.60016277153,0.491649075629,0.619389887899,0.464179249793
366,0.600920190569,0.492259029489,0.616258271039,0.464927640534
367,0.604956448544,0.49030479937,0.621937762946,0.462524766895
368,0.594810427632,0.494643550671,0.614236872643,0.465386667565
369,0.595427533612,0.492835490442,0.61610134691,0.464554649484
370,0.598847351968,0.491944382226,0.621163504198,0.462767639844
371,0.598610018846,0.491853573189,0.613409778103,0.466352625017
372,0.597078845836,0.491646339948,0.621779458597,0.46222513057
373,0.60349534452,0.489074138638,0.620176754892,0.460895652984
374,0.600339801516,0.491202804808,0.609445577487,0.469516867267
375,0.597700679675,0.493155315005,0.617499150336,0.464546961386
376,0.604670761619,0.489418812481,0.617845673114,0.460790690102
377,0.604602933396,0.488483793299,0.620898142457,0.46073255907
378,0.60714908177,0.487513211588,0.623740501702,0.459311389767
379,0.606518290006,0.486659997527,0.623843945563,0.461192796056
380,0.60173856141,0.488180702161,0.618471397087,0.461062583996
381,0.603236266878,0.488893324924,0.615646583959,0.462502545706
382,0.605507055763,0.487159621454,0.622469982132,0.45921612866
383,0.605336836539,0.486810730463,0.621315814555,0.459064031459
384,0.6054211054,0.486453358562,0.624766528606,0.4584584428
385,0.60508033447,0.486185580161,0.625011602417,0.458238656903
386,0.608505661134,0.484678969819,0.625415008515,0.457138577894
387,0.610602399334,0.484462215254,0.623522991315,0.457416376416
388,0.612119601574,0.4836441481,0.624471815303,0.459777280807
389,0.607854048256,0.484832626761,0.626828255132,0.45703399818
390,0.607856655959,0.484435293334,0.626688037068,0.456625150864
391,0.610379302409,0.483364229131,0.627689961344,0.455904135677
392,0.611198564526,0.482657987525,0.62723387219,0.455544507855
393,0.606218305416,0.482934232256,0.624410048127,0.458298176087
394,0.606947485358,0.483463880801,0.627066815272,0.456423226893
395,0.608879841398,0.48279650331,0.624444924295,0.457177892367
396,0.603280438576,0.485989649644,0.624884884804,0.457360641034
397,0.603154447861,0.485428418318,0.617451423779,0.459760029441
398,0.604395417497,0.485494604106,0.626263894141,0.458472990784
399,0.611305458937,0.481910644694,0.627184478566,0.454852565857
400,0.610887621995,0.481318391475,0.629714319482,0.45467854843
401,0.611577210017,0.481525287405,0.62909145467,0.455122849728
402,0.61100331042,0.481744433603,0.62733768113,0.455302272096
403,0.614287280478,0.480961838408,0.628900356591,0.453847768226
404,0.610554876737,0.481384698841,0.628436880186,0.453373363517
405,0.612540869508,0.479908656631,0.632167760283,0.45370881241
406,0.612400692422,0.479639433412,0.63136822544,0.45227552038
407,0.612340671942,0.479713047422,0.628226147965,0.453093208317
408,0.612769956701,0.479944943495,0.631171328947,0.45456981781
409,0.615937246941,0.47852970302,0.630558542907,0.453625195325
410,0.610885031521,0.479677621055,0.632336201146,0.453297882581
411,0.615909579676,0.478131703187,0.633761947975,0.451203305548
412,0.611056504305,0.478199670171,0.633091755211,0.452339385011
413,0.618586940691,0.477407383104,0.632660984993,0.452374224194
414,0.617379692383,0.477503514334,0.631971275434,0.451982227315
415,0.616001205985,0.477945449478,0.631469089538,0.451382157826
416,0.620053955354,0.477379564483,0.629014311358,0.451599454938
417,0.614189233165,0.477947463982,0.633952781558,0.451551014948
418,0.616499896627,0.476441804893,0.633348645642,0.451161420438
419,0.618771357462,0.4764326323,0.634484637529,0.449964642665
420,0.616578616202,0.475871986648,0.635213736445,0.44975515009
421,0.611979975831,0.476503106868,0.630043724552,0.451333647526
422,0.61656571785,0.476006178865,0.637742813677,0.449601791299
423,0.618232042063,0.475560623206,0.635189760476,0.450182444419
424,0.611309641507,0.477891179021,0.633888904005,0.449691135128
425,0.613853593357,0.477142055763,0.634539861232,0.451664574087
426,0.618647453375,0.475552202283,0.633647236973,0.448858569145
427,0.617330909241,0.475084553094,0.637043813244,0.448918954607
428,0.61434777081,0.476497668423,0.636520117521,0.448958318441
429,0.615462179761,0.477360791184,0.628559943289,0.452705844578
430,0.616131090093,0.475390927022,0.636420674622,0.447805679524
431,0.616402759682,0.475044269793,0.636027591303,0.448788918039
432,0.618678996339,0.474621489812,0.635648559779,0.448035005709
433,0.616457186639,0.4745614282,0.637360882014,0.44862706216
434,0.622268744279,0.472991414397,0.629864756018,0.449546572367
435,0.619056893047,0.473300785223,0.638780646026,0.447850756537
436,0.620712794363,0.473250053198,0.638625107706,0.447519783617
437,0.61997262761,0.472277809484,0.637701937929,0.446834256449
438,0.618597215973,0.473706907197,0.637709407136,0.44785057188
439,0.620245444123,0.472203689885,0.634851550683,0.448735155091
440,0.617710832506,0.475265308679,0.634782359004,0.449625360236
441,0.618525477592,0.474395774499,0.639100247994,0.449035748728
442,0.621055620722,0.474690451013,0.637208620086,0.448840439035
443,0.61981619522,0.472850649912,0.630167886615,0.448120590806
444,0.62021338474,0.472306788254,0.637729903683,0.446361568144
445,0.623699072748,0.471042835267,0.638942567632,0.445335395494
446,0.624378563371,0.47066000775,0.638546839356,0.445088183029
447,0.624234541785,0.470762242124,0.64029205963,0.445009041963
448,0.621770994272,0.471316006908,0.634070770815,0.447655456887
449,0.615882912185,0.472726064704,0.63943102397,0.445898248185
450,0.622737523634,0.471325763669,0.638726953417,0.449783945898
451,0.62176801404,0.471863389011,0.639649393037,0.445880306229
452,0.621322251856,0.47159072389,0.639516705647,0.446350437797
453,0.623685579747,0.469920817948,0.64089493081,0.445210611608
454,0.623703321442,0.470228672399,0.638624031097,0.444677277205
455,0.622091694735,0.474022390748,0.641766484827,0.445881398317
456,0.621101160999,0.472096628243,0.63875669986,0.447131640691
457,0.625448660925,0.469650870661,0.638305943459,0.44580555862
458,0.623032220174,0.470135125438,0.639545921236,0.444623121595
459,0.622846082319,0.470245037726,0.638607254252,0.445447189349
460,0.626313895453,0.468207264189,0.642197906971,0.443901434146
461,0.621522157453,0.469308053576,0.642147654667,0.444759698016
462,0.625880076084,0.469301790908,0.640706954524,0.444838691442
463,0.625672786497,0.468637268725,0.641361517832,0.44476530958
464,0.622899143025,0.46886538293,0.640902904794,0.443500202239
465,0.628042735625,0.467869434572,0.640480525792,0.443909067432
466,0.623839022126,0.468587307621,0.643105812371,0.445072622437
467,0.625060924795,0.468572644579,0.643525023013,0.442319728238
468,0.627139166463,0.467183539299,0.644300406799,0.442734644077
469,0.620427391492,0.469038674993,0.64180187881,0.443886155687
470,0.626992329024,0.467108521811,0.643401460722,0.442457563978
471,0.629267700482,0.466533211244,0.644245173782,0.442610379077
472,0.63061822718,0.466104685706,0.644367840141,0.441880781907
473,0.623297457118,0.467729849419,0.640696223825,0.442891619915
474,0.629414120223,0.465867994826,0.644096015021,0.442538890174
475,0.626245820895,0.467101073298,0.64352729544,0.444001002942
476,0.626894638408,0.467248794589,0.637544909492,0.444264451995
477,0.628245242406,0.467115533613,0.643793709576,0.442216294851
478,0.627620310988,0.467354417771,0.641864970326,0.442554983007
479,0.622251468245,0.467398230252,0.643609356135,0.442898881134
480,0.627774430439,0.466769897332,0.641460033134,0.44403675174
481,0.630254684947,0.466267461771,0.635543068871,0.449658896759
482,0.623675256502,0.470359530833,0.643186843023,0.44252691939
483,0.62666169228,0.466299110189,0.6439497713,0.442242835136
484,0.627787050791,0.466850109716,0.637720447034,0.444268706797
485,0.622954257764,0.467407058187,0.64503858611,0.442178508929
486,0.630285960622,0.465245882414,0.645097522065,0.441552455706
487,0.628359383438,0.465574184617,0.644642623141,0.442462686537
488,0.629349218681,0.464795202098,0.644883804023,0.440436317494
489,0.628881053999,0.46413760299,0.644647236913,0.441874856187
490,0.63205247419,0.464425499722,0.644110433757,0.440500797695
491,0.630403900519,0.464206112162,0.642595971003,0.44261900312
492,0.626138652675,0.466448981795,0.645746035501,0.442070377367
493,0.625765081495,0.465633895175,0.646775715053,0.440913356905
494,0.629463943653,0.46414364856,0.646643163636,0.440713473553
495,0.627981346101,0.465043289891,0.645051779225,0.440851414172
496,0.632312896661,0.463970936609,0.645980315283,0.440406955951
497,0.627796888351,0.464465116165,0.644107507542,0.440439731077
498,0.63142861193,0.463965197389,0.645992472768,0.441673423843
499,0.632775927894,0.464038366003,0.648340942338,0.441018521668
500,0.62972887978,0.463894272322,0.646751718596,0.439624214139
501,0.63097751094,0.463472220365,0.646842094138,0.439716573008
502,0.630437443033,0.463391547612,0.647725271061,0.440822108323
503,0.627444463316,0.464661785056,0.640567494556,0.444257815421
504,0.626045955811,0.468166682915,0.645560147241,0.440673503651
505,0.625669573434,0.466203351183,0.645760271698,0.442068157221
506,0.63321751589,0.463345453643,0.648010790348,0.439242423831
507,0.628049681429,0.466153891658,0.646798495203,0.441492076976
508,0.631178887561,0.463301326879,0.647583859041,0.440478906857
509,0.627706894185,0.464576041799,0.646997729316,0.439627674063
510,0.628417301457,0.463795177368,0.648219106719,0.439781592003
511,0.626983445138,0.464343842234,0.647554177791,0.440880736569
512,0.630803548265,0.462761553727,0.648327689618,0.439001489044
513,0.632472596131,0.462695837374,0.647086206824,0.440058761147
514,0.629167202394,0.462680517889,0.649288838729,0.438866519349
515,0.631701766979,0.462111763796,0.648532034829,0.439140498903
516,0.630185468122,0.462526343553,0.648127507418,0.439219499507
517,0.629897756502,0.463859357086,0.645439453423,0.440552101419
518,0.633014394902,0.462104112054,0.648135358468,0.439161004771
519,0.630649786908,0.462166502946,0.646528767422,0.438563787576
520,0.634618899319,0.460960764254,0.650305984542,0.438553770997
521,0.633986209054,0.460674973094,0.651913627982,0.437769070314
522,0.633441071492,0.461420386994,0.649607155472,0.43806455349
523,0.632108295802,0.461521572712,0.646898787469,0.438769192139
524,0.631569473539,0.46290796986,0.648340608925,0.439062785535
525,0.634978529997,0.461398924304,0.64616446197,0.43961438129
526,0.634056766983,0.462054551553,0.647512661293,0.439488007592
527,0.632159855217,0.461625268783,0.649855973199,0.43934426877
528,0.631550386082,0.461746058997,0.646625945345,0.43933521003
529,0.633949654642,0.46063342965,0.648779513314,0.438592904667
530,0.635620916262,0.460366030701,0.646701708436,0.438302857211
531,0.633351311088,0.460293976294,0.649395497516,0.437320312703
532,0.636526543647,0.459631139431,0.649035422131,0.437624849679
533,0.633963610046,0.46003361436,0.64917110838,0.43752336562
534,0.635949171614,0.460413274136,0.650815557688,0.439085184152
535,0.63394828327,0.459889870268,0.648455191404,0.43747108365
536,0.634688857943,0.45988595188,0.647546609864,0.43753845561
537,0.636768257245,0.459914436277,0.650238433853,0.437927503354
538,0.6351534524,0.460408483415,0.650018513203,0.43837874935
539,0.635567863937,0.460193601354,0.651640776545,0.437997824869
540,0.63411823567,0.460245052342,0.650574965402,0.437759757029
541,0.632630219217,0.459841891004,0.647550189868,0.436846514797
542,0.637423001695,0.458664064151,0.651086652651,0.436955361211
543,0.634606046136,0.460366650287,0.650182936341,0.438012963039
544,0.633716795128,0.459843917079,0.653108924627,0.43670883138
545,0.632439414971,0.45944814463,0.648038864136,0.436552024786
546,0.630989813246,0.45926807718,0.650998625904,0.437021021272
547,0.635407056659,0.459039178276,0.649731725454,0.436663949437
548,0.63498828467,0.459510763756,0.650698915124,0.436922517496
549,0.637379196938,0.458283263534,0.651928531006,0.436689735992
550,0.637396167032,0.458164732998,0.649974955246,0.436535018514
551,0.634947775397,0.459672747839,0.652302620932,0.435748381421
552,0.63379251305,0.459835226149,0.648018503562,0.437236494007
553,0.63578392053,0.457657264589,0.650308206677,0.436494342459
554,0.636903723702,0.457674058675,0.652799241245,0.435231308668
555,0.633428013884,0.459408068982,0.6499827113,0.436885334641
556,0.637456350029,0.457695696659,0.651524314657,0.435961745614
557,0.637493385933,0.457607894538,0.651959460229,0.435519737253
558,0.637692018878,0.457082356573,0.652107164264,0.435578529851
559,0.63499935111,0.457567802201,0.651335824281,0.436061496571
560,0.635411743075,0.457656333052,0.654043057933,0.434771192296
561,0.637811154593,0.456350925545,0.653723405674,0.435351977072
562,0.632906096056,0.458501499617,0.646807543933,0.437282118135
563,0.637733419426,0.456827876601,0.652172047645,0.435040576298
564,0.638448790647,0.456172070741,0.647911878303,0.438293373787
565,0.634166283999,0.458511165623,0.652390217409,0.435123920491
566,0.63782584155,0.456052515032,0.653556512669,0.43382200331
567,0.638164353091,0.455093951688,0.651518665254,0.434106423974
568,0.639045848977,0.45497085283,0.652972195297,0.433309793155
569,0.635461898521,0.456775291465,0.651309054345,0.435264870001
570,0.63583884947,0.455793996455,0.652759745717,0.433370237319
571,0.636937723961,0.456177137952,0.647363547236,0.435425392039
572,0.638155330438,0.456340711816,0.653037218377,0.433042599316
573,0.636976776179,0.454583427683,0.654235526919,0.434018239905
574,0.637233155314,0.45544423642,0.654136022553,0.433400278493
575,0.634922073688,0.458831598299,0.642594143748,0.440111490809
576,0.634009518195,0.4588843462,0.649712877348,0.437195725983
577,0.636120940559,0.456999575515,0.650054406375,0.435134202358
578,0.634277557954,0.45573547239,0.652927590534,0.434311008939
579,0.638277768157,0.455913595472,0.652408823371,0.43373967095
580,0.638795046601,0.455251785968,0.651716949418,0.433539894491
581,0.641572621651,0.453581115973,0.654169980437,0.432911921005
582,0.640160487965,0.454239128673,0.653318140656,0.432728927157
583,0.641210134141,0.453297628778,0.654845546931,0.433694180778
584,0.638720987365,0.453648475134,0.653981244192,0.433241199055
585,0.638246630784,0.453929733535,0.652718892321,0.433784868099
586,0.640038711485,0.454549902659,0.651210559532,0.433826653844
587,0.640083129983,0.453605053655,0.653629584238,0.43288895623
588,0.640133723617,0.454583978219,0.654021862894,0.433965779174
589,0.638500293717,0.453376576974,0.654213219881,0.432941721901
590,0.639056158252,0.453758927953,0.653710400686,0.432029831499
591,0.640243626665,0.453096987133,0.654269115999,0.433103789792
592,0.640662597492,0.453390065222,0.653939707205,0.43229344041
593,0.640418570489,0.452814115163,0.655959015712,0.431503288566
594,0.64115271531,0.453064228042,0.654635369778,0.432507471108
595,0.639538048767,0.452923368186,0.653104312718,0.433869629807
596,0.637364889029,0.454621907823,0.652986923233,0.434871376489
597,0.637643042952,0.454661906545,0.653442220762,0.432474986999
598,0.639746204484,0.453678033206,0.654652161524,0.432268767767
599,0.641579394694,0.453004038423,0.651625381783,0.433823250414
600,0.642034159973,0.452800644132,0.653182761744,0.431952536952
601,0.639813807327,0.452042476266,0.654020136222,0.431378294517
602,0.641403375659,0.451099503853,0.653265332803,0.432573282488
603,0.640014478005,0.453669356008,0.653160644695,0.432219616557
604,0.644506004639,0.451512257564,0.65572736226,0.431756204165
605,0.642981043085,0.45142512496,0.654184462503,0.432317429154
606,0.634365742095,0.455441719551,0.650023527443,0.432576519456
607,0.640725638252,0.45171217883,0.653179593384,0.4340367505
608,0.640682210214,0.453015763552,0.654489275068,0.431024189034
609,0.641525966115,0.452789885322,0.654200337827,0.432503438332
610,0.642640443053,0.452143378953,0.652299452573,0.432565122321
611,0.639059125911,0.452737864663,0.653809947893,0.434731015481
612,0.640504006296,0.451945428148,0.653570786119,0.43185989803
613,0.641096292995,0.451059018671,0.65675707534,0.431403327063
614,0.642378234304,0.450961645053,0.654790567234,0.431578136855
615,0.641429925337,0.451206878075,0.655996654183,0.431795198905
616,0.642460795585,0.450429409117,0.64983616583,0.43278089015
617,0.640705828555,0.451586491593,0.655766606331,0.431082245842
618,0.636105688289,0.454456419083,0.655588131398,0.43195090385
619,0.640733327717,0.451471991039,0.655628876761,0.430599880344
620,0.644704905804,0.450199342848,0.655824434012,0.430370056938
621,0.641660274938,0.450210301057,0.657131772488,0.4295802744
622,0.641737111378,0.449717240867,0.655788654462,0.43084648588
623,0.643101159483,0.449703675142,0.656122969463,0.429933046651
624,0.642271446064,0.449412966382,0.658074187115,0.429419022352
625,0.638851118274,0.450420066997,0.656841410324,0.431090534703
626,0.642826760188,0.449944346655,0.654523819685,0.430496128775
627,0.644375830889,0.449390393391,0.657717633992,0.431017443976
628,0.644187702797,0.449404174839,0.656419444829,0.430532386715
629,0.645441661589,0.448630269595,0.657461034134,0.428995552855
630,0.64471609192,0.44939163092,0.6575436946,0.431464730498
631,0.643726347014,0.449665047722,0.65642558597,0.430629211113
632,0.646080891602,0.448809872421,0.656304992735,0.429548786435
633,0.643256217241,0.450214071959,0.656063236296,0.429799154897
634,0.642518903594,0.451860873941,0.655309921131,0.430433412434
635,0.644092410803,0.44989898016,0.656254835427,0.430664561046
636,0.644110306166,0.449155984139,0.65662987344,0.429477676068
637,0.642976529896,0.449606542546,0.651026703417,0.433542238323
638,0.643459333107,0.450367052572,0.657254204154,0.429204228583
639,0.643595721573,0.449381580803,0.65775186941,0.428695786622
640,0.642235918902,0.449200733396,0.656061114743,0.429952195075
641,0.64342801692,0.448595870758,0.658972600475,0.429052227207
642,0.645060651004,0.447968335685,0.65646549128,0.428853243564
643,0.642777536996,0.448150539265,0.65899390541,0.428547663435
644,0.642320338637,0.448272181676,0.65594688803,0.430429730445
645,0.641701142769,0.448729742242,0.656496342272,0.428956389891
646,0.643188826274,0.448204400049,0.657038450241,0.428616489896
647,0.639632910956,0.448539012916,0.647973058745,0.431411179866
648,0.640407127794,0.449851931952,0.652493834496,0.43157649209
649,0.641700712498,0.449373581372,0.654409255832,0.430391274671
650,0.644464070909,0.448565182443,0.654725288972,0.429117314331
651,0.643870950211,0.449217361583,0.657506907359,0.429435139979
652,0.647650672123,0.447925166762,0.659220004454,0.428470102562
653,0.644178540912,0.44819514716,0.653244411573,0.430781588751
654,0.646229402162,0.447973963463,0.657525412738,0.429030959573
655,0.646610879339,0.447533071876,0.658165670931,0.428602468193
656,0.642302862834,0.447914329836,0.657981965691,0.428398295404
657,0.643833113834,0.447760687104,0.658509418368,0.428353736038
658,0.647178463172,0.447333371744,0.657170830294,0.428451391823
659,0.645072725601,0.446744659951,0.657018700615,0.428394960479
660,0.647647866979,0.44647454313,0.659946499392,0.427899388537
661,0.645299430471,0.447335632912,0.659264242277,0.427859229508
662,0.644683832768,0.447432197756,0.659304901958,0.427550640106
663,0.647839460056,0.445967759883,0.658495817333,0.428207911094
664,0.644989437424,0.447103927146,0.657190291211,0.428800671149
665,0.645782674197,0.445993827198,0.659366374835,0.427838515842
666,0.645795156248,0.446145158605,0.659460313618,0.427662650766
667,0.648819666356,0.446184157145,0.659210985526,0.42831592507
668,0.647108538542,0.447236241282,0.659668058157,0.430470725676
669,0.64700413309,0.447579973365,0.658291418105,0.429890727535
670,0.644588723779,0.447583342127,0.657024482265,0.429428182942
671,0.646464264952,0.44688169611,0.65772763826,0.429106293545
672,0.647500294261,0.44703180387,0.659487869591,0.428483117846
673,0.647425174247,0.446153136475,0.659081704915,0.428094921525
674,0.647988299839,0.445876347186,0.659822355956,0.427905487435
675,0.646175771486,0.446177460387,0.65860718675,0.428584224141
676,0.643586336635,0.446693676545,0.659891728312,0.428176945396
677,0.646003882401,0.44648150277,0.660550111905,0.428373611449
678,0.645082938019,0.446594020776,0.659736244008,0.427951200278
679,0.649388910737,0.444853162283,0.659020960331,0.427072818272
680,0.647539553698,0.445335111623,0.65810935013,0.427631701836
681,0.646650076378,0.4464204378,0.657805303112,0.428065115229
682,0.648164736573,0.445376363635,0.658919714391,0.427510025254
683,0.647612646688,0.445835260131,0.659082464874,0.428205028115
684,0.644864482805,0.446097005168,0.656967798248,0.428406993316
685,0.643262157682,0.447227892966,0.659395048395,0.428372778529
686,0.64479046734,0.446228586027,0.658787734807,0.427846379894
687,0.6446850067,0.445972616948,0.655076777562,0.43237896445
688,0.644375948701,0.446620310346,0.659296359867,0.428183506746
689,0.647105379961,0.445696056869,0.660122068599,0.428002232141
690,0.646936822683,0.445490598354,0.657641429454,0.427253461929
691,0.648402401712,0.444481379052,0.660541506484,0.427000948387
692,0.648418007419,0.444760594152,0.660545889288,0.427248528663
693,0.648357865401,0.445254511728,0.660454163328,0.427864650497
694,0.649780889973,0.445294477978,0.660045985132,0.427191572504
695,0.64508890314,0.447008597066,0.659550359473,0.42803887377
696,0.647819537204,0.446163208742,0.661249352619,0.427517748844
697,0.648941501975,0.444875119929,0.661742506549,0.426755547856
698,0.647710498422,0.444303332926,0.659685965627,0.427170418176
699,0.645358447451,0.445947607251,0.660873115063,0.428063947773
700,0.647836427204,0.445158742845,0.658721366897,0.428775059659
701,0.648466691375,0.444884122325,0.659074651077,0.427963675004
702,0.648630191572,0.44513973995,0.659308180213,0.427484946503
703,0.647984344512,0.444907734137,0.660421673208,0.427837739524
704,0.650900127832,0.44419519249,0.659632008523,0.426694679349
705,0.649099075701,0.444533093019,0.66149113141,0.426001217696
706,0.64912095014,0.444805772238,0.659918373451,0.427115397814
707,0.650305819232,0.444305078624,0.66002721712,0.427086829654
708,0.650081526954,0.443939314631,0.66061135754,0.427632198958
709,0.649371695705,0.444969062105,0.659715812653,0.426858703712
710,0.648798184469,0.443751340666,0.661101926118,0.426170541733
711,0.622690108139,0.459984102341,0.636011183262,0.441846211332
712,0.636897054967,0.45153259613,0.652953870595,0.430335524705
713,0.647123763338,0.446140351318,0.657839577645,0.428424781675
714,0.648746275343,0.444456554695,0.659406986088,0.427845403896
715,0.64512329828,0.446335245374,0.65721273236,0.427707358885
716,0.650649654679,0.444425486594,0.661318654194,0.427838057268
717,0.646879835054,0.444794885479,0.658963948488,0.427806767388
718,0.650314247701,0.443740335528,0.659672420472,0.426964242573
719,0.645146598108,0.444983403771,0.660174293444,0.426997980514
720,0.645699456334,0.445966830645,0.659754870459,0.42731534773
721,0.649455267005,0.443730401022,0.661116052419,0.425976858445
722,0.649175109807,0.444259080303,0.660301230848,0.426871131171
723,0.650779716671,0.442921515244,0.661101609468,0.425983090588
724,0.649354857393,0.443510618879,0.660586172715,0.426782468525
725,0.650151081849,0.443371271724,0.660825800151,0.426880594818
726,0.649499480147,0.442951797277,0.661246879026,0.42659078705
727,0.650965930894,0.442658108914,0.661213414744,0.425764517877
728,0.650481437333,0.4426112394,0.661343943328,0.425589392998
729,0.65092414571,0.442862375882,0.657928155735,0.426554616681
730,0.65334153641,0.442024693904,0.662212871015,0.425667175181
731,0.652339480352,0.442022894818,0.662586554885,0.426745360033
732,0.648414186202,0.44244801524,0.662461360916,0.426391822404
733,0.649013790302,0.442668157702,0.659601259977,0.426243788608
734,0.65149813192,0.443193865022,0.661461327225,0.426471584459
735,0.650468555745,0.442745673469,0.660584852099,0.426387684833
736,0.650234941393,0.442806953492,0.66134088859,0.42590971343
737,0.65322038997,0.442155022207,0.661418009549,0.425464514147
738,0.654947043397,0.441643586042,0.663181196898,0.425491015592
739,0.652426654473,0.441741183757,0.661883447319,0.425394142599
740,0.650880404282,0.442112846671,0.662340730429,0.425377296919
741,0.651958280243,0.442518420524,0.662086797878,0.425883036658
742,0.641170214862,0.446357334401,0.660212835297,0.42704590586
743,0.650690875947,0.442483971906,0.661401925609,0.426814116661
744,0.649853509851,0.442670186071,0.662077220157,0.427026701434
745,0.651728748344,0.442245654116,0.661691822112,0.425730749437
746,0.650140779559,0.443380227238,0.660245973617,0.426171453362
747,0.649210396223,0.442426953724,0.662835862488,0.425708991291
748,0.651354267262,0.442626239726,0.661117034033,0.426365022538
749,0.652038390283,0.44194044243,0.661569122225,0.425783989674
750,0.650402396917,0.442306326365,0.660767119378,0.426110168221
751,0.650488414336,0.441975130113,0.660627238452,0.425673585321
752,0.650624857284,0.442243355077,0.662702135742,0.425099084829
753,0.649878033437,0.441697893511,0.661837933585,0.425261273223
754,0.645442978945,0.444837245395,0.660366933793,0.425807331301
755,0.651325196028,0.441727958548,0.662953453138,0.425444673483
756,0.649832926691,0.442353141584,0.659365421161,0.426096648707
757,0.649666408077,0.44208202601,0.660684185103,0.425705275695
758,0.649064561818,0.441436128367,0.661070639268,0.425173469946
759,0.651676737238,0.441456362459,0.661908922717,0.425057464539
760,0.653548092581,0.440031468819,0.664386155084,0.425297079175
761,0.648614608217,0.442882313518,0.659709507599,0.426331857785
762,0.652123915032,0.441443577482,0.661312140524,0.425310190683
763,0.65297484491,0.440661883578,0.662782812491,0.425480653826
764,0.648966052569,0.441830505058,0.662879293784,0.425613921978
765,0.652960184962,0.440659850607,0.664222374558,0.424467622614
766,0.651667953935,0.440947550728,0.663751993328,0.425549992245
767,0.651527071837,0.441152932531,0.662984080613,0.425294453769
768,0.652766482439,0.441055516603,0.656752927229,0.429302647899
769,0.64916760195,0.443494042276,0.662048498169,0.425697603086
770,0.652983764187,0.441370077491,0.664684450254,0.424946536398
771,0.652757003903,0.440745158555,0.661711823195,0.424731714516
772,0.655160407536,0.440681977592,0.662569360808,0.42647322548
773,0.650491953827,0.441495506718,0.662765940651,0.425253114517
774,0.651551843621,0.440734660318,0.663065250963,0.425102573934
775,0.654306931421,0.440471403843,0.663410071284,0.424455589542
776,0.65031899279,0.440994320317,0.6638485156,0.424487299733
777,0.652514541522,0.440724436828,0.660093722865,0.425342876635
778,0.654482085723,0.440614742523,0.663070982322,0.425651446254
779,0.652571654413,0.440014018373,0.663910239935,0.424369219561
780,0.653111491352,0.440253816736,0.664557291195,0.424902672792
781,0.653897506651,0.440591367266,0.662788383663,0.42512638515
782,0.653189640492,0.440480335011,0.663505157456,0.423978456567
783,0.651088264305,0.440247022548,0.664635898545,0.424430401716
784,0.651829066221,0.440213972784,0.662715569139,0.424937059784
785,0.650551242754,0.440906434364,0.659636525437,0.426947013018
786,0.645734563004,0.44308849149,0.663189645857,0.4252084159
787,0.651136521716,0.440877893311,0.663585618138,0.425642299603
788,0.654481821693,0.440079965864,0.663765300065,0.424420810301
789,0.654794855975,0.439322732641,0.665636984631,0.423783938557
790,0.651967293117,0.439943722933,0.664027443156,0.425154434032
791,0.651623945683,0.440265796357,0.66132565774,0.425646982559
792,0.654296055436,0.439958084193,0.664523826912,0.424034663673
793,0.65207442781,0.441005742263,0.659222571179,0.427347782835
794,0.652083425317,0.441291944457,0.663327135146,0.424899908456
795,0.65522494819,0.439397764193,0.664263332263,0.424332911398
796,0.65329506807,0.439757981263,0.661105018109,0.424964798998
797,0.654068687931,0.439892456383,0.664854571223,0.424711711468
798,0.654270125553,0.439520381555,0.66314458102,0.424536196089
799,0.653331517708,0.439850295706,0.663496112451,0.424477132771
800,0.655304910149,0.439194115602,0.664573239163,0.424916112016
801,0.653206372634,0.439800941402,0.662694094703,0.424557413632
802,0.651120753493,0.440084550485,0.663649538532,0.424784318106
803,0.65569520928,0.438749240907,0.664010385051,0.424739399873
804,0.651004591025,0.440457593526,0.662821944803,0.423939088523
805,0.646005339921,0.442053291092,0.658613372594,0.426979523057
806,0.654164103791,0.439180170853,0.664344616234,0.424226128161
807,0.65357607929,0.43976802276,0.663804337382,0.425211592282
808,0.654488828033,0.439035295706,0.665488982573,0.4232683886
809,0.657192741521,0.438237383781,0.665061526,0.423653262093
810,0.654670924414,0.439849666542,0.663369279355,0.423985995395
811,0.654907471035,0.439102994561,0.663407923654,0.425213554248
812,0.655815085862,0.439058671039,0.662232464179,0.423863551533
813,0.656458373182,0.438747177822,0.66411867924,0.423493408147
814,0.655792147387,0.437880492274,0.663174062967,0.423546054586
815,0.652553045191,0.438859301307,0.664066934958,0.424449913197
816,0.654323857743,0.438650269356,0.664797822013,0.423675652947
817,0.651808448602,0.438963430365,0.662712492049,0.423701999569
818,0.653276034631,0.439896217816,0.664701610804,0.42357519904
819,0.656470453832,0.438178341585,0.666098404676,0.423303302037
820,0.656958486885,0.438109847542,0.663336422294,0.424079813733
821,0.655668541789,0.438299662708,0.664752619341,0.42314287743
822,0.655918572098,0.43869990826,0.664192197844,0.423667136269
823,0.65771090379,0.438069431211,0.666600888595,0.423174402957
824,0.653741792776,0.438358847939,0.664217811078,0.423386646363
825,0.651794664096,0.440093368847,0.663153983653,0.424863274193
826,0.654289677739,0.438906808398,0.664490493014,0.423795994077
827,0.654081828427,0.43863627185,0.664379511029,0.423402425265
828,0.655360384844,0.437762097899,0.666569504887,0.422802015335
829,0.655310282949,0.43712377636,0.66641846858,0.423783820404
830,0.650269388221,0.441315598296,0.662654323503,0.425798256005
831,0.655490053818,0.440083097677,0.662579828873,0.424873126103
832,0.655564822722,0.438918777155,0.664566818625,0.423530851542
833,0.654939548112,0.438113903263,0.665918497369,0.423454158369
834,0.657042302191,0.437582414714,0.664901221171,0.423457278335
835,0.656800314784,0.437579130326,0.666406705976,0.423381962702
836,0.657112013549,0.437327015292,0.666868519038,0.422969529379
837,0.655093345791,0.437138485703,0.665993491188,0.422966830311
838,0.65951432474,0.436267910031,0.665736567229,0.422897315029
839,0.658275785856,0.437076042525,0.664753196761,0.423600432582
840,0.656595880166,0.437694304717,0.662938378751,0.42375791155
841,0.654024990741,0.437487520848,0.666651731357,0.422939075188
842,0.659278486855,0.436561104904,0.665388785303,0.423455416208
843,0.655950879212,0.437295315521,0.665110101923,0.423122489698
844,0.653312444687,0.437442855027,0.665138307959,0.423568819779
845,0.657922439743,0.437155944174,0.665850201622,0.423262892902
846,0.655837985221,0.437472473984,0.666114199907,0.422885661451
847,0.659612840042,0.437652962868,0.665653584525,0.423633789824
848,0.655901524704,0.436935891535,0.665258932859,0.422473050074
849,0.65456126444,0.43819483055,0.666197456419,0.423586041514
850,0.657346084248,0.437545404165,0.665063284338,0.423513566182
851,0.657840999775,0.43686756075,0.667193412781,0.422617880822
852,0.651062414981,0.438729034349,0.657926954329,0.427057510634
853,0.652835379355,0.440590256143,0.662784270942,0.423311796837
854,0.657419637777,0.437310094439,0.664711367339,0.422825487018
855,0.659974698909,0.436287730046,0.665044570342,0.422681705382
856,0.658622656018,0.436913143489,0.666265252978,0.422441142214
857,0.6598602999,0.43614922547,0.66668461822,0.422319356451
858,0.658584655728,0.435931006069,0.666296230629,0.42238841961
859,0.656807797495,0.436535435676,0.667176827788,0.422764310351
860,0.654357105028,0.438651753741,0.665186613798,0.423358320925
861,0.658955560066,0.436893319272,0.663630731404,0.423010427218
862,0.657294949051,0.436492827709,0.666289186105,0.422389850306
863,0.657323748805,0.435871422055,0.666236704215,0.42250662431
864,0.634701219387,0.445892749633,0.646282296628,0.433822855029
865,0.651073629968,0.441723580531,0.665038131177,0.424420893213
866,0.653925105929,0.43809639324,0.66442524083,0.42340741347
867,0.655367468484,0.437614552709,0.664833653718,0.424202371932
868,0.64764241036,0.443071571004,0.66123800911,0.426519521514
869,0.657070302404,0.438258679947,0.665165986866,0.424160483285
870,0.657767605968,0.436980707187,0.666200334206,0.423496590987
871,0.658143472858,0.436276807589,0.666240040213,0.423197118737
872,0.657300435472,0.436274536561,0.665865605697,0.422539550655
873,0.658443612047,0.436016135927,0.666928214952,0.42306943194
874,0.660534282215,0.435388764277,0.665721239522,0.422442340132
875,0.65690684272,0.436028672121,0.666700586677,0.422586530554
876,0.657476803754,0.435377852892,0.66641584225,0.422432542379
877,0.659821219742,0.43607537703,0.667094925418,0.422445261256
878,0.661951967515,0.434525378966,0.665905892849,0.422246280753
879,0.659685473889,0.434669991337,0.665330661461,0.421647595624
880,0.658844845369,0.434813312957,0.666156971827,0.423215576917
881,0.659311521333,0.436018918382,0.665186168626,0.422368917996
882,0.658012247179,0.435228251171,0.665046060458,0.422702512846
883,0.655260416679,0.435845472777,0.666335614398,0.422149517571
884,0.658953648061,0.436404020514,0.664835151285,0.422878689201
885,0.658472507261,0.435596532381,0.667625833303,0.421980998753
886,0.65927445842,0.434966160054,0.666402064264,0.421693959579
887,0.657221515197,0.435811991437,0.664883648977,0.422635566777
888,0.659063202329,0.435463073723,0.664313908666,0.423010866202
889,0.658825606108,0.436373850144,0.663802942261,0.423652884651
890,0.659560391679,0.435996826431,0.666382897645,0.421565007697
891,0.660123803653,0.435149267288,0.666978789493,0.421671636888
892,0.65859170258,0.434964640231,0.666714342311,0.421841313223
893,0.657218600623,0.436801106901,0.663544194773,0.423724360188
894,0.657019290142,0.436295742792,0.667514190078,0.422074990923
895,0.655997925438,0.435142127145,0.666320152581,0.421600720683
896,0.661937091965,0.434972881623,0.66611222364,0.421698478941
897,0.660053557716,0.435242430296,0.666647970676,0.421911091071
898,0.659511402249,0.434890296663,0.667439602315,0.421673062032
899,0.659233413637,0.434439348309,0.667093476281,0.421508072582
900,0.661576477811,0.433837870141,0.66727979295,0.421043211211
901,0.65941582527,0.434180365421,0.667261799797,0.421240741775
902,0.659859011881,0.434310146537,0.667585395277,0.422242780177
903,0.650349025149,0.441414007267,0.657861394808,0.427889442673
904,0.654562524986,0.438349524066,0.664948727936,0.422851240821
905,0.659458549693,0.435924185548,0.667247505859,0.422368156722
906,0.659435683861,0.43497865653,0.665710629895,0.422570910412
907,0.659819491208,0.434804385205,0.667555049062,0.422475274805
908,0.657707842998,0.434999935708,0.666011586785,0.423200413431
909,0.660804438405,0.434870352982,0.666096290573,0.42235850585
910,0.659144653007,0.435653611789,0.666021663696,0.421977998157
911,0.659117900301,0.434702461006,0.667348489165,0.421904650841
912,0.659367401619,0.435352527072,0.666778087616,0.422732699672
913,0.658558255993,0.435284427493,0.666426666081,0.421613305407
914,0.66098084487,0.434170762421,0.667564846575,0.422776427492
915,0.659741354641,0.434571209314,0.667337382212,0.422039218186
916,0.659322409891,0.434053359333,0.666148694232,0.42193518341
917,0.659643845167,0.435166590155,0.668309185654,0.422508797428
918,0.658422010951,0.435048595643,0.667728643864,0.421818222163
919,0.661139531992,0.434108131252,0.666226485744,0.421785517697
920,0.661298842169,0.434201844524,0.667085289955,0.421544151983
921,0.659336995799,0.433772652651,0.668035527691,0.421330064853
922,0.659365752712,0.434018433207,0.666985018179,0.421671387287
923,0.655157551635,0.436200586002,0.664497386664,0.423770086262
924,0.656036805362,0.436938041329,0.667105350643,0.423085957897
925,0.662156940438,0.434268117575,0.667001217604,0.42230410505
926,0.660387666896,0.434518666584,0.664375234395,0.422540324247
927,0.662004620768,0.433847789979,0.666750725359,0.422381605202
928,0.661097912118,0.433817123254,0.669039288536,0.421179164607
929,0.66101374384,0.433245133751,0.66804401204,0.420834614422
930,0.661327123176,0.432867468577,0.668806232512,0.420537392483
931,0.66271939408,0.432404909471,0.667261995375,0.420953966258
932,0.663198023103,0.432822529265,0.668777471408,0.420250030639
933,0.659395761788,0.433287185545,0.667433813214,0.420993125909
934,0.662050866522,0.433729313668,0.666691031307,0.421347260137
935,0.661841806956,0.433161962585,0.669223366305,0.421001505139
936,0.661207864061,0.43322703721,0.667619144544,0.420745447468
937,0.661003451329,0.432484217291,0.667586743832,0.421340903016
938,0.654179895297,0.437394831767,0.663911683485,0.422994673466
939,0.659732628614,0.434308783134,0.667472161353,0.42116588373
940,0.662845205516,0.43253719283,0.668687401339,0.421244680411
941,0.658713776618,0.43287071892,0.669399727136,0.4201123564
942,0.659860523418,0.433248901593,0.668534858152,0.420019193171
943,0.66133108316,0.43234563836,0.668985540047,0.420452363273
944,0.660580749623,0.432672868095,0.667619513348,0.419413173426
945,0.662850145716,0.431966764264,0.668379319832,0.419650092382
946,0.659067322966,0.433281891137,0.668970046565,0.419554996889
947,0.664009601809,0.431882706165,0.668430943042,0.419522517799
948,0.66386245098,0.431364337336,0.668630439788,0.419831468467
949,0.660252752248,0.432482663914,0.668404482305,0.420880217532
950,0.661812204868,0.432470910303,0.666900372133,0.42007497647
951,0.66184416553,0.432509247656,0.667915714905,0.419485718164
952,0.660209910944,0.432857014351,0.668897707015,0.419560649853
953,0.660607742146,0.432234862875,0.666900828481,0.419711186701
954,0.661341262516,0.432864139954,0.667953753844,0.420433798606
955,0.658752333373,0.433006358385,0.667157739401,0.420048042062
956,0.661030420102,0.432372511384,0.667779866606,0.419474107626
957,0.659927281085,0.432305952319,0.669065469876,0.420331545573
958,0.662536823191,0.431572505176,0.668949740008,0.419297815945
959,0.663111153059,0.431601700352,0.66939836368,0.418807035325
960,0.661280870438,0.431456002225,0.668483769521,0.418894344173
961,0.660473353229,0.432464059963,0.666305018589,0.420944835867
962,0.662540690042,0.431948666568,0.66932624951,0.419005762558
963,0.663796355948,0.432072718467,0.667286900803,0.420960675498
964,0.660018639173,0.431570967931,0.667917344719,0.419192991439
965,0.662523495033,0.431483300322,0.66829559952,0.418933987924
966,0.651103445329,0.438739757812,0.659249627963,0.424272476655
967,0.660091627855,0.433035086941,0.666880769655,0.420229790144
968,0.662149419077,0.431750911962,0.667262483388,0.419063755816
969,0.661564727779,0.431147906694,0.668850986287,0.419226921784
970,0.663107060827,0.43057412424,0.66881608218,0.418749043124
971,0.662750109099,0.430345272043,0.669002102688,0.418695855095
972,0.661787031218,0.430949212584,0.669230680913,0.418785439685
973,0.662074507214,0.430143077685,0.66764225997,0.418659615477
974,0.664489349816,0.430439950585,0.668340876698,0.418327924863
975,0.662388784345,0.430580348997,0.668538818136,0.418550030148
976,0.662996234372,0.431058637054,0.669285912067,0.418889221536
977,0.663685875013,0.430790695531,0.668919719756,0.418329812773
978,0.664527820889,0.430091338004,0.667812939733,0.418909911086
979,0.664450469427,0.430008503035,0.669357219711,0.418756604281
980,0.664843543433,0.429669673409,0.669227898121,0.419294988027
981,0.660713840742,0.430064411973,0.667509462684,0.418660639383
982,0.662448841147,0.430061498542,0.668814003468,0.417591581128
983,0.663692229427,0.429820782158,0.67048144713,0.41894553858
984,0.662914182059,0.430125237931,0.669117504731,0.419577057195
985,0.663086354267,0.430857629088,0.669539647177,0.418201929773
986,0.662891308777,0.430448353065,0.667572814971,0.419353959063
987,0.66226330772,0.430645514341,0.668340625241,0.41849207388
988,0.660541966558,0.430644627252,0.670090258121,0.417438691841
989,0.663103185594,0.429638331379,0.667928546667,0.418266360526
990,0.663248918485,0.430116299807,0.669169846922,0.418310915857
991,0.665265339427,0.429499289953,0.666672406718,0.41795382205
992,0.664935952052,0.430069903872,0.668634865433,0.418656763137
993,0.663542781956,0.43041786307,0.669042849913,0.418479225218
994,0.663321999367,0.429952414373,0.667943868786,0.418798770224
995,0.664137551561,0.429895845765,0.670505812392,0.417824131659
996,0.663253729232,0.429792248649,0.668586932123,0.417906396856
997,0.662351109087,0.429540684485,0.667383797467,0.417307297341
998,0.663611494005,0.429083472116,0.670812446624,0.417392839121
999,0.664875004441,0.428359825844,0.669328529388,0.416799376105
