epoch,jaccard,loss,val_jaccard,val_loss
0,0.0655615706928,0.745843417943,0.0580019168556,0.698852345347
1,0.0630997265689,0.690766338259,0.0580978514627,0.680886641145
2,0.063425936969,0.675427600741,0.0582514042035,0.669590219855
3,0.0639104414731,0.665709879249,0.0589577043429,0.661281883717
4,0.0645224277396,0.658370517194,0.0590175902471,0.655801638961
5,0.0649372155312,0.65135006234,0.0597417009994,0.647940516472
6,0.0652966883499,0.643863450736,0.0603426275775,0.640553057194
7,0.0655359611847,0.637373417616,0.0604663351551,0.633747518063
8,0.0663429400884,0.630237016827,0.0608034990728,0.626951396465
9,0.0669042954687,0.623453546315,0.061521329917,0.61947414279
10,0.0670436366927,0.617661684752,0.0615306384861,0.613924965262
