epoch,jaccard,loss,val_jaccard,val_loss
0,0.0354348593033,0.75594579715,0.0283341631293,0.716024965048
1,0.0344333972209,0.693235417513,0.027599717956,0.677471667528
2,0.0340718051849,0.672344640585,0.0275988155045,0.665519863367
3,0.034648231202,0.665355340334,0.029158144258,0.661903515458
4,0.035223062537,0.657213988671,0.0281774685718,0.648962706327
5,0.035212274125,0.646933051256,0.029205116909,0.640694111586
6,0.0362154851166,0.638336185309,0.0288102766499,0.633091688156
7,0.0361996561002,0.630315808149,0.0297419428825,0.625532642007
8,0.0365447474214,0.623212297146,0.0301488949917,0.616960600019
9,0.0368210392503,0.615013760787,0.0320777595043,0.608015820384
10,0.0370955806512,0.607966967729,0.0312867257744,0.602054521441
11,0.0378261040466,0.600762469952,0.031175414566,0.595120832324
12,0.0381240692849,0.594906248496,0.0309617361054,0.588579922915
13,0.0380670188711,0.587493990018,0.0317180417478,0.580955639482
14,0.0387964681364,0.580445745358,0.0315747852437,0.573522925377
15,0.0381268673218,0.577566772241,0.0324516301043,0.570653811097
16,0.0374039008067,0.570742202722,0.0323136015795,0.562409162521
17,0.0377817790669,0.562737074265,0.0335858594626,0.556657150388
18,0.0378567677278,0.556612484272,0.0320598320104,0.548889830709
19,0.0379188327835,0.549432904904,0.0320824184455,0.542543038726
20,0.0399684287035,0.542085562303,0.0326432976872,0.535338848829
21,0.03987710794,0.536220081036,0.0305826980621,0.530727535486
22,0.0393778970035,0.530625697283,0.0325682768598,0.524115756154
23,0.0395228849008,0.524598677342,0.0323887425475,0.517350777984
24,0.0403821962671,0.518531059302,0.033704825677,0.511152371764
25,0.0399837009609,0.512166999854,0.0332450964488,0.505594372749
26,0.0411257919211,0.505570908693,0.0355590921827,0.499847844243
27,0.0417578147581,0.498635463531,0.0357247516513,0.494361907244
28,0.0412598211891,0.49486261377,0.0347470929846,0.487363390625
29,0.0416560769081,0.488884956103,0.0373332551681,0.481565698981
30,0.0425260294802,0.482063805598,0.036514709238,0.4760588184
31,0.0427606960329,0.477147542972,0.0366493216716,0.470479421318
32,0.042232836611,0.472980544659,0.0366405649111,0.465046256781
33,0.0435472536832,0.466952089163,0.0353985289112,0.460070431232
34,0.0418912126468,0.462019079007,0.0396993751638,0.456271767616
35,0.044516400649,0.456956006472,0.0371896792203,0.450050242245
36,0.0444921201811,0.451062619228,0.0381543189287,0.445950545371
