epoch,jaccard,loss,val_jaccard,val_loss
0,0.00577283463368,0.797922612383,0.00352787002856,0.79859588109
1,0.00595282837825,0.797448349687,0.00354799680503,0.798343644477
2,0.00600162414055,0.797151364959,0.00356618612247,0.798108028248
3,0.00585402173297,0.79756419246,0.00358275537693,0.79787784908
4,0.00584841912384,0.797214096555,0.00359735444502,0.797657883726
5,0.00589725286996,0.796818969341,0.00361440183454,0.797428794205
6,0.00603071033087,0.796030045702,0.003632840199,0.797199656256
7,0.00615687423739,0.796081619767,0.003654979033,0.796955420636
8,0.00606503891878,0.79600684574,0.00367171604853,0.796728253365
9,0.00616615646294,0.79556131936,0.00369635639149,0.796481455676
10,0.00623325438787,0.795383159931,0.00371833886697,0.796242201701
11,0.00628324399122,0.795134430894,0.00373774890286,0.796007476747
12,0.00607181711764,0.795218526171,0.00375791722269,0.795773663558
13,0.006241846328,0.794712311946,0.00378644632482,0.795506658964
14,0.00624661761038,0.794476365814,0.00380647458243,0.795267214067
15,0.00618262815498,0.794562534644,0.00382457629223,0.795031150803
16,0.00623555335058,0.794190689921,0.00384540952592,0.794793189503
17,0.00638902159013,0.793330664818,0.00387295037575,0.794526007958
18,0.00652677885448,0.793027493816,0.00390313081039,0.79424572736
19,0.00638086288826,0.793064295099,0.00392851020396,0.793974057771
20,0.00649894616369,0.79245111117,0.00395969616739,0.793676073663
21,0.0064352071053,0.792684364777,0.00398427962068,0.793401092291
22,0.00646853237067,0.792423766393,0.00401507249805,0.793106815778
23,0.00669021640064,0.791519158162,0.00405071729384,0.792778838426
24,0.00678405281136,0.791066259146,0.0040795697094,0.792473816313
25,0.00671132773645,0.791132014531,0.00411716518366,0.792124575004
26,0.00686714176929,0.790179873888,0.00415018476383,0.791779002175
27,0.00676302246911,0.790383783671,0.00419278296803,0.791386248544
28,0.00690447558295,0.789815384608,0.00422922140191,0.791001957841
29,0.00701461099264,0.789225299771,0.00426993339636,0.790595598519
30,0.00704224361278,0.788937377242,0.00431078003689,0.790165131912
31,0.0071519901473,0.788054015774,0.00434280163304,0.78974606283
32,0.00709157113404,0.788242376768,0.00437774703173,0.78932041768
33,0.00732983251863,0.787070262891,0.00441411349593,0.788886546157
34,0.00740312802743,0.786772495279,0.00445047812536,0.788426137529
35,0.00747145209107,0.786216062995,0.00449494464513,0.787895971909
36,0.00724558415287,0.786806598306,0.00452819745959,0.787441920489
37,0.00742377032181,0.785518037585,0.00456099771165,0.786950697191
38,0.00751038975488,0.784973482673,0.0045993734287,0.786417313851
39,0.00741889514019,0.785000441166,0.00463793130976,0.785866650753
40,0.00780861144225,0.783096441856,0.00467402887622,0.785300984047
41,0.00777837250556,0.782937954252,0.00470782640724,0.784738559276
42,0.0074142989469,0.783623784781,0.00473995084636,0.784164450131
43,0.0080532984004,0.780731855677,0.00477079215099,0.783555721864
44,0.00763328854139,0.782163360944,0.0047933689446,0.78298887331
45,0.00823457522001,0.778729613011,0.00481918131948,0.782324862666
46,0.00755145650275,0.781645277372,0.00484317478157,0.781738265418
47,0.00855344388747,0.776533016792,0.00487060409563,0.781052557752
48,0.00778268133308,0.779699895244,0.00489626534542,0.780424955301
49,0.00797533117202,0.778352643435,0.00491556494345,0.779812402092
50,0.00808339802832,0.777078794745,0.00493678237541,0.779149533249
51,0.00851627036939,0.774739767496,0.00495103171281,0.778465779498
52,0.00847755530584,0.774423006635,0.00496707690002,0.777785061859
53,0.0083746834272,0.773990675807,0.00499243993593,0.777049522847
54,0.00851922287851,0.77311384334,0.00501170499354,0.776350314729
55,0.00864760617717,0.772740644904,0.00502053667054,0.775718039833
56,0.0086082254214,0.771992017443,0.00503234052272,0.775071272627
57,0.00852865577155,0.771069420072,0.00504186587813,0.774394207634
58,0.00895861336641,0.767373961898,0.00505185175606,0.77368130628
59,0.00867054741103,0.769343828926,0.00506734389498,0.772979017347
60,0.00878408205626,0.768394947052,0.00508487224661,0.772248202935
61,0.00835324428086,0.769902594961,0.00510110994927,0.771566770971
62,0.00822500894516,0.768371151044,0.00511887102272,0.77086686343
63,0.00872382346618,0.766114511169,0.00513082239382,0.770089904778
64,0.00893478289985,0.765384385219,0.00514338911574,0.769357300363
65,0.0088628122787,0.764158822023,0.00515394238494,0.768666846678
66,0.00896571064686,0.763267640884,0.00516611751405,0.767918575555
67,0.00919415799749,0.760825868983,0.00516616732375,0.767203075811
68,0.00892887323268,0.76192138516,0.00517719178592,0.76644301787
69,0.00877554644596,0.761272281408,0.00519537863462,0.765689828433
70,0.00903438723844,0.76054537984,0.00520236440187,0.764953486621
71,0.00906196963688,0.757950307085,0.00520687337803,0.764245335013
72,0.00928502312025,0.75709331838,0.00520754186002,0.763428339735
73,0.00897076412947,0.756836091097,0.00521996376762,0.76260022819
74,0.00862714952427,0.758450419857,0.00522229767361,0.761906541884
75,0.00880043784005,0.757219728369,0.0052318468743,0.761087398045
76,0.00869570831408,0.756958043346,0.00524604940631,0.760191313922
77,0.00918397601173,0.752262535004,0.00526888837388,0.75916368328
78,0.00909201811622,0.753971914832,0.00527534512017,0.75835731905
79,0.00933678925258,0.750312150671,0.00529476950859,0.757415009663
80,0.00917741695828,0.750898489585,0.00531864855574,0.756409470923
81,0.00914438919251,0.750419641917,0.00533272038007,0.755431924947
82,0.00866267553028,0.752739929236,0.00535134798727,0.754456277937
83,0.00893832080314,0.751692531201,0.00536242470628,0.753450077027
84,0.00895152643205,0.748773868267,0.00538551903097,0.752303131856
85,0.00889525144574,0.748492916043,0.00540374640522,0.751434206031
86,0.00889504739147,0.748188621723,0.00543147663296,0.750134957954
87,0.00899769690666,0.745531404248,0.0054401202099,0.749230504036
88,0.0089448882604,0.746316841015,0.00546526008941,0.748043368571
89,0.00925379587327,0.74432982619,0.00549020074951,0.746837845072
90,0.00911798336172,0.744520501449,0.00551890989655,0.745685907081
91,0.00912546256062,0.742299124599,0.00553812994798,0.744463963434
92,0.00882512616254,0.744929152039,0.00555688217113,0.743621562608
93,0.00931711105547,0.740378162036,0.0055841008303,0.742197502404
94,0.00886210263007,0.743553269368,0.00560569193172,0.741178905591
95,0.00925073955411,0.73882830143,0.00562826647408,0.740045226179
96,0.00909205233347,0.740294091977,0.00564981587536,0.738813127391
97,0.00886894959705,0.740495744806,0.00565788404117,0.737869956531
98,0.00913698555678,0.736720723601,0.0056800236722,0.736829540692
99,0.00884165287562,0.737485767557,0.00569215515574,0.735582747497
100,0.00893847515303,0.735589317404,0.00569505356012,0.734475108795
101,0.00873922004488,0.737721803097,0.00571083213046,0.733564309776
102,0.00930444587665,0.731574602998,0.00571683299219,0.732517141849
103,0.00903424378105,0.73409805848,0.00572145934612,0.731878593564
104,0.00914998725253,0.731542456609,0.00572002099489,0.730932581238
105,0.00896121896102,0.732033426945,0.00572205289646,0.72997021582
106,0.00923094541951,0.729309180608,0.00572489903587,0.729376552626
107,0.00865412161731,0.734042731615,0.00572553153918,0.728762350045
108,0.00901583104685,0.728528968417,0.0057297727048,0.728073526174
109,0.00900909592495,0.727234059801,0.0057304560228,0.727307761088
110,0.00901596491996,0.727167208607,0.00572978130214,0.726614342071
111,0.00865666848729,0.728566982425,0.00573387686626,0.726181644946
112,0.00878751335365,0.726894558622,0.00573438460958,0.725618797354
113,0.00884152975725,0.727335707499,0.00573450066915,0.725190819241
114,0.00868360618744,0.7273266304,0.00573379435497,0.7248417316
115,0.00918996402243,0.723119944334,0.00572747658995,0.724279331975
116,0.00904437892688,0.724785232773,0.00572704106895,0.723728245124
117,0.00883278197555,0.723720959746,0.00571952656196,0.723156276159
118,0.00882875470359,0.721666693687,0.00571348246535,0.72265915852
119,0.00884599418018,0.722922852406,0.00571312049152,0.722242591903
120,0.00890685873716,0.721419772277,0.00571631587252,0.721943213604
121,0.00875893231534,0.722952275322,0.00571268606652,0.72161298804
122,0.00891054548108,0.71999405783,0.00570473652013,0.721164502203
123,0.00882004273255,0.720019408143,0.00569448420592,0.720569248311
124,0.00882157232942,0.720306115655,0.00569203350145,0.720162723213
125,0.0087190095817,0.720258254271,0.00569405847699,0.719940094277
126,0.00853902241729,0.720289120307,0.00568799898986,0.719568327069
127,0.00875759323799,0.718482082853,0.00567531988298,0.719002194703
128,0.00869515599526,0.718623586572,0.00566409923437,0.718459553085
129,0.00864953976452,0.716475883356,0.0056619841273,0.718097476289
130,0.00860079684214,0.716070120151,0.0056559756693,0.717689076439
131,0.00856887759762,0.718419159834,0.00565911409419,0.717506589368
132,0.00846075941641,0.718800454186,0.00564962039863,0.717089110054
133,0.00853651258229,0.716580217847,0.0056472979318,0.716789450496
134,0.00857962660239,0.716123530498,0.00564588417467,0.7165131988
135,0.00865384838492,0.71660028398,0.00564067202421,0.716101361439
136,0.00831004392285,0.717170546834,0.00564035699105,0.715859648772
137,0.00888732199939,0.711888059974,0.00564135985317,0.715707395226
138,0.00848194600537,0.715437440918,0.00563370234318,0.715274270624
139,0.00849944916644,0.716448182097,0.00562509904731,0.714857106097
140,0.00865583531609,0.714072292814,0.00561999541858,0.714586419053
141,0.00852495124235,0.713665112853,0.00561476066991,0.714323870838
142,0.00847873919978,0.713624962247,0.00560648566153,0.713856534101
143,0.00870951463611,0.713009491563,0.00560306499298,0.713431274518
144,0.00853079192488,0.71410887058,0.00559316658391,0.712914576754
145,0.00869982419517,0.711680055811,0.0055904925932,0.712592613883
146,0.00852956756073,0.713758925979,0.00558916718438,0.712295395322
147,0.00862834652722,0.710673177472,0.00557714333868,0.71170995757
148,0.00837172926318,0.711770042777,0.00557212683935,0.711413484067
149,0.0084929943138,0.709817175682,0.00556626261613,0.711141911335
150,0.0084940150864,0.710847118726,0.00556470694406,0.710979964584
151,0.00869817554737,0.707282953537,0.00555984814505,0.710659004748
152,0.00857993250852,0.707295336402,0.00555285002929,0.710425120778
153,0.0085563151719,0.709707028591,0.00554770760976,0.710061573423
154,0.00820857056921,0.710265478263,0.00553718541431,0.709579781629
155,0.00843745850055,0.708345938187,0.00553583771739,0.70934087038
156,0.00812543567225,0.710406808899,0.00553439153063,0.70921586547
157,0.00841564511417,0.70797174252,0.00553287502294,0.709095480852
158,0.00846178752335,0.707468525721,0.00552746511454,0.708770734258
159,0.00832155839866,0.708906671176,0.00552366278092,0.708552931435
160,0.00859954443062,0.705812322406,0.00552163847112,0.708325904794
161,0.0085375316221,0.706534241255,0.00551791415432,0.708107832819
162,0.00856935704384,0.704609995851,0.00551363408775,0.707760289311
163,0.00837445014111,0.70746408059,0.00550178061715,0.707295062952
164,0.00862262322485,0.702656552196,0.00549340715813,0.706821440719
165,0.00842179518437,0.704046308994,0.00548962096067,0.706526134163
166,0.00847080237026,0.705149083183,0.00548188525377,0.706166104414
167,0.00837670470453,0.704247903365,0.00547646458577,0.705944218673
168,0.0083193453345,0.704870185027,0.00548115476408,0.705922404304
169,0.00827275868869,0.70372617474,0.00547080960618,0.705686332658
170,0.00835000116625,0.703102828218,0.005463958371,0.705471421592
171,0.00812867963238,0.705055772112,0.00545601012743,0.705131350085
172,0.00844193958458,0.701803465302,0.0054526169275,0.704938882031
173,0.00828216633751,0.703948661685,0.0054527332812,0.70492440369
174,0.00846250190128,0.702671933633,0.00544771043019,0.704761389643
175,0.00832109341568,0.703043564008,0.00544528420733,0.704690618441
176,0.0083761699922,0.702383338259,0.00543805677589,0.704439512454
177,0.00832728061124,0.701769911326,0.00542817074688,0.704124952666
178,0.00824150484092,0.70077338127,0.00541830565331,0.703857970424
179,0.0083447045402,0.701401634858,0.00541505670046,0.703617618419
180,0.00824327930394,0.703905002429,0.00541377761851,0.703473039903
181,0.0082150181318,0.702333742609,0.00540618432586,0.703315859661
182,0.00816254061902,0.700929177495,0.00539864818688,0.703146126121
183,0.00832739187116,0.70115380333,0.0053991611984,0.703073261306
184,0.0080365213586,0.701479069315,0.0053914511488,0.702773598023
185,0.00846479054746,0.698992486183,0.00538874342652,0.702706886455
186,0.00818041357731,0.700914787558,0.00537933095868,0.702519793995
187,0.00836193548009,0.697757575374,0.00537183977474,0.702250582166
188,0.00808754452461,0.699825139,0.00536590758225,0.70202084817
189,0.00768246561434,0.70312978098,0.00536297242124,0.701813829131
190,0.00818512817932,0.70009964246,0.00536010729624,0.701689261012
191,0.00824042833221,0.698441634958,0.00535076937538,0.701456580311
192,0.00838986821072,0.697717870657,0.00534928204434,0.701141147874
193,0.0081783202728,0.698235707787,0.00534368679476,0.700986807235
194,0.00786132918571,0.700209890421,0.00533940372907,0.700886495411
195,0.00806913951118,0.701000507061,0.00533905085655,0.700764476322
196,0.00813392114109,0.697119100736,0.0053326366241,0.700655837543
197,0.00798650097172,0.69859097898,0.00533526146017,0.700525165536
198,0.00778316253239,0.699479907751,0.00533134660884,0.70033357013
199,0.00827906289386,0.695840818378,0.00533211401867,0.70028624963
200,0.00791770572771,0.698950399573,0.00532668727283,0.700121779926
201,0.0082459476163,0.696119355468,0.00532426078203,0.699931712821
202,0.00787347520645,0.698625390346,0.00531373512746,0.699632752687
203,0.00819341848203,0.695764422417,0.00530047361914,0.69937209785
204,0.0080802041258,0.696117895154,0.00529663812472,0.699247273616
205,0.00806058027103,0.695028299322,0.00528908198945,0.699093767442
206,0.00782451599805,0.696427527529,0.00527740436337,0.698756077327
207,0.00794558451053,0.696742889973,0.00528299429843,0.698794491589
208,0.00806603998332,0.695212537279,0.00528213890749,0.698744856752
209,0.00772817598153,0.69742138913,0.00526806954392,0.698490138166
210,0.00796877639109,0.697186570901,0.00526467144689,0.698636481538
211,0.00797192332003,0.696068714444,0.00525693143939,0.698479418643
212,0.00820004289587,0.693211493584,0.00524956920833,0.698158374988
213,0.00808260887883,0.694103741875,0.00524112792829,0.697994470596
214,0.00781943013565,0.696015653702,0.00523703681165,0.697873017751
215,0.00813567170459,0.695166799885,0.00523208479163,0.697611997835
216,0.00775978495578,0.695679631371,0.00522481513187,0.697435144335
217,0.00798746892444,0.692496511799,0.00522356351618,0.697388937697
218,0.00808046060977,0.694232268975,0.00522406890443,0.697306726128
219,0.0080407778948,0.693221951906,0.00521985361888,0.697154609486
220,0.00822492523006,0.693168344406,0.00521169879309,0.696950954385
221,0.00797526943045,0.69374545377,0.00520751626021,0.696783190593
222,0.00794548240779,0.693400416237,0.00520719333431,0.696684616618
223,0.00801827401917,0.693306960739,0.00521189060282,0.696678391658
224,0.00822042565257,0.690060378267,0.00519615938504,0.696331693791
225,0.00784895603762,0.693299706166,0.00518699900246,0.696080788039
226,0.00789417680915,0.694910031099,0.00519083081781,0.696073777042
227,0.00801457741276,0.690975369169,0.00519142637111,0.695889398456
228,0.00749622841312,0.694839687302,0.00518986177667,0.695691885427
229,0.00766366864036,0.693667839353,0.00518176213689,0.695470726117
230,0.00790149945676,0.691477271227,0.00517312621508,0.695265646093
231,0.00757940916992,0.69372531657,0.00516714607537,0.695154879242
232,0.00791566713136,0.690085177238,0.00516267840223,0.694939229637
233,0.00774540325808,0.69308233605,0.00516061226136,0.694918335415
234,0.00806263290633,0.690562350246,0.00516381017997,0.694987215102
235,0.00784447584584,0.692238870722,0.00516262870451,0.695096439682
236,0.00787216498464,0.691677621924,0.00514951308034,0.694883254357
237,0.00799542517524,0.690762190865,0.00514592322992,0.694697771221
238,0.0080104432184,0.690751106693,0.00514173575215,0.694600676186
239,0.00793580648133,0.691857909927,0.00514762890631,0.69456437882
240,0.00791199117493,0.691085267525,0.00514469498242,0.694378006272
241,0.00793308407723,0.691291124775,0.00514051546526,0.694173990749
242,0.00799018356443,0.688871423786,0.00514560254155,0.694183404557
243,0.00789959072168,0.690953683395,0.005152965273,0.694313749671
244,0.00760878490732,0.690997585654,0.00513676563352,0.693893115968
245,0.00791007079124,0.690989944797,0.00513030944711,0.693698536605
246,0.00762738295897,0.690903968536,0.00513154117348,0.693641039543
247,0.00768954039372,0.691382011542,0.00512985932937,0.693512768485
248,0.00790767184564,0.689792824479,0.00512442388643,0.693412517197
249,0.00782178239622,0.688784162586,0.00512173555953,0.693311347626
250,0.00783738520438,0.689385325863,0.00511686774837,0.693146595731
251,0.00802145407065,0.68794116951,0.00511295857581,0.693058147095
252,0.0079204727817,0.687418322151,0.00510920546589,0.692929358222
253,0.00798382888528,0.688062889072,0.00510126925974,0.692815301009
254,0.00778483883162,0.688474211555,0.00508588572799,0.69256494008
255,0.00790364460912,0.688436806202,0.00508591639297,0.692530691624
256,0.00791723768746,0.687738392216,0.0050858325161,0.692511783913
257,0.00788265099181,0.687453260789,0.00508040352904,0.692372613586
258,0.00785900108968,0.687214473119,0.00507095097029,0.6921910448
259,0.00759606040615,0.688583416434,0.00507457868773,0.692397096194
260,0.00781769441766,0.688087093142,0.0050662908809,0.692250095308
261,0.00770164603623,0.690375506878,0.00505824953672,0.69213392213
262,0.00766696755933,0.687705461796,0.00505028687095,0.691933459602
263,0.00770314906668,0.688714631475,0.0050467687806,0.691875478253
264,0.00774835524561,0.685817673802,0.00503811398926,0.691586225294
265,0.00781535084381,0.687684436257,0.0050517278242,0.691690051928
266,0.00773316252067,0.687450327552,0.00505811805633,0.691679964773
267,0.00777116329856,0.687262803316,0.00504626326202,0.691346608102
268,0.00770250141498,0.689060823275,0.00504701692577,0.69132231921
269,0.0076728246469,0.685814332504,0.00503929005833,0.691104435362
270,0.00792687832598,0.686947189845,0.0050445806817,0.691128662787
271,0.00789665087646,0.68607796614,0.00503491928248,0.690822452307
272,0.00776082136736,0.685874051773,0.00502668024288,0.690655714832
273,0.00775991471105,0.686198279262,0.00501856996058,0.690425685607
274,0.00773989575216,0.684159972347,0.00501928662268,0.690346714109
275,0.00764525000781,0.687522334548,0.00502744970493,0.690353814512
276,0.00768008894721,0.68726849556,0.00502182924478,0.690272423439
277,0.00768163483924,0.686268354838,0.00500880499862,0.69009107817
278,0.00770642813793,0.68650919199,0.00500735007401,0.690083885565
279,0.00772139932587,0.686800420284,0.00501573120877,0.690185549669
280,0.00780981945396,0.685643053972,0.00500468729328,0.689950671047
281,0.00772633255264,0.685646100686,0.00500244805869,0.689782371745
282,0.00763008661614,0.685431397878,0.00500076667745,0.689642613754
283,0.00783970810398,0.683787238139,0.00499617830906,0.689451520331
284,0.00753393768502,0.685085076552,0.00499077040274,0.689273226075
285,0.00750046395993,0.685515364775,0.00498579682869,0.689130436629
286,0.00766125791985,0.683821696502,0.00497392558853,0.688738490455
287,0.00764728185074,0.685518992635,0.00497733540246,0.688734825701
288,0.00767064003664,0.684241605493,0.00497995314043,0.688800335862
289,0.00769736897466,0.684800471251,0.00498491380824,0.688874078915
290,0.00789509108766,0.683171595518,0.00497655516872,0.688663722016
291,0.00781535224153,0.68580415501,0.00498365441635,0.688649432734
292,0.00781207338804,0.683245695554,0.00499141398802,0.688620569184
293,0.00764956951287,0.684152035759,0.00498798796394,0.688485885039
294,0.00768349564333,0.682949293118,0.0049749175717,0.688211211935
295,0.00761918761226,0.683454307226,0.00496838901702,0.688005146571
296,0.00749033033026,0.683697785322,0.00497839873285,0.688110987656
297,0.00749156247027,0.685013281611,0.00497714329654,0.68803344015
298,0.00749074752163,0.684106141329,0.00497174391467,0.687882953323
299,0.00755365704915,0.684138128391,0.00496864939069,0.687855714932
300,0.00761801813622,0.683407401809,0.00496501138804,0.687801658176
301,0.00773411744582,0.683241288249,0.00496077554678,0.687673754059
302,0.00756833606388,0.685280681803,0.00497311241156,0.687884179875
303,0.0078183989252,0.682410216102,0.00497805984017,0.687904982828
304,0.00788946117746,0.683294269901,0.00496477981949,0.687506522052
305,0.00767711731074,0.681938716998,0.00495441808005,0.68721330259
306,0.00782631909176,0.68262097698,0.00495480814206,0.6872585807
307,0.00770436830586,0.683129710647,0.00495320575857,0.687096382491
308,0.00764197472955,0.682677162381,0.00495456417804,0.686944997869
309,0.00771467207624,0.681973107732,0.00495193333094,0.686821116135
310,0.00774670006967,0.682260727653,0.00495468908287,0.68671443034
311,0.00759090782741,0.682026130649,0.00494890180849,0.68652019091
312,0.00731637253113,0.683018517036,0.0049328495341,0.686216488481
313,0.00772566358581,0.680378783208,0.00492964223659,0.686186715961
314,0.00770850601839,0.68257127473,0.00492787163748,0.686191896908
315,0.00773784842109,0.67962145003,0.00492523033137,0.686128444038
316,0.00764518554279,0.683253616095,0.00491807398444,0.685836174525
317,0.00763533465086,0.680894437891,0.00491696998273,0.68583030533
318,0.00768448810329,0.680682287766,0.00492179237912,0.686025842093
319,0.007510519435,0.68192816583,0.0049248502099,0.685969802551
320,0.00761627317885,0.681264591905,0.00491992561848,0.685799732804
321,0.00753088856128,0.681693255901,0.00490605989845,0.685467377305
322,0.00773133640762,0.680558104928,0.00491238457911,0.685451090336
323,0.00763558996589,0.681920952522,0.00493412996514,0.685738761909
324,0.00760484918562,0.680210126134,0.00492364179905,0.685405830853
325,0.00751738113391,0.680954183523,0.00491699828424,0.685261647217
326,0.00762611089312,0.681466209201,0.00491435603112,0.685097537935
327,0.00757065485141,0.680746735289,0.00491258508521,0.685051490553
328,0.00734253845366,0.680926172779,0.00490566747763,0.684782674536
329,0.00762454743479,0.679799003097,0.00491139334176,0.684774969704
330,0.00761824617093,0.679331978926,0.00490522109052,0.684710317291
331,0.0077172181246,0.680100495999,0.00490993779073,0.684595119208
332,0.00766460075595,0.681148483203,0.0049121058627,0.684578704648
333,0.00759515689501,0.680571156052,0.00490459835919,0.684398509562
334,0.00776033452033,0.678883740535,0.00490620662069,0.684442576021
335,0.00782592630395,0.679405073707,0.00491708506652,0.684545092285
336,0.00765163036035,0.679891640177,0.00490819855042,0.684514263645
337,0.00760774163057,0.680088247244,0.00490564450223,0.684375884943
338,0.00758476693954,0.680174816113,0.00490065709459,0.684286098927
339,0.00757407427255,0.680456303633,0.00490239925588,0.684217661619
340,0.00787398118123,0.677138851239,0.00489351144691,0.683984437026
341,0.00780463079298,0.678139821841,0.00488715968439,0.683765504509
342,0.00750963894528,0.679510303415,0.00489268736396,0.68380787503
343,0.00776091807386,0.679825532895,0.00490148448162,0.68377136346
344,0.00784184056969,0.6773349872,0.0049028540748,0.683651099913
345,0.0075117185104,0.680303219419,0.00489524995962,0.683434827253
346,0.00762800134344,0.678592907695,0.00487977877259,0.683131936006
347,0.00752792940984,0.679430908882,0.00488125771881,0.683089695871
348,0.00778423959019,0.677532577744,0.0048754555867,0.68293681927
349,0.00747834842843,0.678377389908,0.00487271698205,0.682841463014
350,0.0076596409507,0.677329521913,0.0048639386882,0.682650191709
351,0.00750310040212,0.679098214094,0.00486783837883,0.682716381736
352,0.00758200207534,0.678046295276,0.00486315716216,0.682618360035
353,0.00759044258474,0.678301278215,0.00484895650439,0.682365749963
354,0.00756431228844,0.678539214226,0.00486604099456,0.682586651295
355,0.00738052777188,0.680474415421,0.00487218894489,0.682562401518
356,0.00772506918793,0.676157247562,0.00486358269799,0.682392513379
357,0.00750629262267,0.678604297913,0.00486499434112,0.682384198532
358,0.00765049255625,0.679289447574,0.00487165687022,0.682642144151
359,0.00759290672641,0.678024313771,0.00485606015749,0.682272123173
360,0.00760358678403,0.679327442096,0.00486130862927,0.682328830473
361,0.00767123917236,0.676371857524,0.00485180142653,0.682097286917
362,0.00755692775444,0.677363661619,0.00484985674845,0.682089938782
363,0.00766086345476,0.676930631583,0.0048544716731,0.682213256136
364,0.00759595073312,0.677988180747,0.00484959393802,0.682057514787
365,0.00760733245747,0.677086858795,0.00484482254029,0.681950696744
366,0.00767940789064,0.67658627721,0.00483837549419,0.681814951822
367,0.00772760714881,0.676211360555,0.0048433764735,0.681912844069
368,0.00754724374121,0.677051734466,0.00483775087923,0.681812344119
369,0.00762482572827,0.67845399907,0.00484321875146,0.681921199895
370,0.0074693553976,0.677195860789,0.00483960152235,0.681833032519
371,0.00763043112042,0.677868949679,0.00483873980352,0.681786907837
372,0.00751437230257,0.678067547771,0.00483839644929,0.681794147007
373,0.00760521182243,0.67764800787,0.00483513905823,0.681739424355
374,0.00764877665118,0.675307607422,0.00483180835263,0.681651935913
375,0.00715666253679,0.67882098716,0.00482848848475,0.681609790772
376,0.00749425014041,0.67942891098,0.00482979544276,0.681589578278
377,0.00763079166304,0.676452837311,0.00482574299437,0.681464359164
378,0.00750642532662,0.677340669128,0.00483245442965,0.681585453451
379,0.00776216781098,0.674984057362,0.00483130546516,0.681560403667
380,0.00745570249847,0.675778238819,0.00482865186149,0.681458715349
381,0.00749238187329,0.676677598403,0.00482615013684,0.681390319951
382,0.00737605474247,0.677935980833,0.00482401028171,0.681329374202
383,0.00751806099029,0.677666666416,0.00482792493227,0.681420680135
384,0.0075259877042,0.676791971693,0.00482960659849,0.681450228207
385,0.00750421723664,0.676978643124,0.0048263214791,0.681350952946
386,0.00741011275351,0.677568625945,0.0048286303988,0.681378033012
387,0.0074683890281,0.675668392044,0.00482210424613,0.681207676418
388,0.00751826908198,0.675803280794,0.0048169090241,0.681076605804
389,0.00770381822293,0.676298109385,0.00482002297554,0.681116096675
390,0.00767382358432,0.676261455967,0.00482214806968,0.681123818271
391,0.00751736120257,0.676626832439,0.00481657457684,0.681014696136
392,0.00733072086335,0.677163222661,0.00481654662153,0.680969381705
393,0.00756888323597,0.675543559285,0.00481413265615,0.68088206742
394,0.00764571286237,0.675087626164,0.00480977268259,0.680748066865
395,0.00757419070778,0.677851452277,0.00481398405083,0.680817800574
396,0.007589549034,0.676256885895,0.00481584037803,0.680849894881
397,0.00746277113047,0.678193297524,0.00481793138795,0.680879042484
398,0.00741824665993,0.676685857085,0.00481830617483,0.680879857391
399,0.00737706072277,0.67649754538,0.00481607810667,0.680828195065
400,0.00748359116306,0.676030794015,0.00481675709651,0.68080058787
401,0.00758290555957,0.677010243902,0.00481693734602,0.680775509216
402,0.00771189214898,0.67632008172,0.00481687102899,0.680767508224
403,0.00777814395056,0.675123171164,0.00481923781371,0.68078959547
404,0.00739299935101,0.676293961131,0.00481720944276,0.680729240179
405,0.00764669469866,0.675645893583,0.00481701639129,0.680698047392
406,0.00738257336105,0.678406640887,0.00481615109791,0.680675466545
407,0.00750548894453,0.674951485716,0.00481784032698,0.68069278542
408,0.00759842883568,0.675823105069,0.00481851319984,0.680665167049
409,0.00758438012861,0.677329889857,0.00481884143323,0.680651834235
410,0.00761082656656,0.674085121888,0.00481826772847,0.680630023591
411,0.00759657448176,0.675572977616,0.00481619293424,0.680578774773
412,0.00720976056346,0.67980712423,0.00481716591088,0.680613771081
413,0.00734537745659,0.675248152935,0.00481545744717,0.680581048131
414,0.00770485378832,0.67526527093,0.00481474170513,0.68053488899
415,0.00751964049001,0.674508222021,0.00481588377491,0.680567970499
416,0.007578747834,0.67647347542,0.00481689973785,0.680555956438
417,0.00770383757397,0.675891836102,0.00481807631499,0.68056787923
418,0.00762459280318,0.676049259993,0.00481744036904,0.680524063297
419,0.00752652511493,0.67573609375,0.00481568436163,0.680455224589
420,0.00755592521252,0.674176590947,0.00481554234722,0.680438187905
421,0.00749913888341,0.676246405794,0.00481682880203,0.680459329858
422,0.00728112601414,0.677673974862,0.00481463441523,0.680425539613
423,0.00746558608363,0.675743615398,0.00481024978512,0.680341192521
424,0.00755578208037,0.674766765191,0.00480958205804,0.680329852737
425,0.00735182700538,0.67657868908,0.00480906943955,0.680318493396
426,0.00756232078524,0.675868350726,0.00480874912699,0.68028755486
427,0.00757062054023,0.675698076303,0.00480805123826,0.680264724419
428,0.00765710117436,0.673879077801,0.00480722956692,0.680227898993
429,0.00746690582558,0.676615108664,0.00480577434729,0.680202472024
430,0.0075463557428,0.676698121887,0.00480608579934,0.680198470131
431,0.00743440511839,0.675194230217,0.00480789710417,0.680217687041
432,0.00754517492886,0.67661010302,0.00480883861295,0.680215810426
433,0.00781593047619,0.674263295073,0.00480896302793,0.680222546682
434,0.00764394488872,0.674717860726,0.00480799282337,0.680204807781
435,0.00756024328467,0.675313563301,0.00480893926388,0.68021575734
436,0.007455485951,0.675464481115,0.00480827370282,0.680188492872
437,0.00756060489714,0.674964276644,0.0048092509127,0.680189142935
438,0.00724283294078,0.677736658316,0.00480804103302,0.680168868043
439,0.00730443977965,0.677858164677,0.00480774797208,0.680163270794
440,0.00768202309658,0.676194345722,0.00480807893186,0.680155666545
441,0.00752808167079,0.676660877008,0.00480943886518,0.680179575458
442,0.00768191478168,0.674317889489,0.00481057240145,0.680204204284
443,0.00723777326794,0.677906359618,0.00481199923001,0.680229554884
444,0.00754103703978,0.673954651906,0.00481178775945,0.680219766684
445,0.00748531614482,0.676441827646,0.00481209419135,0.68022634089
446,0.00771124481102,0.674152245888,0.00481152757655,0.68021342624
447,0.00737851973264,0.675407267534,0.00481116716591,0.680200301111
448,0.00755187452604,0.67487691916,0.00481138668394,0.6801999975
449,0.00731534923531,0.676249245038,0.00481054093763,0.680175308138
450,0.00775999096952,0.676059382466,0.00481147365508,0.68016939424
451,0.00745130583594,0.675229270871,0.004810538312,0.680152530782
452,0.00742264820337,0.676448731468,0.00481100998093,0.680153259076
453,0.00756694544008,0.673991664098,0.0048110334746,0.680141311139
454,0.00733136273633,0.676202630767,0.00481089108615,0.680131140165
455,0.00741459520836,0.676460260382,0.00481049434921,0.680120694451
456,0.00779184421019,0.673354417086,0.00480993180312,0.680107639171
457,0.00736574861569,0.676409053115,0.00480980143092,0.680103119463
458,0.00738302573144,0.675576677689,0.00480968230849,0.680094728246
459,0.00735988983412,0.676240251614,0.00480948491207,0.680085903034
460,0.00754207545651,0.674771893483,0.00480925645564,0.68007968273
461,0.00763331065512,0.674852948922,0.00480931114294,0.680076225661
