epoch,jaccard,loss,val_jaccard,val_loss
0,0.0223079438751,0.354602653247,0.0123542784058,0.14711438911
1,0.0155608612471,0.13537876222,0.0131236807665,0.11903234385
2,0.0157555860396,0.124380277326,0.0126780099763,0.104231306352
3,0.015601550014,0.125204911312,0.0127243390625,0.11099810875
4,0.0152314746609,0.123867795444,0.0123872935801,0.102543403395
5,0.0150344031863,0.116885635429,0.0123308521652,0.100925173378
6,0.0149998888015,0.115534409021,0.0123415354228,0.100769354962
7,0.0150607149117,0.116112862642,0.0123482656008,0.10103469505
8,0.015055455948,0.116033046578,0.0123289628709,0.101076395484
9,0.0147804555555,0.11589126031,0.0123098710183,0.100873529678
10,0.0147623733725,0.11545316044,0.0123079795212,0.100679597119
11,0.0152030352933,0.115115069713,0.0123142567718,0.100467827171
12,0.0150284219462,0.11500747903,0.0123152708102,0.10037087393
13,0.0151806395644,0.114918304751,0.0123164324023,0.100256952457
14,0.015195809054,0.114842822632,0.0123137531336,0.100216833409
15,0.0149672546496,0.114778906967,0.0123122408213,0.100177640095
16,0.0148794578675,0.114842283898,0.0123105072162,0.100148596801
17,0.0149517749221,0.114592971137,0.0123091658425,0.100102004362
18,0.0149807796384,0.115080268337,0.0123009819972,0.100071466994
19,0.0150430764143,0.114811172279,0.0122997311764,0.100226672133
20,0.0148886144161,0.115021497298,0.012303010466,0.100202744827
21,0.0150955167527,0.114921179242,0.0122969199056,0.10011346871
22,0.0150567224034,0.114690851707,0.0122935643549,0.0999413777608
23,0.0150057213524,0.114551830464,0.0122817283172,0.0998412820045
24,0.014929723102,0.114443554328,0.0122844027192,0.0997766708024
25,0.0147669214684,0.114316906493,0.0122813174685,0.0997231509537
26,0.0148099505772,0.114297899776,0.0122751131557,0.0996788158081
27,0.0149937542872,0.11425560197,0.0122736110879,0.0996047297958
28,0.0148217846783,0.114195776673,0.0122728097649,0.0995595518034
29,0.0148754734188,0.114134645806,0.0122708789022,0.099477512762
30,0.0149014941775,0.114108514327,0.0122674292916,0.0994341259357
31,0.0151171506597,0.1140047627,0.0122628659055,0.0994137567468
32,0.0147367779954,0.114032402061,0.0122598290736,0.0993552419823
33,0.0151273544448,0.113928115998,0.0122611497045,0.099225708982
34,0.0148091729229,0.113991456823,0.012258390605,0.0991943725385
35,0.0149778609092,0.113835901882,0.0122538211062,0.0991555326618
36,0.0150598312298,0.114041575446,0.0122445361922,0.0991909326985
37,0.0149904061109,0.113798814611,0.0122320021892,0.0991787659004
38,0.014762845356,0.113797794741,0.0122322659745,0.0990910178516
39,0.0149084539869,0.113725952518,0.0122300713465,0.0990490703844
40,0.0148108154177,0.113678330985,0.0122173134814,0.0990114549641
41,0.014681576393,0.113684375699,0.012212493104,0.0989648643881
42,0.0149905821308,0.113595284808,0.012209465749,0.0989213816356
43,0.0148467727077,0.113579104153,0.01220533593,0.0988778471947
44,0.0149299020951,0.113525956583,0.0122018933516,0.0988284514751
45,0.0148278778562,0.113498243861,0.0121982016835,0.0987891156692
46,0.0149657608082,0.113449860364,0.0121935964553,0.098747744225
47,0.0147782823143,0.113427835015,0.0121892779243,0.0987089010887
48,0.0150129657167,0.113791082627,0.0121843170446,0.0986783273984
49,0.0147770294346,0.113374218345,0.012170447766,0.0986836997326
50,0.0148762782248,0.113552144514,0.0121667258491,0.098633332178
51,0.01482172142,0.113296678146,0.012162323982,0.0985994653311
52,0.0148540432923,0.113230994688,0.0121603498183,0.0985376879107
53,0.0147725646026,0.113220707442,0.0121585885363,0.0984894952271
54,0.0148001240495,0.113146327723,0.0121577134651,0.0984112082515
55,0.0145750257294,0.113277480579,0.0121498025055,0.0984182078391
56,0.0149132121139,0.113094280259,0.0121394390335,0.0984300561249
57,0.0144719805998,0.113049167853,0.0121360519506,0.0983854604419
58,0.0148239615015,0.113038112338,0.012138697798,0.098285010783
59,0.0147803557607,0.113059035574,0.01214025637,0.0981641039252
60,0.0148173595349,0.112963633182,0.0121362013497,0.0981218656525
61,0.0148672206471,0.112866586218,0.0121277809867,0.0981499513146
62,0.0147864833976,0.112863369573,0.0121219288903,0.0981231103651
63,0.0146231743722,0.112845407942,0.012117302068,0.0980887727346
64,0.0143932722366,0.112795674457,0.0121126732874,0.0980352894403
65,0.0148164050725,0.112803382369,0.0121082597161,0.0980010621715
66,0.0147474452567,0.112724948961,0.0121063262113,0.0979803912342
67,0.0147923406643,0.112708218969,0.0121038209363,0.0979648539796
68,0.0148519717802,0.112694378942,0.0121012490699,0.0979478312656
69,0.014755095391,0.112735431068,0.0120994846684,0.0979292688426
70,0.0146609279685,0.112729449398,0.0120961432094,0.0979064293206
71,0.0147466811781,0.112660422635,0.0120932494256,0.097888979828
72,0.0146854351131,0.112661339629,0.01209253855,0.0978638592642
73,0.0144392164209,0.11267210142,0.0120924392004,0.0978372218087
74,0.0147570873109,0.112586055524,0.0120936668663,0.0977674052119
75,0.0145815803598,0.112554587424,0.0120926616701,0.0977233611047
76,0.0147141389764,0.11262401222,0.012091175865,0.0976930407342
77,0.0147231581907,0.112548781989,0.0120874180675,0.0976832315791
78,0.0147825175037,0.11251234779,0.0120845580414,0.0976563680451
79,0.0148157926921,0.112470902503,0.0120823626421,0.0976334274746
80,0.0146071044012,0.112494169233,0.0120796779383,0.0976177854463
81,0.0145561132007,0.112453386761,0.0120765700567,0.0976034887135
82,0.0147591890194,0.112507841621,0.0120740371531,0.0976019341033
83,0.0145467622922,0.112521800571,0.0120701596979,0.0976170937065
84,0.0147134088553,0.112450048327,0.0120671986288,0.0976021899842
85,0.0144222428521,0.112418613468,0.0120641439107,0.097588718636
86,0.014627472605,0.112392257326,0.0120608106981,0.0975677182432
87,0.0145377953035,0.112375579774,0.012058452201,0.0975524068344
88,0.0146408740503,0.112338000479,0.0120561325166,0.097532867454
89,0.0145786887106,0.112361754076,0.0120541548613,0.0975173604675
90,0.0146452244729,0.11232010619,0.0120520821147,0.0975018760655
91,0.0145482111077,0.112288509424,0.0120500494313,0.0974906601477
92,0.0146382866212,0.11228633758,0.0120483418978,0.0974716155324
93,0.0145747421596,0.112253314601,0.0120465337468,0.0974388122559
94,0.0146071948827,0.112217337753,0.012046192488,0.0973942184355
95,0.0147918933429,0.112231525951,0.0120442365887,0.0973698152229
96,0.0147924996698,0.112213807037,0.0120435328399,0.0973513752688
97,0.0145668081868,0.112218429549,0.012042282011,0.0973423516843
98,0.0146543609265,0.112184928587,0.0120419554441,0.0973208961077
99,0.0145427037317,0.112169647733,0.0120410136615,0.0973108222242
100,0.0146829563623,0.112179123438,0.0120400274,0.0973009082954
101,0.0146989112433,0.112159102582,0.0120393363568,0.0972831766121
102,0.0147016581793,0.112197030049,0.0120383872045,0.0972720622085
103,0.0146000863483,0.112165064766,0.0120367505506,0.0972744512837
104,0.0147815938108,0.11214408651,0.0120356888856,0.0972632265184
105,0.0147572064486,0.112112800376,0.0120345926271,0.0972583622206
106,0.0146535784723,0.112119449446,0.0120341071852,0.0972414189018
107,0.0145013247473,0.112096511974,0.0120331497465,0.0972312558442
108,0.0145985257024,0.112109252467,0.0120327644263,0.0971806629095
109,0.0145302696082,0.112128093552,0.0120325072839,0.0971584205981
110,0.0147623385733,0.112047858823,0.0120318043091,0.0971510661766
111,0.0143869329924,0.11207947049,0.0120307109473,0.0971408081241
112,0.0146579906846,0.112065035563,0.0120293956697,0.0971308215521
113,0.0147459653493,0.112037506814,0.0120282300204,0.0971185395028
114,0.0143281746871,0.112021946277,0.0120269073195,0.0971162575297
115,0.014552769287,0.112050858828,0.012025863748,0.0970972380601
116,0.0146282040156,0.112031134848,0.0120248353014,0.0970903940033
117,0.0143011880394,0.112071038725,0.0120246173628,0.0970774542075
118,0.0146471075355,0.111975146887,0.012024315366,0.0970645919442
119,0.0145322343406,0.11200149386,0.0120242852499,0.0970523313154
120,0.0144248783517,0.111984720883,0.0120241592213,0.0970473377965
121,0.0147623334868,0.112072065186,0.0120235324539,0.0970423733816
122,0.0146044629554,0.111998919111,0.0120232591862,0.097037112806
123,0.0146012124605,0.111985069055,0.0120225264291,0.0970338361803
124,0.0145983578494,0.111981636916,0.0120215350125,0.0970329849515
125,0.0147452226195,0.111954859816,0.0120209593333,0.0970266014338
