epoch,jaccard,loss,val_jaccard,val_loss
0,0.0686488148774,0.703086436941,0.0697029287985,4.09460229427
1,0.0719153346637,0.658448168865,0.0664835787029,0.605116406456
2,0.0710455581295,0.636317655444,0.0737258081936,1.46158353798
3,0.072794084285,0.612969560119,0.0725044651917,1.49889620673
4,0.0703025282576,0.598240894767,0.0702447471267,1.57035534456
5,0.0734514606436,0.575888611949,0.0767618393584,0.738459590822
6,0.0736653256015,0.560078926958,0.0751915990259,1.09933685139
7,0.0739368223943,0.541348588008,0.0737592578516,0.780935005751
8,0.0747199133039,0.526811360167,0.0742959806812,0.494541405234
9,0.0741887556819,0.51316916656,0.0769046235364,0.48962419387
10,0.0736038189095,0.503737139587,0.075228103844,1.04190286994
11,0.0729806521334,0.486897173409,0.076725140796,0.470946526155
12,0.073884513247,0.472038107996,0.0783222760656,0.458924429026
13,0.0756679488919,0.460244526657,0.0699520066119,0.641429418232
14,0.0736226957076,0.450368706997,0.0707653016143,0.419897216838
15,0.0733852240329,0.438939097982,0.0687319347344,0.411911147181
16,0.0736187878065,0.428076063784,0.0788548647834,0.708277711179
17,0.0757849654183,0.41716226133,0.0754120709607,0.429542383179
18,0.0743825486861,0.408816658534,0.0765573788231,0.391812862363
19,0.0757679335522,0.399462379515,0.078715519252,0.394913797732
20,0.0753001273753,0.390277069349,0.0808689063124,0.388490157668
21,0.0765570705183,0.380502532308,0.0780859395745,0.369551241864
22,0.0771683506094,0.372381825287,0.0820140507712,0.372205192223
23,0.0789166790111,0.364122779324,0.0746353576542,0.344515053555
24,0.0749922428961,0.361051683243,0.0756004212017,0.349948888179
25,0.0780921271429,0.351017530148,0.0745625864074,0.352368055843
26,0.0805265971889,0.343982931513,0.0781609810656,0.336004102603
27,0.0817246490087,0.337535889103,0.0761466693075,0.325474883895
28,0.0805404740028,0.332303328583,0.0746586575115,0.329802144086
29,0.081262000335,0.326740701611,0.0754854848783,0.322253902908
30,0.0827176574833,0.320132907767,0.0766204418032,0.304637098685
31,0.0798193034358,0.316247329116,0.0808765382681,0.312129522208
32,0.0823014175806,0.310863937323,0.0760886789358,0.301102434751
33,0.0845953447099,0.305299863792,0.0859471709409,0.295830617892
