epoch,jaccard,loss,val_jaccard,val_loss
0,0.101869212463,0.722911894321,0.141466364264,13.6870985031
1,0.0944303125143,0.50094601512,0.141466364264,13.6870985031
2,0.0915420930833,0.446767173707,0.141466364264,13.6870985031
3,0.0850648954511,0.408950731158,0.141466364264,13.6870985031
4,0.0850038938224,0.38882356137,0.141466364264,13.6870985031
5,0.0773017853498,0.370423778892,0.0953641533852,0.430509120226
6,0.0695625562221,0.365626335144,0.0904146060348,0.419373422861
7,0.0656826468185,0.360847353935,0.086111061275,0.413053482771
8,0.06902211532,0.354755885899,0.123019836843,5.14454650879
9,0.0932936035097,0.340153418481,0.115373827517,4.14811563492
10,0.0859482306987,0.334309458733,0.106595560908,2.86907362938
11,0.109632773325,0.328911006451,0.0893762633204,1.6494499445
12,0.0990881733596,0.326744697988,0.0749139040709,0.75308150053
13,0.0940939020365,0.32938785851,0.0737395957112,1.24546051025
14,0.113172505051,0.321630693972,0.0702819898725,0.875602900982
15,0.10516326502,0.321647204459,0.0672827214003,0.518128275871
16,0.111939074472,0.320874132216,0.0642710849643,0.46047437191
17,0.105776349083,0.320540569723,0.0612820163369,0.422075539827
18,0.115075819194,0.318878106773,0.0597320273519,0.42197316885
19,0.115619299933,0.315403699875,0.0583612397313,0.421458333731
20,0.109093770385,0.316246651113,0.0572308711708,0.423123687506
21,0.122011665255,0.325601547956,0.0558338910341,0.425407469273
22,0.0976507328451,0.320001192391,0.0546782761812,0.427408158779
23,0.106820050627,0.318933472037,0.053559422493,0.429448962212
24,0.120093630627,0.311848208308,0.0523155853152,0.431832939386
25,0.110820936039,0.30850070715,0.0507754348218,0.434957444668
26,0.123180767521,0.310676202178,0.0488948859274,0.43904069066
27,0.120689492673,0.305177345872,0.0466978624463,0.444188565016
28,0.124355923384,0.301634483039,0.0445852577686,0.449544608593
29,0.123510688543,0.300363987684,0.0423289723694,0.455733805895
30,0.13255994767,0.300045400858,0.0401689745486,0.462281495333
31,0.117343217134,0.301566187292,0.0396281406283,0.47083812952
32,0.130499769002,0.297688111663,0.0514075085521,0.479405134916
33,0.124808840454,0.295392796397,0.0969152003527,0.500745773315
34,0.132676772773,0.293965883553,0.132211372256,0.575224339962
35,0.127821944654,0.294883430004,0.160123333335,0.745448172092
36,0.131739012897,0.295201085508,0.167031690478,0.782026648521
37,0.126238176599,0.292889498174,0.151720821857,0.599604666233
38,0.145067617297,0.28915117681,0.14399574697,0.639337182045
39,0.135978482664,0.288244947791,0.167559877038,0.847743213177
40,0.139915663749,0.286950610578,0.167073637247,0.670314848423
41,0.136634398252,0.285875581205,0.19041377306,0.960164785385
42,0.142900757492,0.286374732852,0.178571045399,0.67943418026
43,0.139664530754,0.288861595094,0.17908295989,0.802095711231
44,0.139912541956,0.286017108709,0.167446807027,0.54545301199
45,0.145491313189,0.283517219126,0.182594239712,0.536089837551
46,0.14888959378,0.282811269164,0.172292858362,0.685042440891
47,0.139834918082,0.28033066541,0.184014245868,0.773881912231
48,0.153929799795,0.280626237392,0.18218831718,0.566434323788
49,0.151542317122,0.277976568788,0.176304370165,0.548000991344
50,0.155009120703,0.276941992342,0.165098488331,0.568084597588
51,0.14704887569,0.278385579586,0.166728809476,0.627232551575
52,0.136046465486,0.296711813658,0.168901845813,0.659943640232
53,0.13742919825,0.285740420222,0.172357782722,0.71658039093
54,0.138779588044,0.288614761084,0.163031950593,0.750923573971
55,0.143652390689,0.288616139442,0.180137395859,0.532427668571
56,0.142871513963,0.283777389675,0.164055243134,1.17148590088
57,0.155154448003,0.28121137619,0.169670075178,1.224827528
58,0.136214997619,0.280557442456,0.170689597726,1.08529007435
59,0.156632043421,0.279306083918,0.162921816111,1.20577311516
60,0.154454603791,0.273432731628,0.162439078093,1.04387021065
61,0.153589211404,0.273239791393,0.157955229282,0.760407209396
62,0.167240161449,0.270551357418,0.162768825889,0.965521097183
63,0.159209702164,0.272179484367,0.173109844327,0.75808686018
64,0.162864182144,0.270819481462,0.173716053367,0.61613792181
65,0.166731484234,0.268984969705,0.180902406573,0.699845731258
66,0.165044818074,0.267603263259,0.181553140283,0.566066145897
67,0.170704681426,0.265618316829,0.179442241788,0.749736964703
68,0.168765153736,0.265453927219,0.178086414933,0.534567177296
69,0.16417459771,0.268219444901,0.18915861845,0.606273770332
70,0.167130641639,0.270054168999,0.180736362934,0.654701769352
71,0.161185938865,0.269690927118,0.199841320515,0.565789997578
72,0.1646633856,0.271649669856,0.196729049087,0.719733119011
73,0.170509360731,0.264171671122,0.183255687356,0.905560195446
74,0.174307994545,0.265212733299,0.18700478971,0.662128865719
75,0.170471519232,0.263598576188,0.174784213305,0.441227912903
76,0.167319659144,0.266590759158,0.191061511636,0.598839581013
77,0.180653162301,0.260747000575,0.176134705544,0.576897621155
78,0.172886662185,0.259788945317,0.190878093243,0.432371407747
79,0.178814999759,0.26092832163,0.189331829548,0.426857173443
80,0.182206436992,0.258915945888,0.190205812454,0.438322246075
81,0.161817789078,0.264672964811,0.199569493532,0.452916890383
82,0.185593090951,0.25983216241,0.185393422842,0.411336302757
83,0.169646974653,0.261151123792,0.17669712007,0.380769848824
84,0.184170994908,0.258596107364,0.190923169255,0.413084924221
85,0.180496878922,0.263364724815,0.193766191602,0.511356115341
86,0.16912926361,0.257794626057,0.191285297275,0.433148384094
87,0.187792506069,0.258592311293,0.18709731102,0.406175971031
88,0.174079604447,0.257999643683,0.20400390029,0.481908112764
89,0.186106983572,0.259515568614,0.168878927827,0.377090185881
90,0.181254051626,0.255641397089,0.200913399458,0.443537592888
91,0.188474774361,0.254470851272,0.181284815073,0.364943504333
92,0.184863500297,0.251157537103,0.19786067307,0.424290388823
93,0.191249553114,0.250573690981,0.1594735533,0.378874152899
94,0.190674968064,0.251870073378,0.181259229779,0.407187312841
95,0.194542363286,0.248706541955,0.181414842606,0.384596049786
96,0.189689043909,0.255940049887,0.181982502341,0.385541468859
97,0.178007937968,0.256912603974,0.190172210336,0.430580288172
98,0.185219973326,0.255611430854,0.200260162354,0.462670445442
99,0.19353120774,0.251870889217,0.205991879106,0.489631295204
100,0.186942532659,0.254813492298,0.195341110229,0.411045134068
101,0.189899727702,0.249118067324,0.19498026371,0.47847661376
102,0.196631744504,0.248223274946,0.203000217676,0.443954795599
103,0.18583388254,0.248210068792,0.211435347795,0.455545932055
104,0.201445497572,0.246921308339,0.211557090282,0.461756110191
105,0.195136141032,0.246022857726,0.180867552757,0.405875831842
106,0.194350924343,0.254236184061,0.191963508725,0.407443374395
107,0.186300452799,0.253076739609,0.208530843258,0.421129286289
108,0.200914628804,0.24662066251,0.201907649636,0.453662544489
109,0.188784632832,0.246882680804,0.216447517276,0.48374402523
110,0.200904712081,0.246996566653,0.214561730623,0.499355882406
111,0.197713695467,0.244190566242,0.182769581676,0.462729543447
112,0.202169712633,0.244713988155,0.171443983912,0.412531465292
113,0.205912608653,0.245763286948,0.195956379175,0.394185751677
114,0.194419238716,0.240490246564,0.146686062217,0.452959686518
115,0.203110639006,0.242472123355,0.135168120265,0.493182271719
116,0.21471934393,0.240490928292,0.181633636355,0.424611151218
117,0.200078554451,0.24252096191,0.135964736342,0.451081871986
118,0.206716377288,0.24490178749,0.209397390485,0.471941977739
119,0.199751444161,0.239348754287,0.164163857698,0.470727711916
120,0.206292968243,0.241138737649,0.132895708084,0.523133575916
121,0.214459117502,0.236667577177,0.171084314585,0.429656028748
122,0.20666924119,0.240779571235,0.140542209148,0.464508831501
123,0.219551861286,0.234970718622,0.170605912805,0.403575152159
124,0.204216621816,0.237234540284,0.107453994453,0.577943682671
125,0.223390456289,0.23536272347,0.120568089187,0.535261511803
126,0.211167629808,0.233881995082,0.145428985357,0.525544285774
127,0.223067570478,0.230233862996,0.111467815936,0.506297767162
128,0.215554516762,0.231204729527,0.129336446524,0.512156426907
129,0.228823427111,0.228337939829,0.0939995795488,0.523641705513
130,0.222287241369,0.229929894209,0.140746042132,0.491367787123
131,0.222272865474,0.22765629366,0.0861677378416,0.550632834435
132,0.222114127129,0.23011533916,0.133800089359,0.485181868076
133,0.231261570007,0.23008467257,0.179032996297,0.396007925272
134,0.20806915313,0.231974251568,0.130001887679,0.473271757364
135,0.230533812195,0.228471525013,0.173003345728,0.425872296095
136,0.225288722664,0.227110415697,0.134669706225,0.475357681513
137,0.228816021234,0.223667044193,0.14250652492,0.473869264126
138,0.235938500613,0.222714152187,0.0999610945582,0.547374606133
139,0.239486098289,0.220384616405,0.103483580053,0.564862430096
140,0.236536104232,0.221167448908,0.137139603496,0.499089807272
141,0.24387108162,0.219753175974,0.0990933254361,0.556601464748
142,0.233810283244,0.219363640994,0.114837989211,0.534526288509
143,0.241880737245,0.219789464027,0.092147603631,0.563193976879
144,0.238445296884,0.22593441233,0.160988405347,0.463641911745
145,0.229856669903,0.224153369665,0.127535700798,0.497803807259
146,0.227928768843,0.224293023348,0.187531709671,0.447654038668
147,0.238772597164,0.224535200745,0.142077073455,0.50849634409
148,0.232631687075,0.225023038685,0.204999685287,0.425045520067
149,0.230041436851,0.224961843342,0.208206370473,0.445025026798
150,0.235945850611,0.220902435482,0.175432547927,0.437257438898
151,0.250952087343,0.216994866729,0.1821257025,0.469224303961
152,0.242159899324,0.216289605945,0.202561363578,0.419772446156
153,0.248303566128,0.214786984026,0.168237552047,0.474798172712
154,0.259957097471,0.212057337165,0.138088405132,0.504133105278
155,0.255437985063,0.210080165416,0.155698299408,0.514425992966
156,0.255928028375,0.21156719327,0.133688241243,0.508111000061
157,0.257352799177,0.212569337338,0.170259192586,0.424359053373
158,0.250220626593,0.215832840651,0.158671975136,0.45794698596
159,0.235308844596,0.221375692636,0.18545858562,0.532551586628
160,0.241445273161,0.215986631811,0.150694563985,0.5176846385
161,0.26278924197,0.214422535151,0.192689880729,0.445623219013
162,0.246851485223,0.211262315512,0.184755370021,0.48281276226
163,0.266123875976,0.20881940797,0.166503250599,0.450425207615
164,0.259364705533,0.208890143782,0.141692891717,0.526030659676
165,0.265519179404,0.204167678952,0.148012414575,0.517657876015
166,0.27553691715,0.203477539122,0.135459557176,0.505365133286
167,0.261187888682,0.208238407969,0.163840949535,0.491117358208
168,0.270475327969,0.204094324261,0.148441433907,0.451139777899
169,0.274946555495,0.203016985208,0.131733566523,0.528115510941
170,0.270137913525,0.202015638351,0.152247861028,0.5057939291
171,0.275702752173,0.203146323562,0.143850058317,0.485752791166
172,0.272509291768,0.20149455592,0.158408910036,0.51503264904
173,0.280828915536,0.200648158789,0.151352524757,0.485031306744
174,0.284105792642,0.199179001153,0.151132673025,0.530002355576
175,0.273179903626,0.199824374169,0.134166002274,0.560442149639
176,0.283709436655,0.199897352606,0.163459733129,0.488770008087
177,0.282295823097,0.200199510902,0.110738612711,0.579873740673
178,0.273802191019,0.198621224612,0.133146777749,0.561517179012
179,0.283319875598,0.198473669589,0.144017294049,0.546890795231
180,0.285844385624,0.199417956173,0.154381424189,0.50862133503
181,0.275525577366,0.199063327163,0.1355651021,0.574245214462
182,0.286419063807,0.199210021645,0.174935907125,0.457138061523
183,0.278529852629,0.198726799339,0.139982670546,0.571259260178
184,0.290609940886,0.195695869625,0.10888594389,0.618153989315
185,0.288948141038,0.194609921426,0.108827374876,0.611025631428
186,0.293845891953,0.194411423057,0.125424548984,0.580918550491
187,0.284286953509,0.194021899253,0.114345639944,0.63613396883
188,0.300231091678,0.192509893328,0.172615513206,0.514990627766
189,0.29660448432,0.19283175841,0.150129899383,0.508673131466
190,0.294942840934,0.192404445261,0.20806184411,0.520848631859
191,0.283653184772,0.197468664497,0.168897107244,0.554034113884
192,0.301771976054,0.191134814173,0.135587304831,0.56520485878
193,0.285512663424,0.199614711106,0.177340954542,0.495920330286
194,0.293616048992,0.193681716919,0.137829303741,0.596239089966
195,0.289332486689,0.191044848412,0.135793238878,0.625476896763
196,0.31012429297,0.18974365294,0.102499820292,0.638329684734
197,0.300594858825,0.187230113894,0.127368792892,0.695201456547
198,0.308362603188,0.1875208579,0.120975784957,0.612310647964
199,0.306196205318,0.188238732517,0.127279594541,0.639157116413
200,0.299546375871,0.190038036555,0.136468917131,0.581582307816
201,0.313082233071,0.189179804176,0.160668671131,0.604125440121
202,0.295427367091,0.189222652465,0.154413670301,0.626284301281
203,0.311931505799,0.188880499452,0.127248704433,0.586201012135
204,0.306106194854,0.185582868755,0.145663380623,0.645791053772
205,0.321323223412,0.182851202786,0.125092029572,0.627573609352
206,0.315808989108,0.185662917793,0.149027481675,0.569915115833
207,0.295368477702,0.187908168882,0.149988994002,0.650745630264
208,0.328287161887,0.182030942291,0.166314020753,0.546357870102
209,0.320641778409,0.180232852697,0.146109893918,0.577996432781
210,0.325966514647,0.17914204672,0.164720922709,0.52461707592
211,0.331951506436,0.178996600211,0.175399065018,0.527586579323
212,0.328922994435,0.176244456321,0.162323907018,0.57014465332
213,0.341993227601,0.173166401684,0.174290075898,0.542055428028
214,0.339016184211,0.171228848398,0.15831400454,0.562091112137
215,0.360202759504,0.169991951436,0.116687372327,0.578800320625
216,0.339401826262,0.172560371459,0.173186585307,0.52546697855
217,0.326351612806,0.186063893139,0.204342126846,0.521608054638
218,0.314960554242,0.188135713339,0.203228399158,0.683905243874
219,0.309038989246,0.187626242638,0.198161557317,0.564425766468
220,0.317864060402,0.182566847652,0.164183288813,0.639945089817
221,0.331923902035,0.176913704723,0.0959521904588,0.734840154648
222,0.346181936562,0.172423027456,0.137176692486,0.623909175396
223,0.35189704597,0.169177975506,0.0953350514174,0.658510088921
224,0.349060498178,0.16780320555,0.0948626548052,0.710117220879
225,0.358475767076,0.168414477259,0.111297264695,0.61617821455
226,0.354234024882,0.167573317885,0.153525784612,0.633228242397
227,0.360431283712,0.164459053427,0.10120627284,0.679551303387
228,0.371125362813,0.163659907877,0.156936571002,0.570873975754
229,0.351609885693,0.167333822697,0.116378128529,0.680840909481
230,0.36691917479,0.168943807483,0.137260943651,0.645631194115
231,0.35361507535,0.169195059687,0.157287046313,0.611766993999
232,0.356118813157,0.166989495978,0.182247757912,0.551427602768
233,0.362474381924,0.165331501514,0.125491499901,0.676075339317
234,0.367312304676,0.164580568671,0.160581767559,0.583939373493
235,0.364043481648,0.164884392172,0.13900052011,0.628986895084
236,0.374014958739,0.160566680133,0.130860418081,0.679637670517
237,0.382855631411,0.158766955137,0.150568291545,0.635858476162
238,0.386355623603,0.155577227473,0.141868293285,0.621370315552
239,0.394296117127,0.154986925423,0.171001404524,0.582425177097
240,0.380009114742,0.156927602366,0.127385571599,0.65140491724
241,0.399705901742,0.154739353806,0.155046463013,0.60723900795
242,0.390433847904,0.155407633632,0.155204445124,0.581447064877
243,0.393186807632,0.15285711363,0.132214918733,0.634270489216
244,0.40903108567,0.148707568645,0.123936630785,0.606488406658
245,0.408821195364,0.149504959583,0.151439860463,0.589406192303
246,0.408784672618,0.148279994726,0.158513873816,0.591607153416
247,0.411283604801,0.148653235286,0.153060600162,0.587485492229
248,0.406122818589,0.149587135762,0.176368281245,0.590015649796
249,0.395728185773,0.15524360165,0.173844888806,0.541923820972
250,0.398475468159,0.152365650982,0.153767168522,0.593724668026
251,0.399329856038,0.151852440089,0.148749649525,0.610684454441
252,0.410125918686,0.149148644879,0.132284134626,0.637185156345
253,0.410056143999,0.147756926715,0.150905966759,0.578340470791
254,0.414694570005,0.148030411452,0.154243066907,0.594149529934
255,0.402490273118,0.149013612419,0.131576225162,0.616689562798
256,0.420773088932,0.146179158241,0.171837925911,0.564163863659
257,0.419217303395,0.144904583693,0.148013189435,0.63622802496
258,0.42532555759,0.14683769457,0.178832888603,0.551384329796
259,0.40934176743,0.148684995249,0.173482730985,0.571849584579
260,0.412770904601,0.150003774092,0.184435412288,0.571834683418
261,0.406856052577,0.1477005817,0.155886679888,0.578132867813
262,0.427740871906,0.145987074822,0.185539036989,0.597489356995
263,0.417486287653,0.143960427493,0.151438102126,0.65210968256
264,0.437468789518,0.142317732796,0.161105364561,0.569467782974
265,0.419608131051,0.143078608438,0.177114292979,0.652249872684
266,0.438971787691,0.141131429002,0.157644927502,0.605537950993
267,0.434375695884,0.139661764726,0.152351349592,0.630281329155
268,0.44372459501,0.137717047706,0.145724087954,0.620864272118
269,0.4483493343,0.137072227895,0.120882429183,0.690152347088
270,0.45091176033,0.134249255061,0.129845529795,0.673605680466
271,0.443638563156,0.13733345829,0.140698522329,0.628361821175
272,0.451818451285,0.135540144518,0.129321172833,0.676825463772
273,0.450147360563,0.13588562049,0.149261817336,0.642804920673
274,0.455204859376,0.132769180462,0.15010343492,0.603347182274
275,0.465907104313,0.130725523457,0.149999856949,0.589826226234
276,0.468894310296,0.128488147631,0.153796851635,0.615650892258
277,0.473961375654,0.127763202414,0.137831971049,0.623316645622
278,0.473114110529,0.12837338075,0.150215104222,0.586916387081
279,0.47453352809,0.129505675286,0.141356706619,0.608600378036
280,0.465023882687,0.129230666906,0.152867645025,0.591819643974
281,0.480783618987,0.12612304464,0.146763041615,0.565490841866
282,0.479348517954,0.127230456099,0.164105787873,0.567153036594
283,0.463453158736,0.128263542429,0.157044947147,0.578752398491
284,0.487505830824,0.128144584596,0.137636885047,0.58748114109
285,0.470208436251,0.127952316776,0.161071658134,0.574862062931
286,0.478972233832,0.126469556242,0.171574220061,0.559163928032
287,0.485287442803,0.123855071142,0.166998714209,0.58009403944
288,0.487759374082,0.123994294554,0.158155485988,0.559249341488
289,0.491289906204,0.122752562165,0.182011038065,0.560829520226
290,0.495070144534,0.121320413426,0.176704257727,0.52786141634
291,0.494186878204,0.123182317242,0.170315876603,0.543855428696
292,0.484109081328,0.124886650592,0.191556379199,0.549880087376
293,0.488810218871,0.122007455677,0.168557554483,0.565921664238
294,0.50309215486,0.121801864356,0.179255947471,0.548467099667
295,0.489121675491,0.122126055881,0.190363377333,0.550158262253
296,0.493941761553,0.122100647539,0.174033522606,0.560237646103
297,0.50134729594,0.121311418712,0.183553695679,0.562949120998
298,0.492662847042,0.1214686241,0.192546352744,0.561965048313
299,0.499194361269,0.121662657708,0.186149939895,0.556590437889
300,0.497341521084,0.121277479455,0.179953992367,0.58415055275
301,0.499068938196,0.120410270989,0.201121851802,0.538090467453
302,0.501430898905,0.118312677369,0.175554603338,0.577367544174
303,0.517983064055,0.116414604709,0.198034107685,0.532678365707
304,0.50332288444,0.119263738394,0.199660763144,0.551033973694
305,0.511848285794,0.116417532787,0.201616480947,0.531673014164
306,0.507778584957,0.117675073445,0.192799851298,0.563604950905
307,0.514996856451,0.115173866972,0.185345202684,0.577252566814
308,0.517924875021,0.114169346169,0.202806249261,0.544290423393
309,0.523562014103,0.112681943923,0.197697117925,0.565044820309
310,0.531095609069,0.111553758383,0.195185706019,0.561230242252
311,0.533511534333,0.110932543874,0.18568828702,0.584532380104
312,0.52270898968,0.113361109048,0.162549614906,0.590102136135
313,0.52398045361,0.114742485806,0.21937699616,0.545763134956
314,0.503255069256,0.117641413584,0.231838926673,0.577516436577
315,0.524901404977,0.117259878665,0.192940667272,0.532571852207
316,0.497015811503,0.119504055008,0.23099386692,0.587470114231
317,0.517123803496,0.118284648284,0.218076094985,0.554648578167
318,0.525354221463,0.111761802807,0.223409980536,0.553119540215
319,0.531016051769,0.110802263021,0.201789453626,0.580283164978
320,0.531453162432,0.109088759869,0.213383182883,0.593605101109
321,0.551909029484,0.107379928231,0.200786903501,0.582432925701
322,0.541770637035,0.107066936791,0.205639436841,0.583855926991
323,0.544672906399,0.106457833201,0.208966672421,0.589439749718
324,0.543846100569,0.108597792685,0.223484426737,0.556662619114
325,0.545139312744,0.107251102105,0.202507391572,0.576899468899
326,0.545270949602,0.107326777652,0.212899193168,0.58028781414
327,0.552149698138,0.105794973671,0.187659353018,0.584507882595
328,0.554222717881,0.103780332953,0.18920661509,0.615593075752
329,0.553281411529,0.104854673147,0.197677224874,0.609951734543
330,0.552308514714,0.105412762612,0.206703156233,0.585260391235
331,0.544514358044,0.10806006752,0.192106351256,0.600405931473
332,0.541432738304,0.107111873105,0.216963008046,0.588186204433
333,0.546015232801,0.106119513512,0.202674761415,0.607202529907
334,0.553897246718,0.106298526749,0.203570917249,0.581396341324
335,0.543827801943,0.107235703617,0.210796177387,0.589925527573
336,0.545620009303,0.106141705066,0.211522296071,0.609335243702
337,0.555529251695,0.105272969231,0.209857493639,0.585217535496
338,0.549956783652,0.106160674244,0.195066317916,0.604741036892
339,0.550141707063,0.105636922643,0.219404026866,0.594735205173
340,0.54404078424,0.107491498813,0.214842289686,0.586551964283
341,0.541161864996,0.110496107489,0.212652668357,0.599475681782
342,0.542509868741,0.109192073345,0.221313357353,0.621717333794
343,0.540915474296,0.106664121151,0.204964354634,0.630735516548
344,0.55351485312,0.107045413926,0.212267532945,0.590297579765
345,0.54882119596,0.104814790189,0.238418132067,0.631903588772
346,0.549622833729,0.105488190427,0.201903179288,0.624141573906
347,0.562462672591,0.102547410876,0.224439740181,0.623012185097
348,0.559341207147,0.102421205491,0.228643387556,0.654055774212
349,0.575931683183,0.100344927981,0.197074025869,0.611503243446
350,0.561139211059,0.103589128703,0.23269303143,0.627028405666
351,0.559800177813,0.10250974074,0.194519117475,0.647723793983
352,0.571775242686,0.100056400523,0.196764856577,0.660578012466
353,0.571109697223,0.0994767993689,0.220713987947,0.623071551323
354,0.575720340014,0.0987362414598,0.195135965943,0.643161416054
355,0.582408964634,0.0956652835011,0.218932166696,0.639816462994
356,0.58889387548,0.0955933071673,0.19894964993,0.622108578682
357,0.582869112492,0.0962199028581,0.214479759336,0.637257575989
358,0.588124677539,0.095627957955,0.21401681006,0.604207754135
359,0.587648913264,0.0959547702223,0.213646203279,0.616359651089
360,0.59017303586,0.0947441123426,0.204544618726,0.617653310299
361,0.588604599237,0.0956594198942,0.208838775754,0.606748521328
362,0.582462564111,0.0960287228227,0.208823665977,0.617391705513
363,0.591639652848,0.0956969577819,0.186251029372,0.652669370174
364,0.591841042042,0.0944190379232,0.20739813149,0.605388104916
365,0.590274557471,0.0956875234842,0.201378211379,0.631235122681
366,0.578001737595,0.0995457731187,0.212127938867,0.634488940239
367,0.574675410986,0.0989534016699,0.213799729943,0.617457330227
368,0.564871504903,0.102243252099,0.217672646046,0.655189692974
369,0.568336084485,0.100220650434,0.219347968698,0.676749169827
370,0.575286030769,0.0977461636066,0.21175929904,0.63272768259
371,0.575807526708,0.0997459162027,0.228989526629,0.669507622719
372,0.580608889461,0.0966259725392,0.214178085327,0.64591127634
373,0.589481532574,0.0947584286332,0.2236392349,0.659069120884
374,0.597479641438,0.0930506810546,0.206393733621,0.643891692162
375,0.596035152674,0.0924559831619,0.226761415601,0.642744958401
376,0.600698336959,0.0913887564093,0.207191467285,0.681072473526
377,0.603503078222,0.0925165861845,0.223827436566,0.640022933483
378,0.598454236984,0.0938090011477,0.21965444088,0.627497375011
379,0.602050051093,0.09076461941,0.226539209485,0.647934734821
380,0.606736823916,0.0905976928771,0.227951034904,0.633931457996
381,0.601376399398,0.0911472886801,0.206081986427,0.63903516531
382,0.616424247622,0.0898272022605,0.215912044048,0.631577432156
383,0.601516589522,0.0893252361566,0.219737008214,0.650389373302
384,0.613501578569,0.0885963831097,0.215561747551,0.629948556423
385,0.622160583735,0.0873438343406,0.217156141996,0.641092896461
386,0.617050468922,0.0865747090429,0.211648106575,0.648584187031
387,0.621479839087,0.0857088211924,0.210810422897,0.644459486008
388,0.62686958909,0.084913585335,0.211488232017,0.650725960732
389,0.624677360058,0.0846928432584,0.220530346036,0.638757050037
390,0.628557533026,0.0858416445553,0.203080102801,0.633862793446
391,0.622013524175,0.0848377421498,0.202071353793,0.652333319187
392,0.629588067532,0.0853187814355,0.202369749546,0.633516073227
393,0.621411502361,0.0863978005946,0.20530115068,0.629193723202
394,0.617037042975,0.0886204075068,0.207052960992,0.614407539368
395,0.610987856984,0.0892977695912,0.208847984672,0.647696435452
396,0.605186596513,0.0899925194681,0.219641923904,0.626882314682
397,0.609129086137,0.0915510561317,0.201610893011,0.614363729954
398,0.58570356667,0.0975192822516,0.24024514854,0.646121203899
399,0.589898914099,0.0938702505082,0.23117081821,0.653313696384
400,0.605861842632,0.0907228291035,0.215644806623,0.64483910799
401,0.612381219864,0.0882295444608,0.22584502399,0.664125740528
402,0.621512785554,0.0860730167478,0.210821658373,0.652643918991
403,0.624205440283,0.0846509095281,0.227201834321,0.667784273624
404,0.631314635277,0.0851984601468,0.214572712779,0.649399459362
405,0.626247376204,0.0851409453899,0.215678066015,0.630647242069
406,0.631711870432,0.0831431765109,0.232321679592,0.682616055012
407,0.637660801411,0.0825398173183,0.210114017129,0.641890347004
408,0.617544829845,0.0875773094594,0.233045503497,0.685723543167
409,0.628562018275,0.0848653223366,0.20620521903,0.643509924412
410,0.629241868854,0.0845663659275,0.236243844032,0.651452124119
411,0.624112069607,0.0846639573574,0.225094825029,0.667879641056
412,0.635233774781,0.0826077125967,0.217295989394,0.664271056652
413,0.636846184731,0.0820052307099,0.229775294662,0.662204861641
414,0.642175093293,0.0817115399987,0.216810941696,0.668338656425
415,0.642715111375,0.0795849338174,0.218852877617,0.659236907959
416,0.652531281114,0.0786992525682,0.218806952238,0.651763379574
417,0.651346430182,0.0786152202636,0.211421713233,0.675384402275
418,0.646163895726,0.0802769176662,0.220563620329,0.646969616413
419,0.63725233078,0.0830748304725,0.224893197417,0.653757631779
420,0.637478008866,0.0810267273337,0.210291936994,0.642190039158
421,0.645365923643,0.0804082341492,0.220175132155,0.652930140495
422,0.647338345647,0.0785891748965,0.214992240071,0.661933064461
423,0.653097346425,0.0779182612896,0.216767981648,0.659081876278
424,0.656744256616,0.0766287166625,0.218842163682,0.652195036411
425,0.662754893303,0.0759708490223,0.203697785735,0.658591091633
426,0.661437615752,0.0755496639758,0.215889319777,0.665054380894
427,0.658990859985,0.0766038354486,0.220498457551,0.649340033531
428,0.660484939814,0.0768929263577,0.206743195653,0.663564443588
429,0.661178156734,0.0763104297221,0.204476058483,0.660371780396
430,0.659612476826,0.0761218015105,0.212123468518,0.666614770889
431,0.656559333205,0.0777747984976,0.206571027637,0.643036007881
432,0.654190868139,0.0777790565044,0.209170594811,0.662891745567
433,0.652869597077,0.0784615939483,0.218224257231,0.643329262733
434,0.632384046912,0.0833251494914,0.211582362652,0.626401364803
435,0.643427059054,0.0813957992941,0.201353356242,0.651329576969
436,0.643336579204,0.0803302712739,0.213332727551,0.650047957897
437,0.647708371282,0.0797442924231,0.20489667356,0.631678044796
438,0.644973695278,0.079335520044,0.214831739664,0.663604617119
439,0.646509677172,0.079644722864,0.226958841085,0.63518768549
440,0.639761716127,0.0835558157414,0.209513634443,0.656775772572
441,0.63047401607,0.0843465905637,0.21514415741,0.665208756924
442,0.636178866029,0.0810383725911,0.214894115925,0.661112070084
443,0.64283451438,0.0800295714289,0.20326076448,0.658288121223
444,0.653567656875,0.0772618781775,0.208735823631,0.665011048317
445,0.661307886243,0.0757319517434,0.212257638574,0.661093890667
446,0.662055149674,0.0758372321725,0.211670801044,0.687883675098
447,0.668158471584,0.0731181111187,0.20391972363,0.681105852127
448,0.675828874111,0.0731451613829,0.212072178721,0.663280487061
449,0.659407690167,0.0746989129111,0.219873219728,0.70532989502
450,0.666382104158,0.0768573526293,0.210520252585,0.646514356136
451,0.665868192911,0.0757653899491,0.220426976681,0.691752135754
452,0.658618584275,0.0765428533778,0.226984888315,0.708746194839
453,0.665906190872,0.0756229516119,0.219202548265,0.679332494736
454,0.658404320478,0.0756325013936,0.228366449475,0.696307003498
455,0.663727626204,0.0758591871709,0.216472357512,0.684841156006
456,0.667060688138,0.0745487827808,0.205949634314,0.687595784664
457,0.663154259324,0.0745605509728,0.230870515108,0.691085934639
458,0.667812526226,0.0748040620238,0.211803764105,0.693018317223
459,0.675679266453,0.0727127883583,0.215160891414,0.677084386349
460,0.672316968441,0.0721786739305,0.235149160028,0.708614170551
461,0.676941588521,0.0730197066441,0.197809755802,0.670876145363
462,0.663484990597,0.0751188155264,0.242723062634,0.725416302681
463,0.664103612304,0.0767950359732,0.2138440907,0.658269166946
464,0.661678165197,0.0758647043258,0.24206918478,0.736611008644
465,0.661203473806,0.076415989548,0.22717449069,0.677702724934
466,0.666889056563,0.0733876638114,0.230955317616,0.702697753906
467,0.671984896064,0.072910355404,0.227895200253,0.707245528698
468,0.679236844182,0.0722190104425,0.218659356236,0.690966248512
469,0.674621358514,0.0716687627137,0.229577288032,0.725270688534
470,0.683308631182,0.0698310276493,0.213985696435,0.706219315529
471,0.684670865536,0.0707116741687,0.230825930834,0.706895947456
472,0.681242316961,0.0714051704854,0.213572725654,0.707559704781
473,0.678734004498,0.0717300660908,0.228381827474,0.699160754681
474,0.675722211599,0.0732346326113,0.219613522291,0.70884770155
475,0.67367015779,0.0719659514725,0.227622658014,0.708958685398
476,0.6812402457,0.0708944313228,0.224061563611,0.707789361477
477,0.68644721806,0.069239705801,0.221629992127,0.68941038847
478,0.686418324709,0.0687139201909,0.223515540361,0.707440972328
479,0.695005223155,0.0680568870157,0.217086985707,0.706506490707
480,0.689609989524,0.070323843509,0.201408416033,0.677061080933
481,0.677333176136,0.0722164763138,0.229993447661,0.698078036308
482,0.666744396091,0.0746595412493,0.208219751716,0.706498086452
483,0.664905786514,0.0769348414615,0.20172713697,0.700474858284
484,0.648412168026,0.0793408118188,0.221204474568,0.766495287418
485,0.653432950377,0.0800595022738,0.210214629769,0.665290594101
486,0.658248245716,0.0786338169128,0.18849170208,0.733469903469
487,0.650209739804,0.0781140364707,0.221603929996,0.759979128838
488,0.660917520523,0.0770735275,0.205501198769,0.695971369743
489,0.665998086333,0.0730838002637,0.226422131062,0.774848878384
490,0.672289788723,0.0737514607608,0.216549128294,0.740854620934
491,0.681126907468,0.0705571705475,0.21756143868,0.727946400642
492,0.682164758444,0.0716407690197,0.22606010735,0.763710379601
493,0.682116225362,0.0706514008343,0.214133679867,0.731238305569
494,0.683908596635,0.070517626591,0.235299497843,0.760250985622
495,0.687628239393,0.0691837193444,0.22235429287,0.725830972195
496,0.691640898585,0.0675385249779,0.227669537067,0.748037576675
497,0.694818332791,0.0677217897028,0.21975889802,0.724883794785
498,0.695658549666,0.0662353383377,0.223307386041,0.740526497364
499,0.700068041682,0.0667723817751,0.22353155911,0.730475485325
500,0.699496626854,0.0665694335476,0.221137210727,0.700954735279
501,0.702265784144,0.0652257474139,0.211486890912,0.738663852215
502,0.707922384143,0.0636016810313,0.213149756193,0.723749339581
503,0.709166020155,0.0642336644232,0.216355010867,0.706889390945
504,0.710688024759,0.0629820395261,0.207106694579,0.699432492256
505,0.714097514749,0.0625283503905,0.21086345613,0.728879392147
506,0.712458714843,0.0633737444878,0.214549645782,0.715152680874
507,0.704345703125,0.0653690509498,0.210126921535,0.681050598621
508,0.709037274122,0.0635039387271,0.219697713852,0.720452845097
509,0.7106000036,0.0633918568492,0.208895668387,0.719712078571
510,0.714172720909,0.062551910989,0.214384019375,0.694384515285
511,0.708682104945,0.0648037130013,0.230366095901,0.71759301424
512,0.706576853991,0.0654060766101,0.211418583989,0.667657315731
513,0.709178447723,0.063747946173,0.217768937349,0.709584951401
514,0.710593014956,0.0631971405819,0.212676763535,0.706065773964
515,0.711304292083,0.0635655429214,0.21976570785,0.692600131035
516,0.710836470127,0.0629853717983,0.204222559929,0.701467394829
517,0.714829653502,0.0623877542093,0.208062976599,0.712818026543
518,0.714360669255,0.0628170063719,0.220238626003,0.690056085587
519,0.709117338061,0.0641546212137,0.199982836843,0.700139045715
520,0.710006043315,0.0638553313911,0.216887503862,0.710234344006
521,0.709232375026,0.0633941143751,0.21715760231,0.709710538387
522,0.713519230485,0.0632402701303,0.209755092859,0.691832005978
523,0.717491939664,0.061401293613,0.213376969099,0.730541467667
524,0.720529019833,0.0609267102554,0.2179787606,0.720142662525
525,0.721171990037,0.0610078964382,0.202576890588,0.695715308189
526,0.72076305747,0.061526177451,0.206058606505,0.713261663914
527,0.716188371181,0.0623513944447,0.225270837545,0.710884094238
528,0.712985888124,0.0640967870131,0.206627935171,0.697558641434
529,0.712845996022,0.0630090618506,0.21887665987,0.716429948807
530,0.710767582059,0.0630216607824,0.225645586848,0.743987679482
531,0.716809093952,0.0629087742418,0.20638653636,0.704050838947
532,0.71392647922,0.0620752340183,0.226149231195,0.750714361668
533,0.719687700272,0.0621862551197,0.210929334164,0.693406522274
534,0.71733276546,0.0612604506314,0.215948328376,0.711531281471
535,0.720194265246,0.0607201708481,0.23416133225,0.735817074776
536,0.724627912045,0.0603103470057,0.198755502701,0.716005861759
537,0.722755208611,0.0598115278408,0.229082167149,0.729129552841
538,0.719094097614,0.0622322093695,0.205393597484,0.72714728117
539,0.718353435397,0.0622122725472,0.217778205872,0.701913058758
540,0.718273341656,0.0609014574438,0.211176633835,0.739523470402
541,0.722658216953,0.0612218258902,0.226288333535,0.71719622612
542,0.715307742357,0.0618231752887,0.224072739482,0.730425238609
543,0.720562338829,0.0615771692246,0.209587723017,0.730139791965
544,0.723225489259,0.0603405078873,0.219216510653,0.719033539295
545,0.725078314543,0.0597649170086,0.211436986923,0.719250977039
546,0.726857960224,0.0598988281563,0.211872190237,0.720963358879
547,0.725561827421,0.0599482031539,0.228466868401,0.709351599216
548,0.720984086394,0.0604540593922,0.223031952977,0.727485001087
549,0.733504623175,0.0586424926296,0.220843732357,0.717800915241
550,0.729454144835,0.0582815380767,0.224112331867,0.724257349968
551,0.731909424067,0.0587893463671,0.213156074286,0.716339111328
552,0.731702446938,0.0575634110719,0.218888103962,0.724564731121
553,0.730699434876,0.0608594780788,0.216092601418,0.704122781754
554,0.721173986793,0.0602378798649,0.230873033404,0.736626684666
555,0.722269549966,0.0604332359508,0.2174680233,0.720775842667
556,0.721645027399,0.0613861540332,0.216416865587,0.733283877373
557,0.722673594952,0.0590578680858,0.225050911307,0.747028470039
558,0.73017346859,0.0599161321297,0.214935809374,0.712362885475
559,0.722298815846,0.0615076003596,0.204522967339,0.715227901936
560,0.71265822649,0.0624839263037,0.220373615623,0.754802286625
561,0.717207506299,0.0623386604711,0.21720251441,0.707530617714
562,0.720267012715,0.0604053270072,0.228419974446,0.769146502018
563,0.716812625527,0.0634495643899,0.226909533143,0.736650586128
564,0.717084959149,0.0626376513392,0.220485210419,0.732676684856
565,0.712827071548,0.0623968141153,0.231846153736,0.783447623253
566,0.718162223697,0.0625788271427,0.22981210053,0.75861531496
567,0.715402126312,0.0621528299525,0.246058091521,0.798513054848
568,0.715813413262,0.0620853714645,0.236362576485,0.757035136223
569,0.724485993385,0.0593903800473,0.232212305069,0.760986566544
570,0.72095836699,0.0607917457819,0.22979952395,0.756722271442
571,0.730216950178,0.0585344182327,0.231809660792,0.736282467842
572,0.7337166816,0.0574605707079,0.225319951773,0.757282614708
573,0.738359034061,0.0561403045431,0.229807540774,0.747088372707
574,0.74014171958,0.0558825908229,0.221637263894,0.751167953014
575,0.742591828108,0.0565465856344,0.22917971015,0.717804193497
576,0.735689222813,0.0571670690551,0.228777334094,0.745518147945
577,0.74014249444,0.0569057827815,0.209005326033,0.740744173527
578,0.736603051424,0.0579803893343,0.234100371599,0.742286920547
579,0.726929292083,0.059090513736,0.231097057462,0.772322535515
580,0.735953807831,0.0578547921032,0.218496009707,0.721603631973
581,0.733518481255,0.0582863688469,0.234236210585,0.776396036148
582,0.734444066882,0.0573698645458,0.222581073642,0.774457573891
583,0.739119872451,0.0565312635154,0.221243605018,0.744559109211
584,0.738884449005,0.0566891860217,0.224454894662,0.77267742157
585,0.734399065375,0.0579723743722,0.230397537351,0.763789951801
586,0.730392560363,0.0609445450827,0.234332486987,0.730912983418
587,0.723865643144,0.0600266046822,0.217580631375,0.75772947073
588,0.719412922859,0.0616370160133,0.251946508884,0.817425966263
589,0.717027276754,0.0622445642948,0.203527957201,0.750464081764
590,0.713943243027,0.0635036136955,0.245547682047,0.88330334425
591,0.711019679904,0.0634588375688,0.214121744037,0.768246471882
592,0.710464298725,0.0655473573133,0.242920011282,0.857903897762
593,0.715385600924,0.0620539197698,0.239077165723,0.793514788151
594,0.721323564649,0.0609010271728,0.243283629417,0.852533102036
595,0.716982260346,0.0623163860291,0.250430226326,0.957060039043
596,0.715622797608,0.0628753267229,0.242647856474,0.822297275066
597,0.717948198318,0.0607333919033,0.256834924221,0.998633086681
598,0.723321288824,0.0599822681397,0.249573647976,0.842415213585
599,0.734852358699,0.0573451044038,0.254673391581,0.867944717407
600,0.730973258615,0.0584453679621,0.245600342751,0.82406359911
601,0.74043700099,0.0568320117891,0.250951737165,0.852493584156
602,0.738734871149,0.0555080678314,0.242395341396,0.843157947063
603,0.7452455163,0.0551435034722,0.249155834317,0.839208066463
604,0.746568903327,0.0544124478474,0.236497625709,0.826557934284
605,0.751051023602,0.054340897128,0.244792744517,0.796575963497
606,0.751289665699,0.0542675703764,0.242207273841,0.825999498367
607,0.751414865255,0.0529037937522,0.246218219399,0.811098992825
608,0.756033882499,0.0528643745929,0.234791353345,0.799004137516
609,0.753349140286,0.0526578025892,0.241379320621,0.796032249928
610,0.758337512612,0.0515955407172,0.242732673883,0.829017400742
611,0.764243870974,0.0502987280488,0.236095875502,0.786916971207
612,0.764710381627,0.0500899534672,0.234064146876,0.791177868843
613,0.762178957462,0.0512678436935,0.238922998309,0.771566808224
614,0.767401695251,0.0503306649625,0.226831242442,0.762670099735
615,0.76574344933,0.0503451116383,0.242066219449,0.75374007225
616,0.763934969902,0.0502404291183,0.2335678339,0.773271203041
617,0.767106473446,0.0507709551603,0.227457150817,0.741967976093
618,0.763192489743,0.051907306537,0.23616451025,0.766331851482
619,0.758494049311,0.0518096564338,0.233935400844,0.770376324654
620,0.755721792579,0.0532634491101,0.230443790555,0.753604888916
621,0.750837355852,0.0545407105237,0.233145713806,0.783253312111
622,0.751149594784,0.0533256446943,0.23054651916,0.779763162136
623,0.754325419664,0.0525957904756,0.237531244755,0.789560735226
624,0.756604000926,0.0521766301244,0.224312528968,0.782808899879
625,0.758375674486,0.0521051306278,0.227919697762,0.748961865902
626,0.759205147624,0.0514813419431,0.220825210214,0.762807309628
627,0.757292822003,0.0530767664313,0.223355144262,0.743001937866
628,0.756506845355,0.0527064977214,0.227560281754,0.770371496677
629,0.750588640571,0.0538469543681,0.222325488925,0.747386872768
630,0.756223320961,0.0530427685007,0.222426071763,0.762130022049
631,0.748177856207,0.0541652981192,0.220035478473,0.805931091309
632,0.750702857971,0.0537663800642,0.22500950098,0.770572423935
633,0.750168055296,0.05401373934,0.22025758028,0.766389191151
634,0.751489296556,0.0534046227112,0.218144580722,0.794564306736
635,0.753327250481,0.0532620875165,0.229864507914,0.773824453354
636,0.752980649471,0.0530540253967,0.2190990448,0.770646691322
637,0.757082745433,0.0519441235811,0.215544715524,0.777183532715
638,0.761217221618,0.0511322561651,0.229165077209,0.788474798203
639,0.760774582624,0.0512371882796,0.216895744205,0.780321657658
640,0.760197028518,0.0516762509942,0.220501944423,0.792045712471
641,0.75736810267,0.0525485454127,0.213724672794,0.779079735279
642,0.756567150354,0.052928772755,0.216512605548,0.779102087021
643,0.753649905324,0.0540440967306,0.223105698824,0.792341291904
644,0.751588761806,0.0528708528727,0.215688943863,0.812322437763
645,0.755585089326,0.0528845200315,0.214250892401,0.801322638988
646,0.755686074495,0.0519863339141,0.218933448195,0.805663466454
647,0.760549381375,0.0514456108212,0.219042479992,0.804085433483
648,0.764838576317,0.0504041118547,0.217782363296,0.790456235409
649,0.76743248105,0.0492235794663,0.215844586492,0.810414135456
650,0.771389856935,0.0491252802312,0.220015853643,0.788639128208
651,0.767250269651,0.0498451637104,0.211034506559,0.80425286293
652,0.769913569093,0.0501579558477,0.211282789707,0.77974241972
653,0.762485936284,0.0516693908721,0.217574566603,0.793829977512
654,0.763794317842,0.0498575400561,0.229062542319,0.825957119465
655,0.769250199199,0.0502517521381,0.217469647527,0.778641700745
656,0.768883407116,0.0485629672185,0.221553578973,0.814982712269
657,0.765332713723,0.0505425035954,0.234318822622,0.81239926815
658,0.760568320751,0.0520091569051,0.225534826517,0.774371683598
659,0.764098361135,0.0512511283159,0.215150922537,0.806155025959
660,0.764370501041,0.0500932596624,0.23230856657,0.8387144804
661,0.766210779548,0.0500124590471,0.224785611033,0.801666378975
662,0.771249338984,0.0493906047195,0.218986093998,0.796007931232
