epoch,jaccard,loss,val_jaccard,val_loss
0,0.0768546303734,0.733645790815,0.0740352033172,14.7397637069
1,0.0733839450404,0.686308577657,0.0720974971191,7.29573203623
2,0.0738703524694,0.662948063016,0.0682732722489,0.620501123369
3,0.0758605355397,0.650995394588,0.0688611470396,0.621115482412
4,0.0761118894443,0.642515140772,0.0717726422008,0.601749175228
5,0.074827905558,0.645087537169,0.0702846916975,1.94510944001
6,0.0735683863983,0.634285536408,0.0658275389578,1.5981443245
7,0.075702553615,0.625084748864,0.0708934664726,1.1671458371
8,0.0766860938631,0.613738510013,0.071308797691,1.36000228487
9,0.0774301880971,0.604115182161,0.0755565951113,1.35940575879
10,0.0768347147852,0.598558598757,0.0747466724133,2.0498762615
11,0.0782841598615,0.5905510813,0.0741639531916,1.6923775468
12,0.0787064885721,0.582843199372,0.0757632449968,1.34714037925
13,0.0802604731172,0.573709821701,0.0792761327466,0.582460447215
14,0.0819905141369,0.566645267606,0.082157913479,0.660832536407
15,0.0799107171595,0.563781613111,0.0876935919514,0.558472182602
16,0.0787240825593,0.554150590301,0.0816075769253,0.514865526464
17,0.08166697938,0.546230122447,0.0858340620762,0.531455175951
18,0.0823519017547,0.540335828066,0.0841016010381,0.510042117443
19,0.0805178804323,0.534800720215,0.0821794483345,1.2964244131
20,0.0803949585184,0.531134736538,0.0714564617956,0.539712252095
21,0.0788714699447,0.524934220314,0.0820782370865,0.533218065277
22,0.0812398057431,0.516421201825,0.0848950283835,0.509433823638
23,0.0821416331455,0.509662218392,0.0821810266934,0.530722772703
24,0.0848262280226,0.503998143971,0.0800325756427,0.480785788037
25,0.081611482054,0.501337702572,0.0832540726988,0.470640212297
