epoch,jaccard,loss,val_jaccard,val_loss
0,0.100973231718,0.777066916227,0.123656101525,0.769199252129
1,0.0975346732885,0.621805950999,0.122836172581,0.754112124443
2,0.0958052705973,0.594114586711,0.121546015143,0.723744094372
3,0.0947321914136,0.577244415879,0.120617702603,0.702586293221
4,0.0941696837544,0.564190208912,0.119701229036,0.682546079159
5,0.0929141119123,0.551355659962,0.118774980307,0.663186490536
6,0.0929362177849,0.539255157113,0.117838017642,0.64467471838
7,0.0921197328717,0.527476906776,0.116897314787,0.627264678478
8,0.0915627218783,0.51606580615,0.115973882377,0.611114501953
9,0.0910067725927,0.505642101169,0.115032687783,0.596060037613
10,0.0907300468534,0.49576549232,0.114097326994,0.582164943218
11,0.089919263497,0.486608147621,0.113159224391,0.569351315498
12,0.088886782527,0.478368990123,0.112220898271,0.557524263859
13,0.0888663046062,0.470797225833,0.111284166574,0.546607255936
14,0.0882708579302,0.463649392128,0.110351853073,0.536623477936
15,0.0878184642643,0.457153894007,0.109415203333,0.527459204197
16,0.0865870006382,0.451077617705,0.108488932252,0.519078433514
17,0.0867057275027,0.445684216917,0.10756123811,0.511385858059
18,0.0860059149563,0.440619967878,0.106643669307,0.50431483984
19,0.0853874403983,0.435825631022,0.10573182255,0.497813403606
20,0.0847802683711,0.431262888014,0.104837246239,0.491935938597
21,0.0842027775943,0.427124217153,0.103953339159,0.486479997635
22,0.0830613672733,0.423373706639,0.103071406484,0.481472015381
23,0.0833585262299,0.419912703335,0.10220553726,0.476649224758
24,0.0827911607921,0.416442342103,0.101355679333,0.472152382135
25,0.0840487573296,0.412340700626,0.100494995713,0.467372626066
26,0.089719761163,0.408039003611,0.0995705723763,0.462153017521
27,0.0970629677176,0.399740971625,0.0985984131694,0.458740562201
28,0.107869351283,0.391459517181,0.097558863461,0.455791860819
29,0.113567179069,0.385581858456,0.0964410528541,0.452881276608
30,0.111676154658,0.384213782847,0.0953232422471,0.449983686209
31,0.114519676194,0.380071043968,0.0941730290651,0.446974158287
32,0.110358240083,0.379911832511,0.0930266231298,0.444070965052
33,0.114295493811,0.374526493251,0.0918737128377,0.441274881363
34,0.119300808758,0.370068483055,0.0906643867493,0.438460022211
35,0.12006932497,0.365937411785,0.0894687250257,0.435852944851
36,0.120488766581,0.363075569272,0.0882880166173,0.433455586433
37,0.124782247469,0.360489673913,0.0870969593525,0.431229352951
38,0.120690768585,0.357097372413,0.0859405398369,0.429334282875
39,0.128744682297,0.352604098618,0.0859543383121,0.427637398243
40,0.126116950065,0.350195139647,0.08396602422,0.426029771566
41,0.129547115415,0.348151646554,0.0853013470769,0.423345506191
42,0.126735435799,0.346185140312,0.0886977314949,0.421098649502
43,0.127707391977,0.343296013772,0.0806967243552,0.423228144646
44,0.132019933313,0.34187707305,0.0787487998605,0.42265099287
45,0.126814451069,0.340604588389,0.0773912146688,0.42253729701
46,0.133303124458,0.338422596455,0.0761950165033,0.422390729189
47,0.127838842571,0.338674858212,0.0755575597286,0.42216527462
48,0.13047802262,0.337691254914,0.0742550119758,0.422117084265
49,0.134451817721,0.33297291398,0.0742978677154,0.421993583441
50,0.128002582118,0.333156228065,0.0743664503098,0.420816719532
51,0.137617863715,0.329792626202,0.0784485638142,0.423610597849
52,0.1205007229,0.337003186345,0.0703085660934,0.423090279102
53,0.138907678425,0.328239217401,0.0722307041287,0.4317022264
54,0.12851896137,0.329446382821,0.0703466162086,0.438682287931
55,0.138226192445,0.325717806816,0.0711514502764,0.428318858147
56,0.137349532917,0.324749454856,0.0685220882297,0.423577338457
57,0.134303320199,0.322656214237,0.0685998499393,0.429733544588
58,0.142158180475,0.319698177278,0.0698748603463,0.429406523705
59,0.138726323843,0.320576012135,0.0782071053982,0.433165073395
60,0.136949341744,0.319348528981,0.0937951952219,0.424418389797
61,0.143962033093,0.314174391329,0.0933509096503,0.420583188534
62,0.144353616983,0.314722314477,0.0944324582815,0.41793641448
63,0.140264917165,0.314316645265,0.0937745720148,0.410790413618
64,0.143328230828,0.310882784426,0.0917004346848,0.412408381701
65,0.145896606147,0.31063657999,0.0938335210085,0.405088126659
66,0.148692928255,0.31022361666,0.0992846041918,0.402126282454
67,0.135664269328,0.31071677804,0.0883073285222,0.40142005682
68,0.146760698408,0.31276666373,0.0923987999558,0.401759177446
69,0.137110702693,0.310882337391,0.0853224247694,0.405412137508
70,0.142861094326,0.313837312162,0.0902694612741,0.406654417515
71,0.139016699046,0.31021565944,0.0895074680448,0.406751096249
72,0.136470619589,0.314187563956,0.0867887958884,0.412546724081
73,0.135371819139,0.311194188893,0.0986012220383,0.427502691746
74,0.140313006938,0.311727501452,0.0863676592708,0.435528576374
75,0.143471639603,0.308154806495,0.102485194802,0.401315003633
76,0.140124246478,0.306463129818,0.0819262117147,0.409728974104
77,0.152219254524,0.303345680237,0.0876913592219,0.407254964113
78,0.151977874339,0.302433811128,0.0894334837794,0.40802153945
79,0.14217999205,0.302062667906,0.0926384553313,0.401151418686
80,0.154837954789,0.302217334509,0.0970293954015,0.395086348057
81,0.1468055062,0.299427561462,0.0839511454105,0.401611536741
82,0.148182984442,0.2986953035,0.0920085310936,0.401201784611
83,0.158983808011,0.297056287527,0.0975258648396,0.396624684334
84,0.152593530715,0.296704344451,0.0970650464296,0.395909786224
85,0.152405347675,0.295833088458,0.10218244791,0.398171067238
86,0.153428483754,0.298442319036,0.0992595180869,0.3950111866
87,0.137901484966,0.30172913149,0.10176590085,0.395114451647
88,0.160535730422,0.297354370356,0.100241936743,0.396915018559
89,0.146333299577,0.295640327036,0.0899118855596,0.401279419661
90,0.1570764184,0.293348439038,0.10998249799,0.392187058926
91,0.14827132225,0.301226966083,0.0938145443797,0.396188557148
92,0.144596222788,0.298364326358,0.0987894609571,0.40016502142
93,0.158038981259,0.297569334507,0.0825960934162,0.406232386827
94,0.149076897651,0.295819543302,0.0818394199014,0.407056182623
95,0.15698402375,0.294807866216,0.0940870940685,0.391704767942
96,0.153674982488,0.293596588075,0.089676246047,0.39601418376
97,0.156850032508,0.292185947299,0.0935358777642,0.401849448681
98,0.15373679623,0.295935377479,0.105244904757,0.387023597956
99,0.151988510042,0.291278064251,0.121081195772,0.377940356731
100,0.159561466426,0.296458221972,0.116224139929,0.382365763187
101,0.146014679223,0.292286604643,0.102319054306,0.383380055428
102,0.157193373889,0.291975043714,0.100316040218,0.392305105925
103,0.16186131537,0.291235558689,0.110651545227,0.3912127316
104,0.153338994831,0.289815090597,0.100701548159,0.407366216183
105,0.161330174655,0.289055891335,0.0981498882174,0.397483110428
106,0.147732134908,0.294838469476,0.105902031064,0.389701753855
107,0.160897929221,0.288841217756,0.1290255934,0.385519623756
108,0.147736400366,0.295120444149,0.0974554046988,0.401067852974
109,0.159315694124,0.295817606151,0.126584932208,0.368267178535
110,0.150936026126,0.290180839598,0.10796380043,0.38805025816
111,0.154614556581,0.289229616523,0.101482100785,0.397430747747
112,0.164014022797,0.286744661629,0.109678767622,0.384747385979
113,0.158353645355,0.285969249904,0.117523685098,0.371050745249
114,0.166739035398,0.285336442292,0.104788973927,0.379547089338
115,0.168942835182,0.283157907426,0.112585835159,0.381339043379
116,0.160739928484,0.282939456403,0.102311775088,0.386741518974
117,0.171203996986,0.28298355639,0.11141268909,0.384502202272
118,0.164936002344,0.285305898637,0.10269177705,0.397877424955
119,0.156730014831,0.287401936948,0.101750306785,0.386131733656
120,0.158862542361,0.291360612959,0.115720495582,0.368537575006
121,0.157560631633,0.286214962602,0.125549763441,0.367871880531
122,0.158376511186,0.286208070815,0.113438218832,0.375471949577
123,0.170514885336,0.283819265664,0.142610043287,0.366850912571
124,0.160788215697,0.284864120185,0.140024930239,0.368163466454
125,0.163803558797,0.286014720798,0.141816988587,0.369640856981
126,0.155629266053,0.28849279508,0.141565233469,0.36837670207
127,0.172083206475,0.283163361251,0.115161471069,0.373299658298
128,0.166858389974,0.279667682946,0.122579403222,0.373141407967
129,0.172232616693,0.277774721384,0.107417069376,0.377566128969
130,0.177639573812,0.278443116695,0.110407263041,0.377169370651
131,0.170733492821,0.280126936734,0.117611683905,0.372519284487
132,0.167597927153,0.277334518731,0.102066203952,0.386325448751
133,0.17709601298,0.277969673276,0.123179592192,0.370693683624
134,0.166876748204,0.280180621892,0.111774206161,0.395640611649
135,0.16314643994,0.292017828673,0.094999589026,0.399664342403
136,0.14687974751,0.289401806891,0.0998258143663,0.393430560827
137,0.167769998312,0.282589577138,0.160243198276,0.359143555164
138,0.170226491988,0.281901575625,0.132819250226,0.361257076263
139,0.164913069457,0.284557171166,0.123808562756,0.365203738213
140,0.161355186254,0.281555816531,0.121838577092,0.367444425821
141,0.175783768296,0.277398265898,0.126993775368,0.368252545595
142,0.178719870746,0.279175911099,0.109236069024,0.37676346302
143,0.166763823479,0.275843508542,0.122564084828,0.365857869387
144,0.172557134181,0.278830189258,0.111735455692,0.373912245035
145,0.180457163602,0.274099592119,0.11721123755,0.370158076286
146,0.181228242815,0.27293138206,0.126036524773,0.363675624132
147,0.170377463102,0.273999650031,0.104265704751,0.385112792253
148,0.18303957954,0.272823195904,0.109172962606,0.377707272768
149,0.182862829417,0.272328197956,0.120325483382,0.370109319687
150,0.184299241751,0.270103700459,0.103401444852,0.383781939745
151,0.172539036721,0.27503701672,0.0971647500992,0.393517762423
152,0.18815048039,0.270682863891,0.10750695318,0.382759839296
153,0.170341026038,0.277209531516,0.0834074467421,0.406974643469
154,0.180935442448,0.274257779121,0.131445080042,0.370971798897
155,0.18161745742,0.274090543389,0.112234152853,0.375802367926
156,0.176096141338,0.271132111549,0.111765503883,0.38813906908
157,0.186196666211,0.277199868113,0.0879123136401,0.407433390617
158,0.16576295346,0.28017635271,0.101114235818,0.402954608202
159,0.167221743613,0.277783297002,0.156886100769,0.3641718328
160,0.182050120085,0.278119176626,0.101808190346,0.407012462616
161,0.171123415232,0.276701837778,0.140230342746,0.365162163973
162,0.183962117881,0.276287771761,0.146664038301,0.363820314407
163,0.179716169834,0.274503186345,0.151533842087,0.362772881985
164,0.175074882805,0.273237522691,0.15442070365,0.356801003218
165,0.191130179912,0.273535046726,0.132413744926,0.364075243473
166,0.185110017657,0.269263520837,0.147103667259,0.357315480709
167,0.186312031001,0.269574783742,0.142642423511,0.363951832056
168,0.1919798702,0.267905127257,0.124393448234,0.369274705648
169,0.194140508771,0.265618756413,0.130916580558,0.366446793079
170,0.189394261688,0.266049094498,0.129351735115,0.366508096457
171,0.195895697922,0.26731286943,0.131526440382,0.368213832378
172,0.191815283149,0.262307669967,0.122765943408,0.376515686512
173,0.18574751541,0.271192736924,0.11435251683,0.379703134298
174,0.195571634918,0.268291778862,0.147909894586,0.362118899822
175,0.190122906119,0.26744433865,0.124288909137,0.368534177542
176,0.182414196432,0.270339854062,0.133964344859,0.364169478416
177,0.201356865466,0.266852885485,0.135230079293,0.372605681419
178,0.18555880338,0.267965335399,0.138494759798,0.361215263605
179,0.190078932792,0.265362050384,0.139138609171,0.36580312252
180,0.205603290349,0.261471226811,0.13669899106,0.365664929152
181,0.199265796691,0.259681999683,0.1257417202,0.370555847883
182,0.204158570617,0.258758857846,0.124672904611,0.372721761465
183,0.20701026544,0.256984408945,0.120177693665,0.377176254988
184,0.202496897429,0.259638253599,0.11438241601,0.381514877081
185,0.203833404928,0.259403120726,0.112810052931,0.382017314434
186,0.213810112327,0.257708244026,0.117333218455,0.380697965622
187,0.191472854465,0.259080667049,0.121469289064,0.381087064743
188,0.209225986153,0.25767884776,0.132526397705,0.374945759773
189,0.208160135895,0.257630068809,0.122012153268,0.373913884163
190,0.200143568218,0.257616251707,0.122204460204,0.382704168558
191,0.206133387983,0.25994206965,0.119191922247,0.382200747728
192,0.20176397264,0.259867087007,0.128579810262,0.374868512154
193,0.20616036281,0.258597139269,0.153137847781,0.362253934145
194,0.200638677925,0.261576894671,0.12927043438,0.369477003813
195,0.204160377383,0.261817775667,0.127406522632,0.380168259144
196,0.19882003963,0.260287292302,0.130765661597,0.377761751413
197,0.206032752991,0.258944056928,0.135838925838,0.372353881598
198,0.215985409915,0.25694989413,0.123911999166,0.378485143185
199,0.204526301473,0.257286135107,0.119502745569,0.385803252459
200,0.209665924311,0.256900236011,0.112177588046,0.390325009823
201,0.212405886501,0.254472371191,0.128639951348,0.380119174719
202,0.211609985679,0.252767845988,0.132329031825,0.376882493496
203,0.2239719145,0.253710772842,0.120172336698,0.385569453239
204,0.201519113034,0.252041339874,0.12062908709,0.387897819281
205,0.22516900301,0.249217689037,0.128954052925,0.388581156731
206,0.208337396383,0.26010389626,0.142666473985,0.367003291845
207,0.210172560066,0.254040863365,0.126200839877,0.392817318439
208,0.211568322033,0.254194557667,0.158343836665,0.363669365644
209,0.216403730214,0.255224335939,0.129912719131,0.380676865578
210,0.212617512792,0.251272834837,0.153458848596,0.364514112473
211,0.219798132777,0.250953372568,0.146743103862,0.370951652527
212,0.214390348643,0.253425247967,0.143680810928,0.371306657791
213,0.224594205618,0.252174716443,0.138734996319,0.385263860226
214,0.212747812271,0.251524187624,0.113439902663,0.399556517601
215,0.211868200451,0.252053290606,0.143418744206,0.381429314613
216,0.222711071372,0.258174229413,0.141291245818,0.3732855618
217,0.207118138671,0.260872650892,0.164253264666,0.370241343975
218,0.205441746861,0.255251903087,0.118713095784,0.395860165358
219,0.210055612028,0.251857172698,0.160595759749,0.372312784195
220,0.230985995382,0.250708464533,0.152228042483,0.375840783119
221,0.215166822076,0.249710030854,0.130610898137,0.389160186052
222,0.225911449641,0.245817486197,0.132052019238,0.403493732214
223,0.235786959529,0.245429676026,0.140892833471,0.37914788723
224,0.224505037069,0.244217459112,0.130000695586,0.389746934175
225,0.235519882292,0.247842665762,0.146120995283,0.38224118948
226,0.226798247546,0.243451040238,0.112446188927,0.409878402948
227,0.226669106632,0.24491327256,0.143410742283,0.385159045458
228,0.216058228165,0.252444501966,0.140982076526,0.380673706532
229,0.233036696911,0.245370063931,0.142742708325,0.38524967432
230,0.229907784611,0.24410815537,0.11938547343,0.397243469954
231,0.2343695499,0.24299473688,0.140565499663,0.386333048344
232,0.227304831147,0.243695348501,0.136640936136,0.382450252771
233,0.238444786519,0.242115769535,0.141888856888,0.386782109737
234,0.220385342836,0.250871505588,0.119178652763,0.398661315441
235,0.225124172866,0.246634948999,0.143962547183,0.387662291527
236,0.22412424162,0.248317372054,0.14045663178,0.380244940519
237,0.228812590241,0.254122585058,0.136223167181,0.396447271109
238,0.21825876832,0.245914962143,0.116716817021,0.404862314463
239,0.222976155579,0.24667313695,0.135523602366,0.402169197798
240,0.23906410113,0.249314717948,0.1730222404,0.403864294291
241,0.217739060521,0.253340065479,0.130017876625,0.393925696611
242,0.224217176437,0.2474729307,0.149997800589,0.390933573246
243,0.219542704523,0.251074675471,0.159973993897,0.381685107946
244,0.237491033971,0.248797677457,0.163432851434,0.39116859436
245,0.234932761639,0.245255518705,0.130026236176,0.398050546646
246,0.214048217982,0.248467817903,0.164586871862,0.377534478903
247,0.232692997903,0.247596509755,0.165183633566,0.38507899642
248,0.244120310992,0.24090892449,0.154868245125,0.385035216808
249,0.237221460789,0.239819742739,0.138344585896,0.400598287582
250,0.241056635976,0.23955180496,0.160079911351,0.385572731495
251,0.250858444721,0.238068763167,0.126684561372,0.407576173544
252,0.237835194916,0.238377001137,0.148397892714,0.398248106241
253,0.246596612036,0.242476850748,0.165788590908,0.395677149296
254,0.240373220295,0.241626024246,0.128291115165,0.398150354624
255,0.230908609927,0.239463735372,0.141172379255,0.40616992116
256,0.256728768349,0.237791169435,0.13494323194,0.407328307629
257,0.238148089498,0.244862060994,0.147337704897,0.384631186724
258,0.236459504813,0.238032467663,0.136890828609,0.393708467484
259,0.247198231518,0.241407595575,0.14156126976,0.40208953619
260,0.24590760842,0.238811153919,0.109217979014,0.422040164471
261,0.239034876227,0.237794544548,0.161105290055,0.387060582638
262,0.246112119406,0.241836000234,0.143859833479,0.393835425377
263,0.245385255665,0.237469848245,0.143702194095,0.393977284431
264,0.249109268188,0.237265951931,0.130274653435,0.405597269535
265,0.253391813487,0.235685296357,0.142860710621,0.385347932577
266,0.249930728227,0.238074965775,0.143835708499,0.388041615486
267,0.24607565999,0.234298635274,0.144824683666,0.396237403154
268,0.262683220208,0.233342211694,0.136079221964,0.397309422493
269,0.242741946131,0.238227427006,0.151799336076,0.387115478516
270,0.253759168088,0.23571690172,0.154076218605,0.394193589687
271,0.25038658455,0.243612349033,0.149343311787,0.3800149858
272,0.23464653641,0.243026878685,0.153585165739,0.38836991787
273,0.252740334719,0.242097899318,0.14133566618,0.399686694145
274,0.238568782806,0.241190046072,0.133474588394,0.390953421593
275,0.245746444911,0.237669680268,0.158050388098,0.389395326376
276,0.254557058215,0.237780410796,0.152227252722,0.393271327019
277,0.261091984808,0.233649831265,0.14140021801,0.396481066942
278,0.258344721049,0.232752088457,0.145738705993,0.391053020954
279,0.254445821047,0.232439342886,0.15057630837,0.391207963228
280,0.267543911934,0.229249451309,0.145516395569,0.395590901375
281,0.261785004288,0.238483887166,0.118769273162,0.417703747749
282,0.247154038399,0.244532305747,0.160990267992,0.398705750704
283,0.235144983977,0.242566425353,0.129703506827,0.403056561947
284,0.249341290444,0.238796800375,0.155931398273,0.390065342188
285,0.250318396837,0.241604972631,0.137357607484,0.398524880409
286,0.253272973001,0.237711414695,0.146281525493,0.400987893343
287,0.255630731583,0.235501859337,0.149449110031,0.390436589718
288,0.25352210924,0.237826779485,0.148574084044,0.392803490162
289,0.258249148726,0.235833350569,0.140123009682,0.398232787848
290,0.266612432897,0.230020433664,0.146537572145,0.398556560278
291,0.274515241385,0.22839980945,0.139629095793,0.410708665848
292,0.268870517612,0.226863164455,0.146362558007,0.402682423592
293,0.268656939268,0.22837870568,0.156002938747,0.403521090746
294,0.270353384316,0.234265610576,0.142820551991,0.399524509907
295,0.240099247545,0.242417804897,0.149843677878,0.391906440258
296,0.267435781658,0.234903950244,0.149679407477,0.404029250145
297,0.263860117644,0.235790766776,0.115453250706,0.411972910166
298,0.246455263346,0.234777640551,0.104453451931,0.430413335562
299,0.261045195162,0.233164139092,0.148814365268,0.40143814683
300,0.270641483366,0.23124429211,0.122805200517,0.416086196899
301,0.263786934316,0.230455867946,0.12893460691,0.403913855553
302,0.266065344214,0.227825310081,0.120138078928,0.41968113184
303,0.262668989599,0.234983850271,0.141413941979,0.396573007107
304,0.271487019956,0.232336897403,0.153393775225,0.40533092618
305,0.272562734783,0.229397375137,0.105222195387,0.4346806705
306,0.235069777817,0.246823593974,0.132258161902,0.397827416658
307,0.260501481593,0.236162956804,0.12507545948,0.406961202621
308,0.261238001287,0.232623443007,0.123261205852,0.406526446342
309,0.262699395418,0.230841178447,0.122600235045,0.419489830732
310,0.276230603456,0.227526690811,0.11939599365,0.427273005247
311,0.261703208089,0.23772328347,0.140216007829,0.402532249689
312,0.265296429396,0.233963638544,0.116678595543,0.424149513245
313,0.266526892781,0.228733051568,0.127970054746,0.424505800009
314,0.278987526894,0.230553712696,0.134542554617,0.410178691149
315,0.269787482917,0.228126052767,0.133662596345,0.404722094536
316,0.265109121799,0.231426976621,0.136436238885,0.42182096839
317,0.277258887887,0.230325452983,0.125585466623,0.410900950432
318,0.274182997644,0.22345757857,0.104693286121,0.44274020195
319,0.28051250428,0.223079856485,0.132180809975,0.41826441884
320,0.286680243909,0.225297503173,0.136483579874,0.424550652504
321,0.284601569176,0.222729958594,0.115710876882,0.427836090326
322,0.28212403506,0.221513837576,0.120700605214,0.43095010519
323,0.285302773118,0.227130480111,0.128971040249,0.408416211605
324,0.279553219676,0.224071212113,0.122835196555,0.4304074049
325,0.283147349954,0.221586860716,0.133181273937,0.419912040234
326,0.280007004738,0.229016318917,0.129071682692,0.417192190886
327,0.28041908145,0.222645882517,0.117500625551,0.439303845167
328,0.286342673004,0.223560970277,0.129020228982,0.421696573496
329,0.287752084434,0.221507064998,0.120919749141,0.423835247755
330,0.285160884261,0.219922784716,0.143548831344,0.41050696373
331,0.287342056632,0.224439524114,0.141401976347,0.412261039019
332,0.292839437723,0.22086590156,0.127032890916,0.417275339365
333,0.28267044574,0.220679216087,0.13808824122,0.424870729446
334,0.291936688125,0.224913969636,0.10927195102,0.456119090319
335,0.266793124378,0.230851981789,0.133511096239,0.425725549459
336,0.259804844856,0.238001238555,0.146419554949,0.41889667511
337,0.266204841435,0.235750116408,0.141859933734,0.409893959761
338,0.264363899827,0.233908448368,0.14532122016,0.423967570066
339,0.273035831749,0.230895806104,0.141956120729,0.421405106783
340,0.27762286365,0.227222230285,0.143027678132,0.421206235886
341,0.274454012513,0.236635569483,0.153315380216,0.425233244896
342,0.263048164546,0.236318837851,0.128160223365,0.418588250875
343,0.268525213003,0.228153090924,0.142397508025,0.419715255499
344,0.281334675848,0.226242508739,0.15422783792,0.426628798246
345,0.287818700075,0.227068655193,0.157053738832,0.412497460842
346,0.282572478056,0.22299073264,0.151998341084,0.422125726938
347,0.290865540504,0.227598104626,0.153334662318,0.416878461838
348,0.29034088552,0.219950508326,0.133707791567,0.423419862986
349,0.29339004308,0.21773865819,0.143168032169,0.43010032177
350,0.303103633225,0.219508595765,0.14721404016,0.411606729031
351,0.29803019762,0.217403501272,0.140533104539,0.429592549801
352,0.302001334727,0.216625008732,0.135407596827,0.422736436129
353,0.300035409629,0.216330554336,0.133131146431,0.433189809322
354,0.308503650129,0.214434973896,0.129102945328,0.437733381987
355,0.312344938517,0.210988979787,0.144406199455,0.421221077442
356,0.306182786822,0.215430181473,0.13336636126,0.439342021942
357,0.292341642082,0.223840147257,0.150954604149,0.412717401981
358,0.281159631908,0.225653726608,0.155131787062,0.425049066544
359,0.291467398405,0.223536625504,0.146069616079,0.415290772915
360,0.278325416148,0.234164074063,0.147999122739,0.413565635681
361,0.263935215771,0.229363393039,0.160963982344,0.43849593401
362,0.293375790119,0.227472253144,0.140375167131,0.444774717093
363,0.283801876009,0.226304978132,0.145533114672,0.41305616498
364,0.278418920934,0.224966965616,0.151727765799,0.430058896542
365,0.299690082669,0.221395138651,0.118812292814,0.456914573908
366,0.287766128778,0.22858536616,0.151768386364,0.415349543095
367,0.284318476915,0.220659278333,0.145466193557,0.434714019299
368,0.303229577839,0.219187613577,0.143297806382,0.429013609886
369,0.299051448703,0.219742227346,0.164375200868,0.425659030676
370,0.29741807282,0.21981344372,0.144059434533,0.43706253171
371,0.302937068045,0.216909721494,0.157906904817,0.41955986619
372,0.292978361249,0.218382366002,0.151255145669,0.429371744394
373,0.30988111347,0.214138090611,0.164145380259,0.438935577869
374,0.317722372711,0.212893176824,0.148109927773,0.43043088913
375,0.308208741248,0.211407717317,0.148327574134,0.433888703585
376,0.309012450278,0.216645948589,0.139185577631,0.446104705334
377,0.307368829846,0.215365875512,0.142209723592,0.419154107571
378,0.29966853559,0.212163999677,0.142884641886,0.438642531633
379,0.323717311025,0.212366927415,0.135496243834,0.431413680315
380,0.317293100059,0.210442580283,0.128104314208,0.437954515219
381,0.30908908695,0.211251467466,0.132249206305,0.429774016142
382,0.318467013538,0.207113444805,0.13374915719,0.445154696703
383,0.321587719023,0.211760912091,0.136972948909,0.431233882904
384,0.313839040697,0.213324550539,0.136539191008,0.429204136133
385,0.315450228751,0.210128471255,0.129457041621,0.445193886757
386,0.312082752585,0.217483114451,0.155997440219,0.416590303183
387,0.299536086619,0.215304255486,0.137349575758,0.439365923405
388,0.312949344516,0.213711027056,0.144251137972,0.429612517357
389,0.290709555149,0.227438528091,0.160200744867,0.433044046164
390,0.304639331996,0.215249791741,0.153939634562,0.431836515665
391,0.309841603041,0.215492807329,0.157360583544,0.429714590311
392,0.298436246812,0.216020908207,0.148673206568,0.4355455935
393,0.315712720156,0.213783271611,0.15044260025,0.448921263218
394,0.310217149556,0.221115667373,0.160016551614,0.419833749533
395,0.306473948061,0.210255447775,0.154697030783,0.430347293615
396,0.323496043682,0.207860257477,0.146914467216,0.437713474035
397,0.324608594179,0.208393625915,0.152477860451,0.431295096874
398,0.318530336022,0.212490275502,0.148084640503,0.427316695452
399,0.316627413034,0.20971275866,0.161039099097,0.432453036308
400,0.316929161549,0.212690256536,0.16015163064,0.428498268127
401,0.306573666632,0.217484790832,0.157309055328,0.427003383636
402,0.30763630569,0.212591305375,0.162263840437,0.428056836128
403,0.314938791096,0.218117058277,0.159614518285,0.42740932107
404,0.310971140862,0.213270753622,0.164389044046,0.433113455772
405,0.318266972899,0.210867743939,0.140107542276,0.453369021416
406,0.31934837997,0.209071334451,0.151540011168,0.441760331392
407,0.320914834738,0.209637556225,0.155626609921,0.445172637701
408,0.328152254224,0.206468399614,0.145768225193,0.444153815508
409,0.318730294704,0.213058724999,0.164544433355,0.43247500062
410,0.31263127923,0.213005084544,0.1586676687,0.448314517736
411,0.322609715164,0.215154364705,0.157564371824,0.441878855228
412,0.320572391152,0.210359491408,0.144298031926,0.438301086426
413,0.309132069349,0.211350675672,0.146821424365,0.433110773563
414,0.316866904497,0.208621110767,0.154639095068,0.435025691986
415,0.332400597632,0.205244623125,0.153475746512,0.433919280767
416,0.329383209348,0.20610037446,0.155033916235,0.430436104536
417,0.316273994744,0.221233192831,0.166412502527,0.413878440857
418,0.299754373729,0.215426236391,0.161433309317,0.445845872164
419,0.304223529994,0.220672234893,0.179255262017,0.44376245141
420,0.314503073692,0.213825419545,0.157162278891,0.449532449245
421,0.311033949256,0.211941063404,0.173404365778,0.442091315985
422,0.319539502263,0.210471913218,0.163276165724,0.454390674829
423,0.329472698271,0.205965552479,0.165924996138,0.457190155983
424,0.332119494677,0.205580767244,0.155432477593,0.454216271639
425,0.337196178734,0.203550241888,0.15458445251,0.466768145561
426,0.329130075872,0.207702130079,0.157865509391,0.447445750237
427,0.332069270313,0.20329497382,0.160282880068,0.457893908024
428,0.333471976221,0.212119519711,0.154264673591,0.442662298679
429,0.315766118467,0.208408523351,0.149447605014,0.451052248478
430,0.329643085599,0.20578012988,0.14392618835,0.467730283737
431,0.33641179651,0.207278653979,0.137353613973,0.459674835205
432,0.321095064282,0.20841107145,0.15552790463,0.442401736975
433,0.332092732191,0.203627333045,0.144364237785,0.461404234171
434,0.342758558691,0.203952390701,0.150324001908,0.443683445454
435,0.333866946399,0.201843753457,0.132511243224,0.466120511293
436,0.328006230295,0.207390960306,0.163233101368,0.438093721867
437,0.329642914236,0.207405786961,0.145788282156,0.473043709993
438,0.324165463448,0.213963840157,0.149867147207,0.436454832554
439,0.311193980277,0.210740383714,0.17077319324,0.44439214468
440,0.326773568988,0.21116052568,0.152752816677,0.45634034276
441,0.335417710245,0.205537863076,0.153058558702,0.443645894527
442,0.316968649626,0.210201494396,0.151429072022,0.437676042318
443,0.314608879387,0.210927095264,0.151015296578,0.459347248077
444,0.332226760685,0.208075176924,0.158429190516,0.454129695892
445,0.346972472966,0.200737129897,0.142297893763,0.460435122252
446,0.330390423536,0.212126795202,0.156935632229,0.433847039938
447,0.320553660393,0.205933317542,0.156543076038,0.459067642689
448,0.337417937815,0.205485664308,0.152602389455,0.455876767635
449,0.335843674839,0.206565968692,0.157625928521,0.444587916136
450,0.306415326893,0.221875514835,0.177712514997,0.466364711523
451,0.312905684114,0.215102735907,0.166470810771,0.452378511429
452,0.325091414154,0.209381811321,0.173032671213,0.458359062672
453,0.323636360466,0.206903763115,0.16057780385,0.455946713686
454,0.332899883389,0.205360714346,0.163679286838,0.465442806482
455,0.338480755687,0.203561730683,0.176060423255,0.46720328927
456,0.345458731055,0.202856067568,0.148247212172,0.469223380089
457,0.336872674525,0.203754145652,0.152382433414,0.455470651388
458,0.336033560336,0.200861435384,0.155080884695,0.4583157897
459,0.345370188355,0.20182832703,0.164447426796,0.460489422083
460,0.336770102382,0.204393465072,0.159817948937,0.446152031422
461,0.327677443624,0.208798784763,0.162771388888,0.446703583002
462,0.33063865453,0.207135040313,0.154261574149,0.457957923412
463,0.336350426078,0.208715710789,0.16128462553,0.437374383211
464,0.330692827702,0.204798229039,0.167037814856,0.446165382862
465,0.330883294344,0.206325154752,0.170536950231,0.451945751905
466,0.32380772382,0.213875167072,0.167225837708,0.459513157606
467,0.330027230084,0.206684309989,0.161303415895,0.450942069292
468,0.333599850535,0.204243265092,0.155123010278,0.45689034462
469,0.339237198234,0.201589792967,0.172273173928,0.452104508877
470,0.345887310803,0.202662490308,0.173066169024,0.461294174194
471,0.347629122436,0.200705166906,0.164521336555,0.448289126158
472,0.3425790295,0.198974434286,0.151596441865,0.466020703316
473,0.347758747637,0.200340930372,0.155864134431,0.45567470789
474,0.351080611348,0.199478965253,0.162953525782,0.460530757904
475,0.352907769382,0.196739014238,0.152051016688,0.457241356373
476,0.35286577791,0.197572521865,0.145802766085,0.463671714067
477,0.345113754272,0.20080652833,0.171221077442,0.448979318142
478,0.349967613816,0.19835389033,0.16311429441,0.463402658701
479,0.353986337781,0.200671624392,0.161358714104,0.457561433315
480,0.348923139274,0.198429320008,0.161224797368,0.447304904461
481,0.345999777317,0.195872485638,0.154952645302,0.463755249977
482,0.358817443252,0.195780463517,0.161347731948,0.461507916451
483,0.354493401945,0.202040299773,0.144487008452,0.460811942816
484,0.335778482258,0.202517341822,0.164161533117,0.452577739954
485,0.342173278332,0.203454829752,0.149582862854,0.463662713766
486,0.33440734446,0.209470957518,0.172248885036,0.461756378412
487,0.321415022016,0.212901443243,0.155443802476,0.451040327549
488,0.316444166005,0.210835617036,0.181578144431,0.459727346897
489,0.338489726186,0.203452158719,0.172372460365,0.469759821892
490,0.349177196622,0.202530171722,0.15889531374,0.4632358253
491,0.347052969038,0.198016166687,0.165810868144,0.461720645428
492,0.355325467885,0.196333546191,0.1582993716,0.478112816811
493,0.359592668712,0.195179104805,0.156090140343,0.466671437025
494,0.355733297765,0.197720114142,0.169939637184,0.454430133104
495,0.364668391645,0.192189890891,0.169034451246,0.467877775431
496,0.363240674138,0.199196711183,0.169521525502,0.451647937298
497,0.346592500806,0.19742718339,0.136419281363,0.479870378971
498,0.348834991455,0.200773406774,0.172397270799,0.45990473032
499,0.352945894003,0.196427226067,0.156513601542,0.476070255041
500,0.351420938969,0.203078445047,0.155330434442,0.461796939373
501,0.342697933316,0.200191941112,0.168044775724,0.459445238113
502,0.344948261976,0.200715322047,0.162182107568,0.482704252005
503,0.345636561513,0.203051328659,0.161103606224,0.475841999054
504,0.340992227197,0.203389551491,0.181977301836,0.463504016399
505,0.343601047993,0.201648909599,0.158195570111,0.470417648554
506,0.346968710423,0.201757669449,0.179019808769,0.475340634584
507,0.356308825314,0.197758115828,0.166027158499,0.475243389606
508,0.357512816787,0.19554965198,0.168135806918,0.462536841631
509,0.344259262085,0.204606410116,0.172215983272,0.459382563829
510,0.355172969401,0.19734384492,0.176424071193,0.478768795729
511,0.349136307836,0.20824835822,0.163787558675,0.4528208673
512,0.328232742846,0.204340413213,0.173519566655,0.463537245989
513,0.332540847361,0.208126533777,0.172083213925,0.46734559536
514,0.352431155741,0.202588103712,0.154343172908,0.471871435642
515,0.343150630593,0.20563519001,0.166233673692,0.450521171093
516,0.332460299134,0.206100214273,0.16964790225,0.472966641188
517,0.347623281181,0.201884876937,0.163667231798,0.466960072517
518,0.353184528649,0.199118632823,0.155882656574,0.476859927177
519,0.340680323541,0.20420544222,0.167511239648,0.461903184652
520,0.334800451994,0.208189025521,0.180677711964,0.488481193781
521,0.336748078465,0.212168019265,0.177721142769,0.477407425642
522,0.321139223874,0.211959835142,0.177127331495,0.468353509903
523,0.320817820728,0.21483624354,0.17978964746,0.478110969067
524,0.337448649108,0.206066351384,0.180191084743,0.485047698021
525,0.344218574464,0.202861100435,0.172549068928,0.490623742342
526,0.34533008188,0.202698137611,0.172818139195,0.468528062105
527,0.348989233375,0.197072792798,0.165600270033,0.482672631741
528,0.357802264392,0.200547859073,0.161786407232,0.483940631151
529,0.338748082519,0.211522247642,0.16549269855,0.461021959782
530,0.332026608288,0.204895522445,0.169400438666,0.465739756823
531,0.355189181864,0.195265833288,0.16881082952,0.479967951775
532,0.369658537209,0.195679426193,0.171384602785,0.467887550592
533,0.370455011725,0.191416494548,0.156524240971,0.464432150126
534,0.368379332125,0.189414281398,0.150697305799,0.476488828659
535,0.380540445447,0.187400348485,0.15901465714,0.472910404205
536,0.378322958946,0.187992244959,0.151499390602,0.479075849056
537,0.380578644574,0.188178621233,0.150609880686,0.470135182142
538,0.378642134368,0.188138201833,0.165323540568,0.464141428471
539,0.376042604446,0.189419828355,0.15933033824,0.468903124332
540,0.369093075395,0.190679050982,0.149098157883,0.478900253773
541,0.365074373782,0.194243837148,0.161215439439,0.469130694866
542,0.369225695729,0.194577082992,0.159481242299,0.472322970629
543,0.368493705988,0.190232474357,0.1581851542,0.477383255959
544,0.359303623438,0.201996896416,0.164071217179,0.465250134468
545,0.343566723168,0.203076284379,0.156554237008,0.461992502213
546,0.346229478717,0.197192981839,0.17139737308,0.478142052889
547,0.355255320668,0.201516099274,0.164364516735,0.479350596666
548,0.36094712466,0.199385244399,0.152598574758,0.460865795612
549,0.353447802365,0.1937276721,0.163140520453,0.459029644728
550,0.340115621686,0.208115190268,0.177256926894,0.4673191607
551,0.340937197208,0.200555935502,0.166222527623,0.477079898119
552,0.368685670197,0.193580780178,0.164655759931,0.486437350512
553,0.369642838836,0.194270402193,0.170475870371,0.459304571152
554,0.359155885875,0.196740224957,0.150238662958,0.475788444281
555,0.361834816635,0.191764775664,0.158867225051,0.469785779715
556,0.362105228007,0.19486123696,0.16548679769,0.473665237427
557,0.373066090047,0.191571261734,0.159442663193,0.477582335472
558,0.379081360996,0.189917221665,0.154922649264,0.477432519197
559,0.375376425683,0.189442358911,0.169423520565,0.462998718023
560,0.364618621767,0.196535337716,0.163902297616,0.480578809977
561,0.342841997743,0.207830887288,0.174681454897,0.454945087433
562,0.342888064682,0.199370164424,0.157351687551,0.466501802206
563,0.353393785655,0.197125695646,0.172196790576,0.469534128904
564,0.364727005363,0.194965038449,0.16528108716,0.470401018858
565,0.36308068037,0.194284036756,0.160522818565,0.466207623482
566,0.34916767478,0.203256454319,0.165802776814,0.475168883801
567,0.355515606701,0.199876438826,0.159385770559,0.467753708363
568,0.355293735862,0.194802094251,0.164685413241,0.462438285351
569,0.368669509888,0.191968463361,0.15424144268,0.483236700296
570,0.383742243052,0.188283290714,0.1576320678,0.478374511003
571,0.373203150928,0.192002948374,0.153735101223,0.473595827818
572,0.367323979735,0.195861782879,0.156585246325,0.46585804224
573,0.368265070021,0.191317461431,0.171496137977,0.468458294868
574,0.367017567158,0.199683833867,0.174932196736,0.470051944256
575,0.344398610294,0.209000267088,0.167120158672,0.478671431541
576,0.337044849992,0.205547522753,0.168444812298,0.495134353638
577,0.350512832403,0.198913406581,0.151015877724,0.50135833025
578,0.34878166765,0.199566394091,0.180996015668,0.480935961008
579,0.352260798216,0.199328351766,0.167803004384,0.487716794014
580,0.358848720789,0.201776750386,0.172377258539,0.484596610069
581,0.361305817962,0.194169826806,0.168169051409,0.481328845024
582,0.372418090701,0.191922344267,0.171539455652,0.476761579514
583,0.374135196209,0.189479161054,0.161202594638,0.484941989183
584,0.370510421693,0.195562779903,0.171213850379,0.477334022522
585,0.368907123804,0.19192584604,0.162460610271,0.495829969645
586,0.384604886174,0.189977712929,0.173352330923,0.481009244919
587,0.379399031401,0.189346529543,0.158666193485,0.479747742414
588,0.377682507038,0.185690820217,0.165090978146,0.475881516933
589,0.390129208565,0.184219494462,0.156335115433,0.498834937811
590,0.391144238412,0.190437920392,0.156899794936,0.477988094091
591,0.377133473754,0.190300483257,0.17145369947,0.47486487031
592,0.378609485924,0.187455628067,0.161197334528,0.476658403873
593,0.373782925308,0.195417966694,0.170514985919,0.474768966436
594,0.372973233461,0.191869292408,0.169287919998,0.473501801491
595,0.374967254698,0.186883937567,0.157238528132,0.495893806219
596,0.378655821085,0.195121303201,0.155986681581,0.479540735483
597,0.359390042722,0.198154680431,0.174159795046,0.485334873199
598,0.358832962811,0.194996710867,0.168869450688,0.47755587101
599,0.364725731313,0.198488593102,0.172878146172,0.471190780401
600,0.366955384612,0.192364014685,0.170577704906,0.486219674349
601,0.364346556365,0.195338208228,0.170456722379,0.480765402317
602,0.354326710105,0.204411465675,0.174371808767,0.477842330933
603,0.364655338228,0.194968346506,0.164603084326,0.486700177193
604,0.369482681155,0.196724243462,0.179084450006,0.47765570879
605,0.371125996113,0.190464835614,0.17295101285,0.481602042913
606,0.373699508607,0.191193994135,0.170852825046,0.487887710333
607,0.379210330546,0.189871553332,0.175163835287,0.479848921299
608,0.378738485277,0.188419423997,0.16628664732,0.489445328712
609,0.388120383024,0.186128869653,0.167808264494,0.491802066565
610,0.389393918216,0.184642247856,0.164858534932,0.48972004652
611,0.388707920909,0.185418382287,0.169102922082,0.480804294348
612,0.379452981055,0.189810406417,0.161676585674,0.494689136744
613,0.379295356572,0.190783746541,0.151319757104,0.504318416119
614,0.373826190829,0.19616060704,0.183031767607,0.489749252796
615,0.361925274134,0.193298436701,0.157817110419,0.502973735332
616,0.35874247551,0.201348822564,0.173851639032,0.494639098644
617,0.362268507481,0.19527432695,0.177725747228,0.495491623878
618,0.35801871866,0.198541667312,0.172810137272,0.497760385275
619,0.367206536233,0.194132238626,0.174130171537,0.499438047409
620,0.363558791578,0.193794362247,0.158097967505,0.51227670908
621,0.371875740588,0.190755415708,0.160807356238,0.507425367832
622,0.377657078207,0.192715588957,0.173867627978,0.489514142275
623,0.372500374913,0.191680114716,0.162087887526,0.502563357353
624,0.367411822081,0.196369986981,0.168354973197,0.483583897352
