epoch,jaccard,loss
0,0.0461159281433,0.789949262142
1,0.0489931948483,0.764295828342
2,0.0464294906706,0.72733066082
3,0.0449175186455,0.702924096584
4,0.0447989456356,0.697676610947
5,0.0447894260287,0.691499090195
6,0.0449667058885,0.686447548866
7,0.0447248831391,0.684316802025
8,0.044699825719,0.678894066811
9,0.0447391740978,0.676065433025
10,0.0445168029517,0.671548271179
11,0.0447643980384,0.669403016567
12,0.0448661386967,0.665770256519
13,0.0444850962609,0.663435781002
14,0.0445407614112,0.661021506786
15,0.0450570400804,0.66567838192
16,0.0450038254261,0.656085574627
17,0.0448599860072,0.657599079609
18,0.0447844050825,0.65143891573
19,0.0447156779468,0.64954508543
20,0.0446750953794,0.647392261028
21,0.0453996241093,0.646653866768
22,0.0451480172575,0.642075204849
23,0.0456235326827,0.640098369122
24,0.045384054631,0.637679862976
25,0.0455603510141,0.635027778149
26,0.0458379164338,0.632022237778
27,0.0457452267408,0.630435955524
28,0.0453116551042,0.627976858616
29,0.0456256620586,0.625803732872
30,0.046488333866,0.623231840134
31,0.0466404825449,0.621263062954
32,0.0463369943202,0.619268512726
33,0.0470978431404,0.61727656126
34,0.0464966904372,0.614752399921
35,0.0463968183845,0.613256776333
36,0.0466063994914,0.610220551491
37,0.0469223976135,0.608534514904
38,0.047070858255,0.606971335411
39,0.047024827823,0.604490911961
40,0.0472004879266,0.602209770679
41,0.0480663515627,0.60010279417
42,0.0484170548618,0.597880089283
43,0.0482645459473,0.595655822754
44,0.0471784230322,0.594423639774
