epoch,jaccard,loss,val_jaccard,val_loss
0,0.0237659118305,0.788773817512,0.0193972560501,0.768755222671
1,0.0251088066887,0.754638068951,0.0165751025829,0.744621318765
2,0.0230041869696,0.732540746148,0.0155079117822,0.725727768615
3,0.0228120858635,0.719032239455,0.0155558459674,0.712085426785
4,0.0225646192386,0.70925186116,0.0156091994081,0.703052937984
5,0.0224181173428,0.705288547736,0.0157078250763,0.700735943392
6,0.0225097723486,0.701717674732,0.0156707091633,0.699758778326
7,0.022523596791,0.698465160452,0.0156859154245,0.697734329849
8,0.0228781047727,0.696451438161,0.01575799904,0.698878083378
9,0.0226310532191,0.696616847928,0.0156335218703,0.692924889736
10,0.022508074042,0.694460817255,0.0156646449341,0.69433744438
11,0.0225758068259,0.69289926153,0.0157137325245,0.690296803601
12,0.0228674462728,0.69125415614,0.0157065026378,0.690043527633
13,0.0226960861904,0.691475053246,0.015727675725,0.689740705304
14,0.0227882381493,0.689224107907,0.0157229570318,0.688772793859
15,0.0227363926977,0.688559559675,0.0157554729985,0.687350371853
16,0.0228174084026,0.687992436381,0.0157941269449,0.686592563987
17,0.0228190864629,0.687263431457,0.015746053693,0.686193216592
18,0.0228774284008,0.687274795312,0.0157883408938,0.685811326839
19,0.0227770458652,0.686094508721,0.015784143146,0.684975398704
20,0.0227238211458,0.685548108358,0.0157466623382,0.684894531965
21,0.0230113208289,0.685247815572,0.015800724279,0.684914199635
22,0.0229559777463,0.684606745839,0.0158024949915,0.684122306295
23,0.0226874172395,0.684942535483,0.0157978166872,0.685187881812
24,0.0230672392322,0.684934200003,0.0157997316919,0.683384379372
25,0.0227627943829,0.683456635246,0.0158052575234,0.682789052837
26,0.0229660455258,0.683671474457,0.0158050025607,0.683213265613
27,0.0226019000631,0.683330463675,0.0158001881314,0.682235939428
28,0.0230681107528,0.682532810248,0.0158590983401,0.681944682263
29,0.0229601527629,0.682854490784,0.0158701350279,0.681877059862
30,0.0230879436311,0.682331046233,0.0158133777627,0.681248761714
31,0.0229080227248,0.681496027571,0.0158910498762,0.680826896802
32,0.0232289793848,0.68058230556,0.0159053273151,0.680568537675
33,0.0228682462654,0.680220825168,0.0158669807588,0.680154150352
34,0.0230486097328,0.680618479848,0.0157857934619,0.679991045035
35,0.0231373112597,0.67973413605,0.0159713261914,0.67977880314
36,0.0231010378758,0.67983145668,0.0158324484446,0.679307131097
37,0.0233161980033,0.679007683809,0.0159170050424,0.678794843145
38,0.0229832654556,0.679986073421,0.0158455460546,0.680302763358
39,0.0232245636644,0.679237102087,0.0158943429137,0.67880566977
40,0.0228250578408,0.67868694663,0.0158569053319,0.678268591873
41,0.0231063247462,0.67831246211,0.0159492878333,0.678092037328
42,0.0230324631056,0.678453789308,0.0159193729951,0.677520825528
43,0.0232666353795,0.678161166035,0.0158006154375,0.677380496636
44,0.0232276615586,0.67765923876,0.0159273125628,0.677045539021
45,0.0230594628735,0.677251265599,0.0159243425428,0.676775033586
46,0.0231954459075,0.676938651846,0.0159472401706,0.676630523056
47,0.0232511809319,0.67635451945,0.0160238528856,0.676246590912
48,0.0235081035003,0.676722546036,0.015982507728,0.676515721716
49,0.0232370933399,0.675896510482,0.016020993754,0.676004766487
50,0.0232842100737,0.67575062926,0.0159861334141,0.675732058473
51,0.0232902661772,0.675149139303,0.0160438235089,0.675315317698
52,0.0236726874965,0.675043938252,0.0160929263984,0.675227040425
53,0.023556786,0.6747862284,0.0161223370501,0.674992240034
54,0.0237083889599,0.674261449621,0.0160452356263,0.674694601446
55,0.0231524687118,0.67481279717,0.0160092261099,0.674571621232
56,0.0230561734345,0.674250067427,0.0160518988851,0.674319069833
57,0.02351016997,0.673714174674,0.0161032104347,0.673974666744
58,0.0234394707738,0.673244045331,0.0161677764409,0.673754641786
59,0.0237661758292,0.673293477068,0.0161399542872,0.673528958112
60,0.0236664270333,0.673121133676,0.0161487523596,0.673390680924
61,0.0235920271627,0.672827630089,0.0162151242293,0.673056503758
62,0.023932866934,0.672260698218,0.0161210418,0.673285919242
63,0.0234501838355,0.672594713477,0.0161175140206,0.672889427282
64,0.0237948629689,0.671883553267,0.0161656083587,0.672505987808
65,0.0235141117477,0.672013948743,0.0161910123065,0.672461451031
66,0.0233698528127,0.672053208718,0.0161271877132,0.672140284441
67,0.0234883796444,0.671589712684,0.0161639319695,0.672091746703
68,0.0235543095187,0.671221924516,0.0162065018303,0.671610560268
69,0.0237985904862,0.67050699775,0.0162498881573,0.67150904052
70,0.0238779149647,0.670431806491,0.0162683855579,0.67117848061
71,0.0234836694734,0.67068390319,0.0162690969182,0.671156706288
72,0.0234725767392,0.670174281184,0.0162691837368,0.670695900917
73,0.0237764880913,0.670020156182,0.016334461016,0.670633849688
74,0.023779013187,0.670094919892,0.0161933465124,0.67030562181
75,0.0235263243788,0.669932941978,0.0162914673656,0.670327603817
76,0.0239626560923,0.669228001283,0.0162256694725,0.67001518514
77,0.0236955291941,0.669071043913,0.0162923116054,0.669659447856
78,0.0240006638901,0.668866627491,0.0161780852709,0.669757011347
79,0.0234408896048,0.668777300761,0.0162328692936,0.669292443432
80,0.0238149746387,0.668391296497,0.0163297742874,0.668984953314
81,0.0238889720282,0.668223303098,0.0163035743526,0.668834993616
82,0.0238621689305,0.667800224744,0.0162557717008,0.668484118767
83,0.0235241689989,0.667873606086,0.0163338450161,0.668383170851
84,0.0238389627059,0.667472462241,0.01633081605,0.668033363298
85,0.0237572305962,0.667131639444,0.0163680894179,0.667823826894
86,0.0237823617753,0.667083444504,0.016422510188,0.667719381861
87,0.0238202527445,0.666779989233,0.0163647542076,0.667492621578
88,0.0240916096433,0.666524378153,0.0164772941785,0.667369979434
89,0.0240340703327,0.666700772368,0.0163267319977,0.667052974924
90,0.0241509291342,0.666264644036,0.0163327848741,0.66697794199
91,0.0238302971519,0.666355146812,0.0163919677748,0.666939689778
92,0.0242010338873,0.665518851234,0.0165045437793,0.666627230123
93,0.0244932830067,0.665127311762,0.0165500560488,0.666266575456
94,0.0240801700798,0.66523083586,0.0164951784423,0.666002861224
95,0.0243389559855,0.664593857068,0.0165147480525,0.665859607048
96,0.0237143972783,0.665141212252,0.0164578827171,0.665577677079
97,0.0242398216702,0.664460056103,0.0165381873398,0.665398549289
98,0.0243133448137,0.66468923367,0.0166581304206,0.665385901928
99,0.0244437616796,0.664091013945,0.0165660768744,0.66511880327
100,0.0242715598566,0.663866618505,0.0166706038844,0.664869177155
101,0.02441883448,0.663543176193,0.0165091125959,0.664638956077
102,0.0244500234741,0.663120111594,0.0166488397999,0.664462099783
103,0.0239757169233,0.663704296717,0.016526814492,0.664298050106
104,0.024135258271,0.66304328923,0.0165085956482,0.663988992572
105,0.0242098183494,0.662853642152,0.0165742687632,0.66380473692
106,0.0241592649719,0.662537094492,0.0166227065661,0.663914394565
107,0.0242169604915,0.662517718398,0.0165433889874,0.663361627609
108,0.0243709910545,0.66206580859,0.0167302735413,0.663627925329
109,0.0240503264047,0.662885232614,0.0165432297781,0.663233883679
110,0.0245571698346,0.661970880169,0.0166684924593,0.662894946523
111,0.0246898560553,0.661417051004,0.0166579248016,0.662636407651
112,0.0247294521372,0.661266693702,0.0165790664364,0.662273209542
113,0.0243854953761,0.661175908951,0.0167833266519,0.662133541889
114,0.0243374462434,0.660940146217,0.0166403615162,0.661929662339
115,0.0245843650477,0.66044510901,0.0167462957743,0.661602132022
116,0.0245945574143,0.660357599075,0.0168356759277,0.661548034288
117,0.023997578651,0.660660593556,0.0167006121546,0.661349475384
118,0.0241374250987,0.660005655426,0.016771969872,0.661118524149
119,0.0246116183869,0.659797260394,0.0167854742617,0.660766764544
120,0.0247034877583,0.659171349727,0.0166778112512,0.660558269359
121,0.0248635615669,0.659014915044,0.0168041840798,0.660286324099
122,0.0241270609021,0.659385882891,0.0168010933121,0.660036467947
123,0.0241845166783,0.659163420017,0.0167133363057,0.659891111776
124,0.0246130218189,0.658670998537,0.0168285129212,0.659746062011
125,0.0244503918979,0.658494850764,0.0167391623636,0.659468715079
126,0.0245733041514,0.658121645451,0.0170184028416,0.659348650835
127,0.0249099745975,0.658141701267,0.0169068043624,0.659351899289
128,0.0246465071418,0.658164645617,0.0166982870924,0.659425255843
129,0.0245586264246,0.657967192622,0.0167718466778,0.658933504485
130,0.0246394580533,0.657339054805,0.0167479595361,0.658619938418
131,0.0247488746723,0.657407545126,0.016825204686,0.658398986794
132,0.0244922890761,0.657058481987,0.0169163867363,0.658235128969
133,0.0246086382452,0.65687985489,0.0168844310233,0.65798675362
134,0.0245862654032,0.656568906628,0.0169061689958,0.657657436095
135,0.0248562967259,0.656350409755,0.0167638408934,0.657819844782
136,0.0243967647341,0.656574290532,0.0169581805071,0.6573906634
137,0.024666162391,0.655799316672,0.0168713830744,0.657037105411
138,0.0250228024625,0.655550923485,0.0169816377688,0.656930194236
139,0.0251001287235,0.655071359414,0.0169856024008,0.656738780439
140,0.025012229645,0.655089064286,0.0170613410592,0.656473188661
141,0.0249034001423,0.655113256895,0.0167745438062,0.656307509169
142,0.0248431829729,0.654841302679,0.016968159558,0.656064472161
143,0.0247522687796,0.654882451663,0.0170124886781,0.655788961798
144,0.0250899686502,0.654200292551,0.0169355303638,0.655543477274
145,0.0250911061107,0.654141375652,0.0169122284242,0.65535507258
146,0.0250107480707,0.653897591508,0.0169221953006,0.655083240941
147,0.0247360599703,0.654747538842,0.0169179773138,0.655509406701
148,0.0245770578875,0.654543353961,0.0166991275814,0.654765721411
149,0.0249119828836,0.653781538972,0.0169258460246,0.654666984454
150,0.024962869273,0.653378375448,0.016820882784,0.654343949631
151,0.0247345633645,0.653145498954,0.0169117391242,0.654218206182
152,0.0250543375349,0.652889686135,0.0168887124632,0.654004893266
153,0.0253653297564,0.652546175397,0.0170269102255,0.653917308897
154,0.0249464320139,0.652437307514,0.0171178000464,0.653628060594
155,0.0251292407992,0.652048039895,0.0170706343997,0.653394280002
156,0.0252375013647,0.652015487735,0.016891097478,0.653146084398
157,0.0249593829531,0.651862746248,0.0170429746904,0.652896363288
158,0.0249958601963,0.651443468837,0.0171135961391,0.652794586495
159,0.025433210081,0.650994343253,0.0170847410573,0.652539946139
160,0.0253651168426,0.650929906047,0.0171453649155,0.652469055727
161,0.0250121776651,0.651017796535,0.0169175250567,0.652297923341
162,0.0251212373926,0.650671234498,0.0170196481772,0.652083901688
163,0.0252017510529,0.650361400384,0.0170073031973,0.651699755341
164,0.0251689150516,0.650535456263,0.0169262781569,0.65155961737
165,0.0250731044419,0.650151724999,0.0170113519762,0.651368855499
166,0.0254996663969,0.649692278642,0.0170325678628,0.651344655082
167,0.0251292589209,0.649605709773,0.0171625914923,0.65100493934
168,0.0254843796507,0.649278043554,0.0171140018128,0.650948926806
169,0.0251223693553,0.649285427653,0.0170683487036,0.650634531863
170,0.0253824753397,0.648880180258,0.0171393765377,0.650418063626
171,0.0252625288743,0.648821312648,0.0171714016465,0.650259114802
172,0.0253028110246,0.648673590559,0.0171916874065,0.649989103898
173,0.0253014641054,0.648451638909,0.0169841188454,0.649879560806
174,0.0254436162885,0.648060570543,0.0171229102266,0.649576234631
175,0.0250956505562,0.648032503632,0.0172029743367,0.649353936315
176,0.0253136817258,0.647890374064,0.0171152725229,0.649144379422
177,0.0250399347456,0.64777087936,0.0171891719297,0.648952796124
178,0.0251701042905,0.647533762913,0.0171993917552,0.64865422342
179,0.0253243527926,0.647292296474,0.0172164305504,0.648414519615
180,0.0255079099588,0.646938437453,0.017331043478,0.648282832466
181,0.0251393343388,0.647202268243,0.0172312708664,0.648394408636
182,0.0254891932994,0.646654137052,0.0172099541051,0.648069613613
183,0.0258004652567,0.646104659025,0.016994614773,0.647673211992
184,0.0254214864415,0.646109505342,0.0172724533795,0.647530585527
185,0.025543623319,0.645863962861,0.0171086364612,0.647317943163
186,0.0253667139045,0.646043236439,0.0171099566355,0.647143797949
187,0.025027081173,0.645747683369,0.0172495423262,0.647088724189
188,0.0253421481871,0.64557478405,0.0173308711342,0.646920302883
189,0.0255185023679,0.645322314822,0.0173290087923,0.646725699306
190,0.0252885787444,0.645051752145,0.0173488166638,0.646614126861
191,0.0256172498547,0.644752567777,0.0172212090829,0.646298795938
192,0.0255539413349,0.64430863009,0.0175769503489,0.646229241975
193,0.0256519016489,0.644438067308,0.0174317278029,0.646063297056
194,0.0258925419064,0.643897903653,0.0173046663399,0.645608088933
195,0.0254788211258,0.644058992083,0.017233207258,0.645441189408
196,0.0255864805815,0.64358770045,0.0172720662249,0.645323165692
197,0.0255420651744,0.64357500466,0.0172460634863,0.645054520108
198,0.0256593648123,0.643224893854,0.0172930659528,0.644890509546
199,0.0252448865533,0.643507344218,0.0172229359719,0.644525445998
200,0.025679989821,0.642779250558,0.0174048828558,0.644484522752
201,0.0257826101765,0.642986782468,0.01728397637,0.644697461277
202,0.0257113101188,0.642559184478,0.0174089240863,0.644307107665
203,0.0255684790648,0.642507559978,0.0174364555055,0.643979856744
204,0.0255780117499,0.642054506219,0.0172543487301,0.643831926398
205,0.0258468370049,0.641891473761,0.0175345571088,0.643680787645
206,0.0257312198852,0.641665532039,0.017466257028,0.643385060132
207,0.0256405203783,0.641402080655,0.0173593201225,0.643216257915
208,0.0255652329239,0.641618571602,0.0172921270405,0.643021149561
209,0.0258641993856,0.641015769197,0.0171427588189,0.642767370678
210,0.0254178048582,0.641277012917,0.0173994091469,0.642628640868
211,0.025822303691,0.640603528573,0.017299113716,0.642406401224
212,0.0256023570138,0.640522224399,0.0173228449844,0.642224293202
213,0.0258303499403,0.640174727027,0.0174244538407,0.642068074085
214,0.0260190812622,0.640118974906,0.0170918196468,0.641780624166
215,0.0253672062605,0.640270001613,0.0172454593571,0.642121465877
216,0.0257360923024,0.639899773093,0.0176419567488,0.641676378436
217,0.0258166771086,0.639604579944,0.0178436350916,0.641731606796
218,0.0258839118482,0.639305611069,0.0174279181915,0.641286046244
219,0.0258475193944,0.638934071247,0.0174853002122,0.640916499309
220,0.0261790947153,0.638783499599,0.0174246805418,0.640710860491
221,0.0253169630766,0.639199286699,0.0174109691548,0.640515906736
222,0.0258235372603,0.638797251078,0.0174468647015,0.640184137039
223,0.0259545970039,0.638548659591,0.0175642301615,0.640219485387
224,0.0257465404891,0.638214913698,0.0176518473495,0.640122732148
225,0.026047542753,0.6377667842,0.0174636734832,0.639905274846
226,0.0260482728839,0.637719768744,0.0175433408444,0.639704400674
227,0.0262658857506,0.637313331549,0.0173891296881,0.639355597086
228,0.0260196942189,0.637472248994,0.0174444880113,0.639029227197
229,0.0262352377076,0.636931159175,0.017797409992,0.638954242691
230,0.025471534297,0.637397479552,0.0174259405749,0.638625589199
231,0.0261947613546,0.636562507886,0.0177456231086,0.63856676314
232,0.0260267011521,0.636492731479,0.0174955774346,0.638231825083
233,0.0261790840854,0.636147990823,0.0175910382873,0.638028616086
234,0.0263820438485,0.635825400169,0.0176038013678,0.637905759737
235,0.0263686056281,0.635641940511,0.0175047517823,0.637696120888
236,0.0263802257008,0.635344868669,0.0174152168684,0.637554273941
237,0.0259838123645,0.635386575873,0.0177513007611,0.637340093032
238,0.0263711640767,0.635076219073,0.0174943518441,0.637009004131
239,0.0261437278039,0.634911579581,0.0176222509313,0.636852337047
240,0.0263209863508,0.634800324073,0.0173795488995,0.636685646139
241,0.0262005392377,0.634577728235,0.0174206768088,0.636492209509
242,0.0261874481056,0.634339356652,0.017839846782,0.636310721748
243,0.0264825242215,0.63403522739,0.0175779166166,0.636010831222
244,0.0260054067434,0.634163952791,0.0176922320197,0.635743399151
245,0.026037754355,0.635211284344,0.0175811014901,0.635823882185
246,0.0260112566564,0.63371287057,0.017652696718,0.635546684265
247,0.0262613127885,0.63331781557,0.0176791744225,0.635363566689
248,0.0263378514739,0.633249319517,0.0175365239556,0.63515817374
249,0.0264284385569,0.632821230934,0.0176744736355,0.635019083507
250,0.0257888705938,0.633128387424,0.0176484845269,0.634767566808
251,0.0262155573067,0.632570943007,0.0176120581564,0.634543728083
252,0.0264981670508,0.632779247486,0.0174098314151,0.63493952807
253,0.0259683013532,0.632855385542,0.0176923663398,0.634687925689
254,0.0263103213506,0.632092951582,0.0176200665601,0.634283468127
255,0.0263806524675,0.631874165856,0.0177470405365,0.633983269334
256,0.0262276377113,0.63170960087,0.0176180283265,0.633755963296
257,0.0264138459864,0.631578477529,0.0177689461584,0.633668242022
258,0.026295733782,0.631463524241,0.0176013186783,0.633431358263
259,0.0262939613298,0.631308356157,0.0176863750439,0.63316945266
260,0.0263055125537,0.630776109604,0.0177103899618,0.633005791344
261,0.0265101278984,0.630687138209,0.0178945685293,0.632807312533
262,0.0259944533066,0.63079861265,0.0178154677801,0.632546072826
263,0.026492541141,0.630098474713,0.0178363606906,0.632334427908
264,0.026065570707,0.630506257598,0.0177200662738,0.632104437798
265,0.0263796651285,0.629963773947,0.0176305760169,0.631982857361
266,0.0263225711207,0.629772361655,0.0179295898956,0.631877180189
267,0.0264769181965,0.6295898316,0.0176824615182,0.631595721468
268,0.0265593059801,0.628993410331,0.0179401382234,0.631604253314
269,0.0265256572341,0.629001067235,0.0177166000512,0.63123747427
270,0.026334247225,0.629093517478,0.017572328723,0.630965787917
271,0.0262891550407,0.628690428459,0.0179310993353,0.63100961782
272,0.0262286667666,0.628857664191,0.0179403802258,0.630664470606
273,0.0263780721596,0.628486684882,0.0177020547217,0.63050111942
274,0.0267876631345,0.627871854947,0.0178667874698,0.630556564778
275,0.0266101736249,0.628054026228,0.0177376888273,0.630165494047
276,0.0264426600143,0.627716857653,0.0178167022864,0.629920487292
277,0.0262075098433,0.627810670779,0.017949331725,0.629732743837
278,0.0268569403171,0.627095125042,0.0178702966596,0.62943442259
279,0.0268587272469,0.626870401777,0.0179477386519,0.629370664246
280,0.0266436487818,0.627045931724,0.0179482928447,0.629273017868
281,0.0261626752013,0.627277597785,0.0178456202375,0.628994302824
282,0.0268255007402,0.626413361384,0.0178086808369,0.628642357886
283,0.0268126937559,0.626363686644,0.0175433938798,0.6285706833
284,0.0268937454562,0.6259765625,0.0179141805916,0.628314507194
285,0.0263110353853,0.626198537075,0.0178474256477,0.62812920101
286,0.0270006385426,0.6255299896,0.017871742712,0.627994812094
287,0.0268366201354,0.625699426119,0.0176820500164,0.627744554542
288,0.026656487282,0.625530930666,0.0178049636697,0.627644122578
289,0.027194264834,0.624879263915,0.017840230541,0.627371218987
290,0.0262829788723,0.625234600443,0.0179055619233,0.627333763987
291,0.0268136016052,0.624680109895,0.0180818608501,0.627211574465
292,0.0267695232064,0.624633513964,0.0178227266324,0.627026624978
293,0.0262010029115,0.624746477375,0.0179021283157,0.626957158558
294,0.0269211023921,0.624168311174,0.0180092975797,0.626783350483
295,0.026468884824,0.62406648237,0.0179546888521,0.626520587131
296,0.02678907437,0.623759102363,0.0178956655736,0.626051311381
297,0.0267874645281,0.623709986989,0.0176759369019,0.625813204795
298,0.0262862371334,0.62391157219,0.0174989021007,0.625746299513
299,0.0271220544726,0.623150427754,0.0179251003001,0.625740088522
300,0.027040291244,0.622896202482,0.0182551359344,0.62594703678
301,0.0269364925123,0.622999903101,0.0177864404859,0.625296804123
302,0.0269534200799,0.622373229036,0.0179676659195,0.625128467567
303,0.0269776131869,0.62227394833,0.0178396418287,0.624906641431
304,0.0267464460468,0.622433269253,0.0178864590471,0.624809240922
305,0.0270496077316,0.622221296796,0.0179857848393,0.624477311037
306,0.0267134670755,0.621912360191,0.0182118994981,0.624425692484
307,0.0270681723636,0.621718593515,0.0181347916,0.624243780039
308,0.0266704378418,0.621761500835,0.0179735123388,0.624091673642
309,0.0267621677997,0.621468569224,0.0179242475156,0.623859096318
310,0.0269661312249,0.620968812933,0.0181267137532,0.623657583259
311,0.0267726340362,0.621230359261,0.0178665076373,0.623381388374
312,0.0267914064689,0.620892662268,0.0180772314338,0.623271672986
313,0.0272508212167,0.620951918455,0.0177818120424,0.623196414672
314,0.0267168638274,0.620684157197,0.0179836305656,0.623008999974
315,0.0268826983654,0.620099890691,0.0179135257536,0.622748188674
316,0.0272224398727,0.62004958437,0.0181161398855,0.622406810522
317,0.0270081641041,0.619837757487,0.0180066115977,0.62232106179
318,0.0267417675582,0.619923341733,0.0177704479606,0.622092992999
319,0.0267925687916,0.619730960864,0.0176806685768,0.621792242862
320,0.026819200405,0.619319410278,0.0176907187188,0.621865914203
321,0.0269779328133,0.619125201152,0.0179525375684,0.621543574147
322,0.0271096904132,0.618978240169,0.0178654916376,0.621277987957
323,0.0272108099025,0.618613635118,0.0180566550243,0.621170498431
324,0.0271940978285,0.618463159754,0.0180624398981,0.620876485482
325,0.0271682148668,0.618522023925,0.0181477046031,0.620895000175
326,0.0274642391407,0.617822802984,0.018087432672,0.620722159743
327,0.0273929539235,0.617754051319,0.0179784291563,0.62037210539
328,0.0270004755963,0.61786773457,0.0180478841371,0.620220947079
329,0.0271180058541,0.61765255951,0.0179866322624,0.619954328984
330,0.0276556436913,0.616863576265,0.0180990305134,0.619720861316
331,0.0271465740885,0.617025274497,0.018307278568,0.619715092704
332,0.0272566206885,0.616864830256,0.0183126829484,0.619610874914
333,0.0277868315081,0.616408241483,0.0181221306093,0.619197650813
334,0.0274826181791,0.616515188263,0.0180449086611,0.618928628974
335,0.0265923909997,0.616739708644,0.0180297776965,0.61895449087
336,0.027669581936,0.61598895834,0.0181157287307,0.618652032688
337,0.0274789112563,0.615825242721,0.0179775329912,0.618532950059
338,0.027037321228,0.615934410921,0.018104689017,0.618488979526
339,0.027309401685,0.615747198462,0.0180795133533,0.618203733116
340,0.0275149529927,0.615223726401,0.0182035611933,0.617957717739
341,0.0270088789769,0.615254188959,0.0185546415032,0.617967667989
342,0.0277982583177,0.614464593621,0.0181848322122,0.617651388049
343,0.0274565858479,0.614623376956,0.0181477749466,0.617515848018
344,0.0272537944519,0.614649400115,0.0184378163967,0.617485720664
345,0.0273347021875,0.614211605145,0.0178590203705,0.617133134976
346,0.0271267035152,0.614389492915,0.0178966481408,0.616818021052
347,0.0270988755965,0.614290076953,0.0179794037772,0.616663357243
348,0.0278086454946,0.613620220469,0.0180233655542,0.616290559992
349,0.0274479367139,0.613563259061,0.0181487660707,0.616286439821
350,0.0274901948575,0.613408800501,0.0179772481283,0.61601428967
351,0.0275329265463,0.613090939247,0.0182892730459,0.615824591368
352,0.0271126366526,0.613192863189,0.0183987823534,0.615770844743
353,0.0274922923011,0.612881987141,0.0184994865808,0.615645988844
354,0.0269793243916,0.61297930204,0.0180746360652,0.615217572078
355,0.0275545874924,0.612427176191,0.0184098840036,0.615242196247
356,0.0275300470726,0.612274478261,0.017829916691,0.614792725071
357,0.0271802699107,0.612213812195,0.0183448539992,0.614731034264
358,0.0278338777693,0.611699331265,0.0181929955684,0.614573608153
359,0.0279153042012,0.611595068987,0.017914193942,0.614363227971
360,0.027491048657,0.611477865623,0.0184703478426,0.614256259054
361,0.0272547808644,0.611618760687,0.01835697049,0.614417950623
362,0.0277045169809,0.610724726549,0.0184382382799,0.614111242816
363,0.0276208883374,0.611096139138,0.0182659338589,0.613603827544
364,0.0278925497877,0.610603166314,0.0184883419774,0.613444550894
365,0.0269844532899,0.6109645722,0.0180598729862,0.613185985014
366,0.0276939550401,0.610292550463,0.0180395192647,0.61312753614
367,0.0277086705242,0.610141893992,0.0180928678105,0.612916672602
368,0.0274436976313,0.610184137638,0.0181499079581,0.612712197937
369,0.0276664338049,0.6098211763,0.0184217443707,0.612544138916
370,0.0278474343161,0.609508936222,0.018504723485,0.612324329093
371,0.0278995097667,0.60929314219,0.0182637498092,0.612104248255
372,0.0276815087737,0.60918997572,0.0182202636252,0.611849000677
373,0.0274747598735,0.60909769856,0.0185389905691,0.611987394281
374,0.0271185140798,0.609445655575,0.0181882629054,0.611611666158
375,0.0278073526713,0.608615870659,0.018414458792,0.611544141546
376,0.0276393809074,0.608501090453,0.0185777500396,0.611472284421
377,0.0277740913005,0.608344413913,0.01827555314,0.611175533384
378,0.0279637511295,0.607923095043,0.0182071578051,0.610880628228
379,0.0278475394952,0.607684188164,0.0186301081421,0.610950451344
380,0.027626879844,0.607941189638,0.0183501366632,0.610600992106
381,0.0281425005554,0.607287288858,0.0181229452764,0.610546607524
382,0.0276906946409,0.6074305555,0.0184500188834,0.610544077121
383,0.027659071128,0.60749066793,0.0184596845806,0.610308900476
384,0.0278432773524,0.60717478853,0.0180109861408,0.609929133207
385,0.0278328005683,0.606868656782,0.0178892279573,0.609678639099
386,0.0278862747918,0.606625084694,0.0180250778512,0.609557503834
387,0.0275360401546,0.606680654562,0.0184562701334,0.609367080964
388,0.0280227554185,0.60606350807,0.0183695284495,0.609326883219
389,0.0276590494294,0.606246390022,0.0186679596241,0.60925764963
390,0.0273945533172,0.606358458216,0.0185083023785,0.60883161705
391,0.027864149029,0.605741788562,0.018525607109,0.608712821268
392,0.0278884400511,0.6053567139,0.0183685611387,0.608428561129
393,0.0279719738166,0.605339523691,0.0184296601738,0.608208040707
394,0.0279396449219,0.605053940645,0.0186158159695,0.607946063392
395,0.0276315320482,0.605051152981,0.0185867033661,0.607975544408
396,0.0275920046857,0.604916707827,0.0186657935574,0.607698232867
397,0.0276495774185,0.604856197651,0.0186453920232,0.607707836665
398,0.0285612242473,0.603995505434,0.0182969997168,0.60724938754
399,0.0278216578959,0.604154622326,0.0187880502272,0.607539299875
400,0.028279478214,0.603864080631,0.0179221561939,0.606662308797
401,0.0278492867717,0.603703348682,0.0186321394235,0.606657860801
402,0.0282059742448,0.603319293031,0.0184953204803,0.606414845213
403,0.0277302031682,0.603580229557,0.0181524033851,0.60619273968
404,0.0280142658463,0.603149666236,0.0184133057255,0.606223989278
405,0.0272728898624,0.603699205013,0.0185410557497,0.606216970831
406,0.0279147846408,0.603242736596,0.0183529993378,0.605935164727
407,0.0277829760751,0.602626261803,0.0186565903305,0.605775721371
408,0.0281541555403,0.602437748359,0.0183127516889,0.605553492904
409,0.0280989364238,0.602176628434,0.0184738003986,0.605269479565
410,0.0279716938621,0.602138551382,0.0185907379905,0.605018642731
411,0.0282232528417,0.601825769131,0.0186372088924,0.604920696467
412,0.0281869554382,0.601722114361,0.0184968695244,0.604596604593
413,0.0284918022885,0.601399289874,0.0182873778854,0.604702896439
414,0.0284511071488,0.60111244596,0.0182295028562,0.604268953204
415,0.0281962764636,0.600993711215,0.0184070428882,0.604214789346
416,0.0280143492922,0.600816788582,0.0186402910531,0.60405345913
417,0.0280234867247,0.600711958913,0.0188217737,0.604023648426
418,0.028560348135,0.600468465915,0.0181897586244,0.603382205591
419,0.0280004917684,0.600468102556,0.0182233977403,0.603619607165
420,0.0284299797384,0.600012862912,0.0187619055932,0.603309669532
421,0.0281104722907,0.599986262046,0.018667625513,0.603273700923
422,0.0280659810046,0.599814441342,0.0185571908646,0.602943202481
423,0.027656157248,0.599859073758,0.0184792394866,0.602706418373
424,0.0283670095437,0.599246001014,0.0185871243498,0.602472056635
425,0.0281334730463,0.599201141642,0.0187276425099,0.602290296927
426,0.0284692840529,0.598720432474,0.0184299917591,0.602013541386
427,0.0286312595248,0.59856175574,0.0186902455193,0.602060701698
428,0.0276054442957,0.599155335472,0.0184335993695,0.602128404193
429,0.0282797237465,0.598645000504,0.0185442329334,0.601689721458
430,0.0282439248751,0.59843275868,0.0185851487604,0.601607121527
431,0.0282652017603,0.598061781663,0.0187271879045,0.601469423622
432,0.0280811288916,0.598075225949,0.0190082983445,0.601495621726
433,0.028461639714,0.597635345963,0.0187845912797,0.601013005711
434,0.0287892774546,0.597158019359,0.0186277959588,0.600793262012
435,0.0286268513237,0.59714154326,0.0182958191672,0.60043342784
436,0.0284074205701,0.597043197889,0.0182207261219,0.600264082663
437,0.0284341229064,0.59659448266,0.0187579848566,0.600062056445
438,0.0286555303497,0.596457628103,0.0183674333589,0.599771851674
439,0.028369505431,0.596705702635,0.0186842150856,0.599811594002
440,0.0284414145656,0.59631009056,0.0188821256934,0.59967376478
441,0.0286331795574,0.596213782063,0.0188626697413,0.599727319553
442,0.0288597886482,0.59591115438,0.0185357554669,0.599048729986
443,0.0281577660656,0.595935631257,0.0185360564778,0.598923850805
444,0.0283942367531,0.595656673496,0.0186338157241,0.5989743229
445,0.0288760272321,0.595267006984,0.0184993164362,0.598630375229
446,0.0285942264127,0.595319073934,0.0185936930411,0.598347432911
447,0.0284102438071,0.595196607021,0.0187690066173,0.598301145248
448,0.0285884427212,0.595048737067,0.0188481722721,0.598200945184
449,0.0286173396781,0.594646036625,0.0189445281944,0.598136428744
450,0.0283144761949,0.594593960505,0.0188628792471,0.597818892449
451,0.0287556884744,0.594292812623,0.0189895054264,0.597939553671
452,0.0289319027464,0.593898662008,0.0190015172288,0.597504346631
453,0.0287736453011,0.594892826218,0.0189067816455,0.597294890322
454,0.0286843102326,0.593764814047,0.0189935895869,0.597385884263
455,0.0291559275743,0.593443918687,0.0188324121709,0.5968656037
456,0.0290361941644,0.593115890255,0.0184628970114,0.596642023884
457,0.028295784687,0.593389789645,0.0189658297359,0.596828977577
458,0.0285983872646,0.593133472479,0.0187949649885,0.596396845765
459,0.0287603671408,0.592917359792,0.0186543304735,0.596161385998
460,0.028076877855,0.593341955772,0.0188633263342,0.596069891937
461,0.0288581052149,0.592351919183,0.0186037653807,0.595638227649
462,0.0287543675839,0.592083646701,0.0189711529479,0.595995897427
463,0.0286190730014,0.592271660383,0.0187906848569,0.595537865534
464,0.0290685923996,0.591645559439,0.0183312957556,0.595356196165
465,0.0289504959331,0.591437867055,0.0186399719651,0.594978346489
466,0.0289829064602,0.591305118341,0.0187392960543,0.595170167275
467,0.029001680521,0.591082360882,0.0185045937928,0.594632877037
468,0.028867089741,0.590999453114,0.0189317488876,0.594860650599
469,0.0289251136668,0.59085912544,0.0185917345161,0.594319412485
470,0.0283102341553,0.591145501687,0.0187674024405,0.594604759477
471,0.0289352385361,0.590592870345,0.0186864947436,0.594040550292
472,0.0288908704879,0.590419381857,0.0187042199818,0.59391398076
473,0.0289569850908,0.590204471579,0.0188417185855,0.593807302415
474,0.0292075838851,0.589769326724,0.0184711605166,0.593633263372
475,0.0288888773783,0.589700134901,0.0191855095363,0.593630609103
476,0.0287273593013,0.589897829753,0.0185928489886,0.593263230287
477,0.0286266048822,0.589578311031,0.0191345464964,0.593309353106
478,0.0291203983993,0.589240779097,0.0191237947079,0.593024272472
479,0.0292482250115,0.588675403824,0.0190232467257,0.592892883345
480,0.0292986111218,0.588532152084,0.0189965461154,0.592684562318
481,0.0287283788594,0.588919808085,0.0189461641571,0.592314645648
482,0.0286225279749,0.588653244651,0.0185159195216,0.592016888782
483,0.028895697846,0.588106384644,0.0192912803154,0.592447439209
484,0.0286560758436,0.588516756892,0.0190296479091,0.592096652836
485,0.0289155926775,0.587817505002,0.0184895224452,0.591581670567
486,0.0291462216871,0.587660695498,0.0188917151258,0.591626533307
487,0.0292335512709,0.587370309692,0.0187575360865,0.591470263898
488,0.0293835275941,0.587059905896,0.0192834419354,0.59162977431
489,0.0290919539413,0.58828831636,0.0189386409488,0.592091108672
490,0.0289014264163,0.587515911231,0.0186466835808,0.591019365005
491,0.0289192887801,0.587283568887,0.0186589774053,0.590644024312
492,0.028465700514,0.587187937819,0.0187816504804,0.590447875671
493,0.0289654304853,0.586744305033,0.0186131804035,0.590089909732
494,0.0289507788204,0.586887361912,0.0190187273197,0.590430169366
495,0.0287806077735,0.586453210849,0.0193871177048,0.590536346659
496,0.0289431864528,0.586127233047,0.0192057049089,0.590011243708
497,0.0292424063727,0.585946071606,0.0187325953143,0.589541707188
498,0.0293711065947,0.585554605493,0.0185912361576,0.589387905784
499,0.0290275374598,0.585319201534,0.0187019790646,0.589138668962
500,0.0290880804207,0.585280115788,0.0189411699225,0.589032556862
501,0.0288122758059,0.585192729647,0.0189241552466,0.588774068281
502,0.0294107280044,0.584543997279,0.0191971472996,0.588651301339
503,0.0290543793402,0.584675132082,0.0190152614609,0.588350311853
504,0.0290747267847,0.584506259515,0.0190618916222,0.588372407481
505,0.0293715729271,0.583923920989,0.018825120088,0.588047959842
506,0.029575424092,0.583717057338,0.018934407572,0.587937863544
507,0.0292145899025,0.583629788114,0.0192246498659,0.587949878536
508,0.0296629371897,0.58344154633,0.0190841106541,0.5875393264
509,0.0288123067837,0.583753552574,0.0193670537556,0.587585492991
510,0.0296749289667,0.58292690378,0.0191357465178,0.587216341868
511,0.0290992865585,0.583128433961,0.0192014266227,0.586994098499
512,0.0286551485658,0.583489048939,0.0191824679928,0.586934078485
513,0.0291068930194,0.582948109278,0.0190526742535,0.586646065116
514,0.0291203219945,0.582769881074,0.0190180774848,0.586670361459
515,0.0288224245557,0.582804404772,0.0189761546512,0.586398148909
516,0.0290582262924,0.58234018202,0.0193276661316,0.586475129239
517,0.0294250655296,0.582115638715,0.0193592590117,0.58654941339
518,0.0295760912573,0.58190162136,0.018613321779,0.58563552238
519,0.0294429244213,0.581499246451,0.0185917113172,0.585462881252
520,0.0289253383263,0.581710246893,0.0191820860705,0.585531962104
521,0.0287613243856,0.581885350438,0.0187713000128,0.585306055844
522,0.029297901615,0.581023464982,0.0193065798894,0.585470149294
523,0.0297667634077,0.580723773975,0.0189693773978,0.584955167025
524,0.0287065611964,0.581051739363,0.0191829824707,0.585043737665
525,0.0297591052873,0.580366637844,0.0190238437449,0.584837121889
526,0.0293400339298,0.580484880851,0.0188751093247,0.584332668222
527,0.0292261671709,0.580381177939,0.0192815847367,0.584567593411
528,0.0297038230626,0.579688637302,0.0191875294695,0.584382952191
529,0.0293727196502,0.579822116173,0.0193982297519,0.584492916241
530,0.0294933212763,0.579717569626,0.018806816709,0.583994568326
531,0.029311369663,0.579730913043,0.0190119080567,0.583769033663
532,0.0290172653106,0.579404198206,0.0195874221658,0.583807329647
533,0.029109622123,0.579353506748,0.0195943238518,0.583787716925
534,0.0293187797494,0.578926533461,0.0193657958239,0.583582533523
535,0.0294435767213,0.578923609394,0.0191347317264,0.583049747162
536,0.029442557522,0.578621601829,0.0190795051981,0.583160567097
537,0.0297531098829,0.578224538611,0.0189563014451,0.582874494605
538,0.029635994628,0.578035508211,0.0191867032572,0.582935868762
539,0.0299335639675,0.577488765121,0.0190490203286,0.582426472567
540,0.0298226442373,0.577452279054,0.019204669637,0.582316005602
541,0.0296081703037,0.577322875078,0.0193377032533,0.582345073111
542,0.0291293773428,0.577773675323,0.0192630479605,0.581994431093
543,0.0293266276984,0.577312587545,0.0194902246049,0.581855184399
544,0.0299886786065,0.576880011421,0.0189884400111,0.581379648298
545,0.0296611605099,0.576936105123,0.0186266489345,0.581290238537
546,0.0297139498317,0.576619715645,0.0194159481835,0.581428454258
547,0.0291132060524,0.577004744456,0.0191223743,0.581671710126
548,0.0297342932596,0.576262372044,0.0191851768568,0.58119180426
549,0.0297442462455,0.575971539204,0.0194695734467,0.581061522476
550,0.0295575233015,0.575892548148,0.0193995887339,0.580768846907
551,0.0297328354125,0.57600772954,0.0187421440496,0.58052895125
552,0.0299275317579,0.575532993445,0.0188494100503,0.579960437492
553,0.0292119853679,0.575570341486,0.0194433497827,0.580482881516
554,0.0298849897009,0.575183325089,0.0190173877986,0.579679709859
555,0.0300250511754,0.574831586618,0.0190736140498,0.579338448122
556,0.0292449155608,0.575172451826,0.0190164513942,0.579450703226
557,0.0301966630108,0.574261775384,0.0190858335923,0.579208966345
558,0.0294244349746,0.574728033864,0.0193114466592,0.579228248447
559,0.0293207039928,0.574842585967,0.0194555874591,0.578916819766
560,0.0298960721666,0.573998962457,0.0189010350791,0.578548894264
561,0.029569515689,0.573942197057,0.0191569390799,0.578456963412
562,0.0296842386785,0.573664214749,0.0189186830739,0.577928311191
563,0.0299903324174,0.573475811344,0.0192031234737,0.578263598494
564,0.0302477125246,0.573231875896,0.0189952415826,0.577637405135
