epoch,binary_crossentropy,jaccard,loss,val_binary_crossentropy,val_jaccard,val_loss
0,0.748142300886,0.0680974468186,81.5224880288,0.725271843947,0.0660019015463,79.8940525063
1,0.724136567484,0.0731689739814,78.665693257,0.710134955553,0.0671063056932,77.2467324893
2,0.703412475733,0.0763686743482,76.0690853215,0.69328980721,0.0698342200082,74.7261365373
3,0.692102256199,0.0764853295557,73.554640674,0.677759977487,0.0712663327845,72.2307108904
4,0.675200451295,0.079978170384,71.1183431355,0.666362895415,0.0726828348751,69.8303295766
5,0.659424842555,0.0835437367034,68.7363631719,0.650504722045,0.0762455758567,67.4279877373
6,0.651225566174,0.0830100962036,66.4374538725,0.636355326726,0.0766925992301,65.202343784
7,0.635572872797,0.0875821862672,64.1524397417,0.625518652109,0.0808039276073,62.952235205
8,0.625027133231,0.0903381496006,61.9293520236,0.625940222007,0.0802386489052,60.8222068202
9,0.625590824713,0.087704463211,59.8414526818,0.629014437015,0.0747527657793,58.7859827814
10,0.615183237437,0.0889236079421,57.8200304932,0.603809333765,0.0832066902748,56.7654256917
11,0.605952077391,0.0915771191328,55.877946909,0.59670571639,0.0864995904267,54.814693437
12,0.600051835697,0.0921164612541,53.9423799006,0.586060409362,0.0882097158868,52.9398800166
13,0.589021444321,0.0961905603934,52.0973233973,0.577795986946,0.0877443726819,51.1446886596
14,0.583560289793,0.096091603062,50.3753938109,0.583458061402,0.0895813428439,49.5535103712
15,0.580288017348,0.0975183673692,48.67974909,0.571207381212,0.0892274224987,47.972428757
16,0.567573154065,0.102199419988,47.0413043589,0.561808852049,0.0944343223595,46.1895610121
17,0.55891349647,0.106639994848,45.4676145458,0.549446688249,0.10118977353,44.685198408
18,0.553434808512,0.108551055366,43.9437109025,0.541924692117,0.100315695485,43.1479780104
19,0.546107827927,0.111077277788,42.4921426041,0.529898932347,0.105440735817,41.8252459303
20,0.543605624364,0.113177472316,41.1490384,0.528489390245,0.107327619424,40.3854959937
21,0.536203638237,0.117336149482,39.7908211289,0.52590070321,0.109850248179,39.1030601786
22,0.530694910113,0.119846367036,38.4941102047,0.528579125038,0.109766988514,37.8303592773
23,0.532275367773,0.115607120902,37.2911018801,0.525000647857,0.111257269979,36.648091188
24,0.527378866686,0.118886850228,36.1327376395,0.506862626626,0.110848667816,35.5017940899
25,0.520270934206,0.121882324197,35.0117917221,0.500869831214,0.113757014275,34.4430096515
26,0.515823350795,0.12347791843,33.899952949,0.500161916018,0.120294291526,33.3053685324
27,0.507749574065,0.131140064434,32.8234693391,0.495444073127,0.11878888223,32.2796270524
28,0.504494162945,0.132945693742,31.831310069,0.490979123574,0.125076995733,31.3124633754
29,0.50171935029,0.13027414553,30.8793256436,0.486044189105,0.127995170366,30.383995384
30,0.503662989867,0.129748195252,29.9397064736,0.494328771646,0.121123367491,29.4028490088
31,0.494319356431,0.129962345707,29.0219614447,0.502571816628,0.123022092076,28.6093453131
32,0.495142818993,0.132386072981,28.1759835794,0.488924209888,0.12348232275,27.6770741388
33,0.492536385777,0.134796645348,27.3198095833,0.477639436722,0.135356057722,26.9480262391
34,0.486736609093,0.136743594493,26.504245923,0.484377379601,0.123229340292,26.0637401638
35,0.469325160428,0.150543062901,25.7120189919,0.486931649538,0.136515174921,25.3859265495
36,0.478850248813,0.146042595758,24.9865680244,0.45860519776,0.141422251096,24.5582003816
37,0.468841763882,0.153534686071,24.2406318875,0.458585670361,0.143451246505,23.8565318993
38,0.464593472283,0.154529825658,23.5434268624,0.442453913964,0.142387504188,23.1730066968
39,0.447479324912,0.152511627374,22.8817915681,0.424494488881,0.151232230549,22.5668489402
40,0.452517811281,0.156817818542,22.2388846817,0.444561428749,0.153620505562,21.8589749208
41,0.440834252646,0.159956934369,21.5944431339,0.417210517021,0.150996043705,21.2961471705
42,0.43814784461,0.157797475119,20.9800733009,0.408977646094,0.154336572267,20.65646102
43,0.432695949515,0.158619689004,20.3981687413,0.419376636927,0.157960745005,20.08965979
44,0.421036679657,0.158679729781,19.8435000536,0.40863315188,0.148267765171,19.5217309799
45,0.414174539702,0.162883420104,19.2913752166,0.381686843359,0.158931328127,19.0122449058
46,0.406151965663,0.163574282569,18.7646503355,0.381060882257,0.157245677251,18.5139471931
47,0.402949731552,0.169775733789,18.287277146,0.367140675967,0.159919408078,17.9780899614
48,0.380042107869,0.168365874173,17.7543981629,0.375026728098,0.174732954456,17.4680083419
49,0.383409450068,0.177639385477,17.271673164,0.372464163945,0.164953322365,16.995682144
50,0.381212093655,0.176172033585,16.796056042,0.353400883766,0.170095235109,16.5545698119
51,0.38132110986,0.176224079486,16.3603588179,0.341755380997,0.177110797511,16.1186240457
52,0.362222392126,0.184024490963,15.9190168369,0.352932574657,0.175415666631,15.6775530751
53,0.350436648692,0.184161780999,15.5159891122,0.31509072964,0.17434021544,15.2989770956
54,0.35359726058,0.182638200093,15.0847427361,0.332554794275,0.184144167946,14.8856899704
55,0.343805780282,0.187278811622,14.7398578297,0.329814000772,0.1823002249,14.4933891028
56,0.339402880218,0.189837718016,14.3051398423,0.300279502685,0.192247164364,14.092480627
57,0.332308664055,0.195243044738,13.9409311016,0.33225395817,0.196019606521,13.7807325921
58,0.32714731951,0.195990526049,13.6011092498,0.293959000936,0.18924094622,13.3844269274
59,0.321924035268,0.201962655489,13.2123293154,0.329304965643,0.193737705167,13.1071315063
60,0.326181811716,0.194148857333,12.8841876074,0.32583749065,0.19331092674,12.7340777661
61,0.335603503417,0.203182418719,12.596124938,0.314925613312,0.202058861462,12.4353942605
62,0.316740409748,0.202351917114,12.2409712597,0.291234408434,0.208988144421,12.0717361338
63,0.321197126133,0.201607497675,11.9422351113,0.285228802608,0.201726656121,11.7417133865
64,0.310058856045,0.208623088868,11.6221948847,0.284497587727,0.208938505787,11.4502053897
65,0.310784313497,0.200322185906,11.3351058996,0.283575514188,0.187843303268,11.1674007455
66,0.306975379471,0.188541528931,11.0561870497,0.295735975871,0.1764989352,10.89387717
67,0.32000262132,0.19677495522,10.8074349354,0.284345849202,0.187110424042,10.6217566242
68,0.290918049895,0.183423426103,10.5284013207,0.263564198063,0.185379187075,10.3469150939
69,0.294249760483,0.193187299181,10.245562708,0.263115061017,0.200503092546,10.086387217
70,0.296934861934,0.200201404774,9.99120129003,0.272994196186,0.198238935035,9.83866398867
71,0.294625118778,0.196527585704,9.7407161278,0.270671123495,0.213181998867,9.5948463198
72,0.29474593256,0.205953826143,9.5041044519,0.25854886839,0.208488964117,9.35772223569
73,0.274132783233,0.220144856707,9.26971872714,0.249309045764,0.211488534625,9.1229119272
74,0.277339593957,0.215003827479,9.03712511187,0.240649184355,0.216435411802,8.91418363804
75,0.277256477523,0.214534189595,8.82228390427,0.271756106844,0.204042163033,8.69361364252
76,0.285320831772,0.208014540432,8.61093476603,0.268171555721,0.210827875596,8.48721663808
77,0.282138583053,0.1994322757,8.4388950353,0.238929217825,0.207423468049,8.28708264696
78,0.277729616432,0.203414656768,8.21429931457,0.255073631039,0.21754002743,8.08680623442
79,0.269560294722,0.210383568232,8.07841424021,0.249897042146,0.211044981503,7.91214763566
80,0.271897917606,0.210531427306,7.8312828716,0.235267390425,0.22396799922,7.69461849438
81,0.27188719786,0.212720139865,7.62761049972,0.239534349396,0.225694379554,7.49634551588
82,0.252518980717,0.231630699601,7.44816564412,0.223093507382,0.233881888481,7.35647945489
83,0.264472818858,0.227787640478,7.27506001213,0.237784061294,0.233460852733,7.16286872449
84,0.263468532374,0.225886123809,7.08403953496,0.23378839745,0.230025596344,6.96448075252
85,0.264352712737,0.227995010014,6.93649450106,0.224883685891,0.238169612793,6.80036712135
86,0.253595389397,0.240708749238,6.75212729989,0.240678105217,0.2321314571,6.70030627636
87,0.253410812453,0.230278882799,6.6079088183,0.221142606093,0.230279187743,6.49933758537
88,0.252017137339,0.223948115404,6.44122771629,0.227392874085,0.237549448243,6.33076615248
89,0.248599388942,0.241785762019,6.2791446566,0.222652263366,0.243521992977,6.17819266334
90,0.244961388726,0.253973174279,6.1410260071,0.219034580084,0.243243021461,6.04969419175
91,0.244062774487,0.242861723693,6.0150673436,0.208157886679,0.255508090441,5.92785990922
92,0.242881298641,0.250777497945,5.85962111652,0.218830968325,0.24928575181,5.76855388666
93,0.236145961756,0.261738381043,5.71675358294,0.209898573848,0.253761250239,5.62553266763
94,0.242656280578,0.247613565342,5.58909010352,0.230045487101,0.25204895666,5.52656601193
95,0.25027204164,0.251315192424,5.46648280819,0.217299349033,0.259974233233,5.37284725575
96,0.240913901032,0.255837374529,5.3301973312,0.22010414417,0.254034230342,5.2551510736
97,0.244588668397,0.260920189983,5.2231754887,0.213898354998,0.245636177751,5.12538179845
98,0.235310688097,0.266257045956,5.08337230827,0.21081171586,0.246101699196,5.00197243923
99,0.234703185303,0.263226182736,4.97651611571,0.200882681287,0.268249320296,4.94851656717
100,0.232305694328,0.273859797959,4.88817295578,0.208571838645,0.263785226987,4.78612814629
101,0.234951873544,0.265338843566,4.75076615484,0.20832171463,0.268069469012,4.67597783499
102,0.235048333996,0.269723331779,4.63865537158,0.204941490522,0.255099682854,4.56558952503
103,0.233295351842,0.280296961773,4.53770844948,0.202146388017,0.268280721628,4.46082939525
104,0.231024774058,0.273280079358,4.43818823428,0.204529311795,0.280436199445,4.38387460224
105,0.228788343923,0.287045620583,4.3360132492,0.207075826251,0.268365527575,4.25707329748
106,0.229493096241,0.286522050852,4.22874010637,0.202671274543,0.284025150996,4.15884706534
107,0.235688053388,0.281999609473,4.13681024972,0.199046967121,0.286386066904,4.06641444871
108,0.230551170912,0.279675172994,4.04888522071,0.198952030677,0.281260554607,3.98993224268
109,0.233914783505,0.287278947453,3.95384055485,0.20165720582,0.280858345903,3.89043740178
110,0.238505348851,0.279667768383,3.86557189333,0.200830754179,0.291678620073,3.79807076309
111,0.229482366484,0.289707742545,3.78085201779,0.198161056409,0.303993383279,3.72107460287
112,0.225679753773,0.30120882973,3.69207000081,0.205373049929,0.285832160941,3.63243571598
113,0.234923586134,0.290613041076,3.61122087247,0.202630995558,0.297404854343,3.54918328015
114,0.228180977081,0.303406128149,3.53163744442,0.20225452689,0.298972437015,3.47266689146
115,0.232170553626,0.306995464683,3.46477439898,0.208466023207,0.293574822637,3.41774661711
116,0.230370916685,0.30208245265,3.38495340585,0.202715782019,0.287663324521,3.32726001281
117,0.23777905935,0.291495954035,3.31313262955,0.205222157332,0.311529777371,3.25960426999
118,0.22858709609,0.310041720227,3.24127276271,0.199214340403,0.306480861627,3.18728247905
119,0.228245348285,0.306535634122,3.16878422303,0.203381098234,0.301339323704,3.11531304243
120,0.233859530632,0.299146741168,3.11427481266,0.202188311861,0.301968657053,3.0732201327
121,0.228972944341,0.308088740068,3.03938422564,0.204489611662,0.306634708093,2.98248793091
122,0.229899643528,0.299553486199,2.97186799109,0.199980284159,0.301516112227,2.92037186919
123,0.236557726464,0.298487413919,2.9096065864,0.204452182238,0.28597627924,2.85894437444
124,0.235132650116,0.294840734035,2.85258224792,0.200348591575,0.30697919543,2.79485198668
125,0.223068251228,0.31883268484,2.78273771098,0.198986029396,0.316285659487,2.73701854999
126,0.22518372973,0.328081311809,2.72894830645,0.210829984683,0.319966958119,2.68219213608
127,0.233548834632,0.314061189135,2.67398583802,0.206541643693,0.314908180099,2.63138949373
128,0.237530437388,0.305834870368,2.61882130135,0.20798845016,0.297629974209,2.57209491608
129,0.244779374724,0.288538979863,2.56771839109,0.212336090895,0.316910849168,2.51969651586
130,0.241345096624,0.299836144714,2.5115041781,0.205774810452,0.307750860086,2.46833060759
131,0.234619525696,0.30947624308,2.45667981842,0.206981450319,0.309736117721,2.41340330752
132,0.238954512654,0.306775352554,2.41189042005,0.207156179043,0.28439390774,2.365145907
133,0.241711768635,0.30144578276,2.35892453955,0.206549091981,0.308321991792,2.31499656582
134,0.241194462914,0.30424272059,2.31765837701,0.208361264605,0.31617629528,2.26850552286
135,0.239949739348,0.311932542955,2.26332374954,0.213283635103,0.307790508637,2.21993369173
136,0.246213789612,0.306014120723,2.222916785,0.214891789051,0.308999219766,2.17323406397
137,0.245266382298,0.302291115739,2.17567806474,0.215737999632,0.320296623386,2.12955060826
138,0.245882950407,0.312711442817,2.12743054049,0.222260177135,0.314044221089,2.08866824213
139,0.247424299883,0.313592520575,2.08370344283,0.218805094178,0.31110423001,2.04414539619
140,0.25079897771,0.299072752013,2.04586032571,0.209686688506,0.312147380068,2.00216542676
141,0.249804162841,0.301575434196,2.00604103935,0.213451557435,0.326677526419,1.96391610342
142,0.2500863921,0.315960615988,1.96781128107,0.218075479452,0.302573857399,1.93121377577
143,0.254148157522,0.287106958538,1.93357060948,0.206491780969,0.321163029625,1.88545522522
144,0.248562990296,0.30632329712,1.89090338102,0.217649815174,0.310743607008,1.85276786024
145,0.248541336377,0.302284881242,1.85729776757,0.217084368834,0.309067870562,1.81402768058
146,0.248117832949,0.314888010959,1.81503077034,0.214265402693,0.318849384785,1.77526905147
147,0.25255018628,0.301055320959,1.77967343496,0.209673058528,0.332131616198,1.73924843787
148,0.250685271494,0.311736204334,1.74533072883,0.216588913248,0.318546742201,1.70709466236
149,0.251727692064,0.308655499376,1.71687099111,0.212458650653,0.334323395903,1.67762777106
150,0.245894629638,0.325618318091,1.68016064273,0.210743225538,0.329593402835,1.64853719887
151,0.247879462007,0.319734468078,1.64882662067,0.217090135584,0.316075130151,1.6065744255
152,0.246155473544,0.332341163775,1.61072819197,0.213464315121,0.336857557297,1.57505587435
153,0.243625781826,0.332141109818,1.582035325,0.213037737287,0.336764239348,1.54532618402
154,0.242675848276,0.328920849444,1.55301594345,0.212590681819,0.339499131991,1.52199549242
155,0.246536022793,0.330293279184,1.52033542851,0.217664991434,0.342829894561,1.48662980371
156,0.249047522667,0.328686621601,1.49367017595,0.213233400996,0.342335343361,1.46350431663
157,0.241230472203,0.341674086152,1.46166463831,0.212550544968,0.352565368781,1.42904116676
158,0.246855057086,0.339915746082,1.43466360718,0.214334045465,0.348086812175,1.3997001638
159,0.246052537991,0.346135603473,1.40654043534,0.213775907571,0.342997352664,1.37464491487
160,0.251885582754,0.336713891807,1.38425270295,0.212926025574,0.357880450212,1.36102832574
161,0.244516257441,0.345157876898,1.36147937628,0.209867030382,0.356608164998,1.32645834001
162,0.246839455426,0.345775323945,1.3342969807,0.217730132433,0.352927301939,1.30139590806
163,0.253516818968,0.341934954395,1.31011253914,0.218218777042,0.346338905967,1.27719882178
164,0.249080502446,0.343315592776,1.28379993136,0.216015281586,0.352077617095,1.25502683596
165,0.251989930063,0.34410767729,1.26450319146,0.214864678108,0.349467821992,1.2326615638
166,0.243282969221,0.364809957595,1.23743355453,0.210180572592,0.352217477102,1.21872139997
167,0.24924584061,0.354949142079,1.22334491227,0.21233698038,0.353687707048,1.19657777266
168,0.257429057797,0.334926044561,1.19987650177,0.220605360774,0.36218639062,1.1725065592
169,0.254212416335,0.338330610551,1.18088405705,0.213934977467,0.357109004488,1.1455234038
170,0.257564728842,0.334447436696,1.16139645591,0.21730717902,0.363492522102,1.13588063453
171,0.257323151131,0.342011268477,1.14597375256,0.22453217323,0.350332810329,1.11674910335
172,0.254014405965,0.335854869954,1.12254278625,0.229586773194,0.343610314222,1.09334867908
173,0.265885494678,0.331622482612,1.10512446364,0.226115193505,0.340146783453,1.07415111032
174,0.260373826825,0.331080547516,1.08296612648,0.221727716235,0.364025052923,1.04771644217
175,0.259616378594,0.338796272442,1.05965971058,0.221473246813,0.367096796632,1.03254879387
176,0.260481448247,0.339375311401,1.04591215132,0.227455547223,0.334547695059,1.01831428406
177,0.25733698053,0.345468205317,1.02874965677,0.220459895638,0.369097185823,0.997035315038
178,0.248420458388,0.364302214911,1.00646507453,0.225615797135,0.374863968446,0.982724207635
179,0.261346383962,0.352137552955,0.989362296482,0.221125019284,0.363711272295,0.958059336943
180,0.266932044825,0.3355077447,0.972111413891,0.217140914156,0.361649274826,0.942648006305
181,0.252834913008,0.360778103004,0.951294504398,0.217330813408,0.377594720859,0.922848304431
182,0.254634864082,0.367167373307,0.934941842499,0.22178124006,0.364114944751,0.909367061798
183,0.255632648539,0.357250265748,0.919288556495,0.220177723811,0.388994759092,0.892656053271
184,0.244746117518,0.385550145822,0.90107615839,0.217156355198,0.382111294911,0.877325305255
185,0.257201991544,0.366005429775,0.894299735274,0.231920366104,0.331187804158,0.877901509497
186,0.259100874332,0.346065434825,0.8920901329,0.218471708206,0.363655128158,0.861801052328
187,0.252306898761,0.370938519771,0.866694100282,0.220057970056,0.369515672326,0.837029655842
188,0.257160850358,0.364686488415,0.849564417066,0.225009872363,0.377874599053,0.824357942833
189,0.258145137643,0.368545920002,0.837311750442,0.217685230649,0.382077801686,0.810038046726
190,0.265128647326,0.358881788882,0.826166168271,0.226411628035,0.359328985214,0.798375167259
191,0.263439827847,0.357869229607,0.812854510696,0.224681529861,0.369547373973,0.786934226201
192,0.258559597678,0.370178566419,0.798099443309,0.223754583643,0.38735715701,0.776312984596
193,0.253938115184,0.384386636115,0.785077515842,0.225744186686,0.386485340504,0.759306733463
194,0.261062485601,0.373886451298,0.774792519149,0.229368572052,0.391455800487,0.749182109191
195,0.263916865797,0.370530303381,0.762121576194,0.222581586012,0.39016315341,0.735940628014
196,0.256134354815,0.37903843682,0.749265373982,0.224468910923,0.397625594185,0.724343088891
197,0.280012801232,0.351670890184,0.742263651813,0.225296797661,0.393691798815,0.713199696311
198,0.261669746697,0.379519972102,0.727691450763,0.22721109482,0.383700003991,0.705630076289
199,0.268537205043,0.373920677481,0.721933113927,0.237582863523,0.358197062061,0.700052845413
200,0.269163926884,0.365505347899,0.711982704457,0.228221368331,0.392602134209,0.693702732826
201,0.264134447087,0.381581366005,0.700413454139,0.229172100241,0.372952810847,0.676171771966
202,0.268478158818,0.361767890428,0.69366590949,0.236488078649,0.375763809452,0.666582971025
203,0.265416173804,0.374474520504,0.680135830511,0.229863768587,0.381102470251,0.656691617406
204,0.270534603407,0.372335412442,0.673049161576,0.231533454015,0.360670720155,0.647252544428
205,0.267243758995,0.361216899569,0.662808699426,0.239257662342,0.363701470769,0.640840460073
206,0.278244206977,0.367804201241,0.654554119047,0.234763339162,0.39728575601,0.628776104654
207,0.273346797092,0.366920510602,0.643771063057,0.229276024378,0.40756069353,0.618093822369
208,0.267705335695,0.385060101172,0.633908791389,0.228373055275,0.401173606515,0.608501673632
209,0.265764339147,0.389728306056,0.623709712229,0.230049030139,0.400547035612,0.601081671343
210,0.268288067697,0.388667919576,0.615902108697,0.229174433992,0.40748772369,0.591186882474
211,0.262296786927,0.403074210733,0.605444100564,0.225360621627,0.396784901619,0.582894163396
212,0.259126129585,0.406867434792,0.596804488236,0.227951804033,0.399418376959,0.575425966514
213,0.266708542021,0.385970492103,0.590517488606,0.232039551322,0.416617890963,0.567807453135
214,0.266928257802,0.39598964218,0.582391108056,0.236128680981,0.405847936869,0.559934252118
215,0.263805700775,0.397159212575,0.574170427307,0.226419124466,0.414856926753,0.550998552765
216,0.26416661271,0.399709862517,0.566427306813,0.233032987668,0.415728727212,0.544843132273
217,0.258139145478,0.410468613952,0.558032071993,0.231008864366,0.415016771509,0.537186772026
218,0.263161082526,0.40976294225,0.55111028378,0.226393377552,0.411397822774,0.530453953381
219,0.268149791019,0.397652794035,0.547009570952,0.232206526857,0.409444125799,0.524610696734
220,0.261418421066,0.414560791896,0.537309281719,0.227287703982,0.419581427024,0.51563280785
221,0.263797625899,0.404418548562,0.531582795074,0.222781055249,0.42089935908,0.508665633452
222,0.263094072752,0.40804399596,0.524653114431,0.227064152177,0.420304658321,0.502875725647
223,0.262729129391,0.407962813916,0.518500277442,0.22709580912,0.420995782201,0.496772758754
224,0.260265225782,0.421856710867,0.511604386811,0.22538556617,0.432305980187,0.490243699691
225,0.268222363414,0.408749901995,0.507259571812,0.235042036726,0.421093187653,0.488370421503
226,0.261018885609,0.412909773498,0.500382828145,0.22940500883,0.430896626069,0.478724810125
227,0.261963215631,0.419923930958,0.49405034952,0.22808800867,0.420555956089,0.472930423852
228,0.267680873684,0.405004034919,0.490273987383,0.231801931675,0.426238019879,0.469340713702
229,0.260442032029,0.41660849238,0.483080662785,0.227666116678,0.436811754337,0.462728047819
230,0.252696223241,0.429552001613,0.475462835812,0.230483484956,0.427377401636,0.458645017017
231,0.258863117129,0.424075833274,0.47143938009,0.229892822412,0.444015633601,0.453516991738
232,0.268444093556,0.418974291576,0.467450727403,0.24208992605,0.426584987686,0.449585512016
233,0.252820219312,0.440040960505,0.45895672293,0.229188614167,0.440475773353,0.441504659288
234,0.259012322168,0.423292472786,0.456880625961,0.227285962838,0.435337483883,0.436533232573
235,0.258331014325,0.432449850682,0.449497946835,0.219151558784,0.429182272691,0.430536216738
236,0.256877945772,0.415706723641,0.44632537855,0.229389443994,0.441251105987,0.42881763688
237,0.250043589348,0.448433616159,0.438902938051,0.227230253128,0.449384700793,0.42318100415
238,0.255899332838,0.440984114372,0.435918775969,0.238656472701,0.419261140319,0.421042710963
239,0.278740760903,0.408833048058,0.436959172615,0.232154978009,0.4117750365,0.415948721981
240,0.251182305652,0.436163398405,0.426398771188,0.233691052749,0.445756861797,0.412470042053
241,0.261594108115,0.433386214739,0.42460848282,0.229515945682,0.433512843572,0.405179184327
242,0.255691594829,0.435036443605,0.419196960935,0.232082878168,0.447191985754,0.403529798859
243,0.256740052095,0.44790700078,0.413462226498,0.231634616852,0.437408395685,0.400539265497
244,0.253271780505,0.443492374422,0.410214998355,0.22666070553,0.429571027939,0.392896605133
245,0.256729810222,0.448556396262,0.405920484329,0.220577445168,0.449588635793,0.387207891412
246,0.251096569261,0.448389127563,0.401367284093,0.231545624825,0.456114881314,0.386251192893
247,0.251530699374,0.450681190406,0.398113025494,0.230790916544,0.459823030692,0.382584099037
248,0.252916601691,0.460040950867,0.3940993946,0.224056069668,0.452881427912,0.377115579729
249,0.250538048137,0.456548413312,0.389686988879,0.230720170415,0.4512515389,0.374937712527
250,0.248840355447,0.458505876966,0.385622650326,0.226361724047,0.458257682048,0.370618874628
251,0.249283037993,0.459839898992,0.382805366149,0.237087430862,0.439226768338,0.370647062568
252,0.253037998402,0.46326616999,0.38004936475,0.228511254375,0.454778966995,0.364576246675
253,0.253413828471,0.452672829729,0.376655264204,0.214023657716,0.46268386795,0.358116360331
254,0.250943544461,0.453597459266,0.373082507954,0.213005766273,0.397895714411,0.359683239807
255,0.249091190031,0.465046510791,0.369264943211,0.222611574026,0.434289980393,0.35425005233
256,0.255547236349,0.453457627748,0.367977177216,0.232189768782,0.413989296326,0.354655568569
257,0.255253332232,0.457221365056,0.364536183093,0.212137422883,0.397337634976,0.350701740015
258,0.252585620321,0.458313356898,0.361254047464,0.232061464053,0.45745488772,0.345270306362
259,0.254517227296,0.463503954839,0.35911904889,0.227864055679,0.446278968683,0.344720394099
260,0.257988490193,0.463530874621,0.355865537501,0.222898586438,0.448425182929,0.339437185049
261,0.252573585648,0.460564614953,0.352826727571,0.220735517832,0.469296874908,0.335845090226
262,0.258432382725,0.464370171881,0.350268590608,0.227736051266,0.46766518171,0.3342936664
263,0.25732430413,0.457364486279,0.348036383765,0.227906230551,0.457773616681,0.332344589819
264,0.253628147212,0.468245053498,0.344709494294,0.223252234551,0.463983588494,0.328715750895
265,0.255028504317,0.453677808801,0.342917595377,0.231801661161,0.461005050402,0.326990090602
266,0.260015178601,0.459895703208,0.34109182449,0.221430152655,0.468652044351,0.322606027991
267,0.255291749957,0.463903652598,0.338147952029,0.249028014449,0.457404698317,0.328094171444
268,0.257881533455,0.474884897586,0.334675842325,0.236353874207,0.449969227497,0.321574582522
269,0.254747745441,0.470146324644,0.332561047489,0.22287601691,0.404138702613,0.320921102253
270,0.249786584591,0.478619138937,0.329149500602,0.219094376151,0.473479277813,0.313003452004
271,0.245682527085,0.480201650023,0.326269600016,0.23381337982,0.459225129623,0.313027083546
272,0.252666412346,0.471170695247,0.324918441152,0.216489426219,0.470349749694,0.308476576628
273,0.250433908035,0.486135068375,0.323707453839,0.224133983254,0.464813335584,0.310353569857
274,0.260246651341,0.460588768585,0.325248633254,0.2247764984,0.454545837182,0.306410542875
275,0.244548001143,0.49549467994,0.319415244678,0.21353268738,0.469360440969,0.3068965491
276,0.265978376493,0.459874877023,0.322687260902,0.22759888837,0.460035159038,0.303875856902
277,0.255214327263,0.479016259428,0.317250799646,0.213874993416,0.46250343552,0.298925274768
278,0.257668422513,0.46454699395,0.314220895998,0.234866145712,0.46406809871,0.301814685277
279,0.251292915245,0.487814640274,0.310057911363,0.223543388339,0.388655371391,0.302687043544
280,0.265328896149,0.450276619392,0.313473013284,0.21936280223,0.462424888061,0.295216838883
281,0.252412395933,0.478341925616,0.30680507833,0.219851640555,0.482043947165,0.291161122146
282,0.254918148907,0.478558301005,0.30564883093,0.21761543533,0.443121790886,0.293861212775
283,0.257899070223,0.463839644919,0.306051119602,0.214076692668,0.447003568594,0.29037156556
284,0.246176080527,0.500125909519,0.300341530075,0.218136612039,0.477006492706,0.285554368329
285,0.254478197473,0.473142310919,0.30112566457,0.225176050113,0.407813771413,0.290358079078
286,0.253018670273,0.491605990354,0.297119628934,0.218403718792,0.477833348971,0.282560912481
287,0.246938679094,0.491968256511,0.295079536342,0.22199277809,0.48020578577,0.281677058499
288,0.253504736888,0.494028565391,0.295076301996,0.223212579122,0.478616166573,0.279829123485
289,0.250096247003,0.479057368164,0.293479530496,0.232551008463,0.489689446413,0.280920947561
290,0.255854186059,0.486131727695,0.291797975916,0.225001661823,0.480899258302,0.278543712841
291,0.248381092224,0.489994933304,0.289946925168,0.215880799752,0.460680647538,0.277592456118
292,0.255766253156,0.487428102024,0.289001003566,0.21419706826,0.491718714054,0.273157678662
293,0.254020471083,0.480394208408,0.286968372963,0.217156550059,0.454263590849,0.273901815736
294,0.242217924834,0.504111741098,0.283015574004,0.222976660499,0.494793043687,0.271175794007
295,0.261315393517,0.48076615566,0.285348418473,0.226038293197,0.496385429914,0.270477431363
296,0.246632250637,0.501916612783,0.280520000126,0.216374364037,0.500771153432,0.267280285963
297,0.250627818773,0.490950753675,0.280958831625,0.212873729376,0.491160906278,0.26557147082
298,0.24723196536,0.494082046752,0.279501090925,0.223873800956,0.492306748262,0.266266828042
299,0.257441266393,0.496583940842,0.278559549094,0.227449342608,0.483248398854,0.264489742093
300,0.245002201395,0.503018890626,0.275901368442,0.226563073122,0.496849548358,0.262874064446
301,0.250617908062,0.505186052741,0.275500008882,0.222194146651,0.499570335333,0.261255456223
302,0.250286972776,0.507226949378,0.274137917078,0.226357229627,0.483961389615,0.26072464312
303,0.249336613047,0.510032609796,0.272244166229,0.231721417262,0.483545972751,0.261052224823
304,0.251861758099,0.498906999596,0.272259296597,0.23308002261,0.489867192048,0.262564937232
305,0.250190268267,0.493097645493,0.270778856817,0.216481844966,0.499222769187,0.25650445414
306,0.251715325251,0.50465691757,0.270184084467,0.216918580807,0.489169418812,0.255831428221
307,0.25268437256,0.506035265315,0.269811585845,0.215967574945,0.506746221047,0.254138064086
308,0.258590455422,0.502439714307,0.268617626096,0.221749741298,0.502632083801,0.255100889106
309,0.246428293669,0.503693970359,0.265883216738,0.211286255947,0.492217002007,0.251599656654
310,0.250331674246,0.519725293496,0.264075208402,0.223041152725,0.514677705673,0.251658410869
311,0.245118990051,0.520108965718,0.262596462727,0.218871290867,0.498499322396,0.25039553729
312,0.242131835763,0.518107587997,0.261667832359,0.213580482281,0.493034294018,0.249309849169
313,0.249866279453,0.522862188489,0.261087573872,0.219481812074,0.495278819249,0.249213259968
314,0.247764191256,0.517957432965,0.261145535534,0.222560957074,0.471308985582,0.24968934303
315,0.239830147058,0.511671028542,0.258629317243,0.209976643324,0.508380174637,0.24514484983
316,0.255677249096,0.507182419243,0.26219355828,0.231780331868,0.497584858766,0.247167795678
317,0.246354969657,0.531393621764,0.256356727968,0.21371246989,0.517329587386,0.244773930887
318,0.245855869934,0.524651177601,0.255793237982,0.217337309168,0.522920525991,0.242279004811
319,0.255809423632,0.507138241097,0.25807372693,0.257212257156,0.49428032224,0.250288764587
320,0.25344847928,0.522854983001,0.256536311061,0.223182358421,0.51414595659,0.242779452618
321,0.240385685533,0.52625907411,0.254032923073,0.237780144581,0.505246483363,0.244618741266
322,0.249559498863,0.52822562661,0.252839169499,0.225267193638,0.521269530058,0.240824468349
323,0.240766722177,0.528513732679,0.251133790117,0.217778004133,0.519584609912,0.23870649912
324,0.2450088201,0.521049962656,0.25139409143,0.2498209316,0.497930648235,0.245347193796
325,0.256989474405,0.518590467547,0.25235699008,0.222679492373,0.516359569935,0.241268729898
326,0.252205896907,0.518944666422,0.251039203743,0.216657687838,0.515802830458,0.236462165999
327,0.234959190359,0.555559276959,0.246319515122,0.217629698607,0.531855372282,0.235333651607
328,0.241548985329,0.539684074381,0.247138233337,0.207688156229,0.515223707144,0.235164941492
329,0.239741691866,0.531033701188,0.246952242818,0.242283816521,0.515896838445,0.240142333755
330,0.237179205397,0.551212070992,0.243811914649,0.216947962458,0.531162177141,0.23338204197
331,0.239953440934,0.549547775832,0.244453301345,0.254662222587,0.510175936497,0.241797616105
332,0.23004786256,0.567403623266,0.24169224881,0.243447158199,0.516297218891,0.237922805711
333,0.250954096842,0.534533321685,0.244994187842,0.231601317342,0.519538274178,0.23501608856
334,0.237528859447,0.566918471835,0.241691522356,0.210233352505,0.529643471424,0.230147957269
335,0.236367830036,0.551734744812,0.240712778112,0.218074858189,0.532780014552,0.229880793618
336,0.252383441625,0.530718334738,0.242911969961,0.207675199096,0.517658948898,0.229743830491
337,0.231792068159,0.55987848911,0.238562810321,0.213737124434,0.523507251189,0.229063532585
338,0.241306906386,0.545061272601,0.241348811346,0.210418792871,0.513342829851,0.228500625437
339,0.238204256851,0.563031054372,0.238084357474,0.220876746453,0.525857641147,0.228841943385
340,0.226533112062,0.58717742033,0.234455035413,0.236644051396,0.506813388604,0.231860353416
341,0.23621837812,0.555472291114,0.236548413212,0.238964567964,0.50856799575,0.230925547856
342,0.237707198242,0.561141713706,0.235874313827,0.229476277645,0.520103126764,0.230582428429
343,0.223664024967,0.586140081459,0.232547559033,0.225934325502,0.515201756587,0.228280518188
344,0.239994380637,0.556923095094,0.236546938404,0.22693220354,0.52638599735,0.226259900957
345,0.234415311438,0.560403887254,0.234685045077,0.243316086439,0.52542831806,0.229815172151
346,0.238825445297,0.565105196017,0.233635899839,0.2195876768,0.552263596883,0.223526623782
347,0.22837209224,0.578934914587,0.231638642894,0.222707381615,0.534496736068,0.223270420115
348,0.229844584773,0.572884442723,0.231989060593,0.228424871197,0.517691816275,0.226669960577
349,0.227079022172,0.578728000285,0.23071927816,0.229420682559,0.522512454253,0.225723653774
