epoch,jaccard,loss,val_jaccard,val_loss
0,0.03599503708,0.493735100214,0.0366128665628,0.520157355815
1,0.0359499849952,0.493707880378,0.0366151299095,0.520148763433
2,0.0359634908919,0.493679420306,0.036617353675,0.520136993378
3,0.0360412922903,0.493678551454,0.0366195102688,0.520126506686
4,0.0360299804463,0.493701412128,0.036621686304,0.520114134997
5,0.0360556077212,0.493586744253,0.0366243488388,0.520099209622
6,0.0360275174563,0.493747857901,0.0366264276672,0.520083729178
7,0.036045021879,0.493637886185,0.0366289314115,0.520069807768
8,0.0360036167101,0.493679025998,0.0366308778757,0.520058793947
9,0.0360148706688,0.493555165254,0.0366334302817,0.520046940073
10,0.0360625803184,0.493504360318,0.0366361273918,0.520034484565
11,0.0360157196052,0.493627365965,0.0366387012182,0.520024506375
12,0.0360140519646,0.493657933978,0.0366406355752,0.52001674287
13,0.0360520440512,0.493658111646,0.0366424139356,0.520009167492
14,0.0359515205312,0.493569853214,0.0366443049861,0.520001338795
15,0.0360471505958,0.493458957626,0.0366463449318,0.519994489849
16,0.0360891155612,0.49343026716,0.0366484678816,0.519986309111
17,0.0359268710017,0.493528910554,0.0366501485696,0.519970007241
18,0.0360858163868,0.493443663304,0.0366522052791,0.519960381091
19,0.0360633104753,0.493492250259,0.0366545236902,0.519953837618
20,0.0361269288338,0.493412766319,0.0366555555956,0.51994724758
21,0.0360908344961,0.493371792711,0.0366577337263,0.519940627739
22,0.0360462917731,0.493487679041,0.0366585854208,0.519937809557
23,0.0360159055831,0.493340312288,0.036659127567,0.51993284747
24,0.0360105221088,0.493331196216,0.0366595367668,0.519927151501
25,0.0360339182214,0.493490110223,0.0366605314193,0.519921166822
26,0.0360841388599,0.493566079782,0.0366614307277,0.519915459678
27,0.0360989726793,0.493416142005,0.0366624795133,0.519912082702
28,0.0360187025597,0.493466652357,0.0366633456433,0.51990939863
29,0.0360548097927,0.49351218572,0.0366635868559,0.519906489179
