epoch,jaccard,loss,val_jaccard,val_loss
0,0.104410391301,0.683178158477,0.102606075816,0.58193667233
1,0.0986576566938,0.572720773518,0.101597496308,0.569410920143
2,0.0982482866384,0.564300067723,0.101686623879,0.563199073076
3,0.0984413535334,0.558526800945,0.101958429441,0.557882763445
4,0.0989433713257,0.553226929158,0.102448427118,0.552839323878
5,0.0996782742441,0.548098029569,0.102896747179,0.547974660993
6,0.100296485005,0.543115656823,0.103528165258,0.54348628968
7,0.101176092168,0.538037165999,0.10371203348,0.539015881717
8,0.101513810223,0.533475695178,0.103791155852,0.535124249756
9,0.102023474872,0.52859345451,0.104353407398,0.530973635614
10,0.103449918795,0.523381719366,0.1043008985,0.527178287506
11,0.104432171909,0.518803648651,0.105052563362,0.523365482688
12,0.105769266374,0.513840490952,0.104601318017,0.519664868712
13,0.106664882042,0.509427873418,0.105242398567,0.516321949661
14,0.1082154545,0.504417652264,0.105132904835,0.512870177627
15,0.109802480089,0.499474612996,0.104921393096,0.509252719581
16,0.111147384858,0.495059108362,0.105413297191,0.505954768509
17,0.112220386043,0.490649244748,0.10470563639,0.502640869468
18,0.11365969968,0.486177271232,0.104914625175,0.50023829937
19,0.11510045873,0.481850938872,0.104789780453,0.496882934123
20,0.116100543877,0.477615594864,0.106663333252,0.495077077299
21,0.117191921687,0.473618190736,0.105142760091,0.491525594145
22,0.118522943929,0.469750640914,0.104629075155,0.488275676966
23,0.120509356959,0.465056517161,0.105458024889,0.485917095095
24,0.123017203994,0.460502555594,0.105475759134,0.48387895897
25,0.125108546577,0.456037743017,0.105672474951,0.480625890195
26,0.127217788016,0.451813728549,0.10639448557,0.479658260942
27,0.128780714469,0.447763910517,0.10488113109,0.476316034794
28,0.12977791531,0.444245552644,0.109091501683,0.478585854173
29,0.131174901035,0.440913815983,0.110156434588,0.47907231003
30,0.131824532058,0.437965994701,0.109225296415,0.475533872843
31,0.134350970853,0.433783355169,0.105985568836,0.468137651682
32,0.137155893492,0.428985228762,0.107587277889,0.467638559639
33,0.139665720519,0.425217725337,0.105331095867,0.463677607477
34,0.140607262962,0.421815238893,0.106245793402,0.463968716562
35,0.143443572801,0.417525200173,0.107856409624,0.463330660015
36,0.146377968602,0.413570749573,0.104326937348,0.458023261279
37,0.148654739372,0.40979238227,0.10206347052,0.452200904489
38,0.149434431922,0.406563273631,0.106611639261,0.456668373197
39,0.152940897737,0.402667912655,0.101725301705,0.449218641967
40,0.151980817784,0.401049061678,0.100681727752,0.44699703902
41,0.151645205682,0.398579744622,0.104110479355,0.447998300195
42,0.156995382626,0.393293552101,0.106279240921,0.449575778097
43,0.162004467566,0.388416933827,0.104238703847,0.445926282555
44,0.16460924549,0.38449412398,0.107919742353,0.451055467129
45,0.166429360863,0.381354995072,0.107322816737,0.448267880827
46,0.169583539013,0.378051860258,0.101741266437,0.439663253725
47,0.169659576844,0.375679805875,0.102491142228,0.438147310168
48,0.171768091153,0.372518729419,0.105098302476,0.440922621638
49,0.174981526565,0.368771741167,0.106939250603,0.446843247861
50,0.177387595177,0.365656181239,0.105209864676,0.438544824719
51,0.17879359005,0.363001244143,0.1076871939,0.441511243582
52,0.181819564663,0.359703402035,0.10249985382,0.433354817331
53,0.180701935664,0.358694750816,0.111331222579,0.450213063508
54,0.181802752428,0.35651130043,0.107648915611,0.438885360956
55,0.185770021752,0.35289924033,0.102685473859,0.429609321058
56,0.187899845187,0.349690489471,0.101681255735,0.426758214831
57,0.189366574399,0.346558017656,0.103446012363,0.427670352161
58,0.193803918548,0.342780178413,0.103230339475,0.427983760834
59,0.195392262656,0.339921855368,0.103551890701,0.426842480898
60,0.19761390565,0.337598910555,0.104988293722,0.429503723979
61,0.200842651539,0.334462508559,0.105751202442,0.42912087217
62,0.203447369859,0.331724241376,0.103311958723,0.424755558372
63,0.204840275459,0.329295490868,0.11008260306,0.43557973206
64,0.208133688662,0.326760609634,0.105678925291,0.428217187524
65,0.21014538547,0.323862706311,0.106897599064,0.42682294175
66,0.213499620091,0.320957341231,0.103694430552,0.420830141753
67,0.214155072812,0.318986251019,0.110127681866,0.432633388788
68,0.216112598777,0.317308305763,0.107262101956,0.424655821174
69,0.217364164535,0.314926800318,0.100156396627,0.415590371937
70,0.217300051358,0.313751221634,0.109843977727,0.429495997727
71,0.219587110914,0.311910168268,0.10415785946,0.417172685266
72,0.218986431137,0.310453324579,0.108211218379,0.426826372743
73,0.222791454755,0.307630698197,0.106411407702,0.422602150589
74,0.225712553598,0.304619320668,0.109145731665,0.427157819271
75,0.228731882293,0.302486275323,0.103091546334,0.413023430854
76,0.229616806377,0.300307503901,0.104889729992,0.417389281094
77,0.233727288898,0.297356733121,0.104584914632,0.41930891946
78,0.235595689621,0.295497027226,0.102625384927,0.413369569927
79,0.236094994936,0.293950393796,0.106810868718,0.418528284878
80,0.237617362756,0.292020859197,0.110326088034,0.433128546923
81,0.23998901993,0.290592228994,0.105111687444,0.41934286803
82,0.243309062906,0.287597963586,0.102868671529,0.410220932215
83,0.245092854369,0.285357357934,0.112727041356,0.437124058604
84,0.247530416586,0.283846835606,0.103443331085,0.411227680743
85,0.246369513217,0.282617377117,0.107907056808,0.423793576658
86,0.25071247993,0.279833858833,0.105048584752,0.414797127247
87,0.254722490441,0.277311734855,0.105498575605,0.414073545486
88,0.256457711104,0.275182033889,0.103708369657,0.41293464601
89,0.258587795775,0.273010347039,0.103356203996,0.410581745207
90,0.260880851652,0.271164973266,0.105193311349,0.415246494114
91,0.261767611839,0.269766738173,0.101977127604,0.406936060637
92,0.264762113336,0.268258825876,0.102548873983,0.41120172292
93,0.263151679654,0.268226230517,0.105586359277,0.409917384386
94,0.264763566665,0.267133758869,0.105926402844,0.417623355985
95,0.267199726775,0.265629153699,0.0997687494382,0.404410135001
96,0.266674780753,0.264118629042,0.103680671193,0.409029737115
97,0.266826424282,0.263845251407,0.113569241948,0.44354480505
98,0.267054099124,0.264033189975,0.108925904147,0.420644696802
99,0.272252806462,0.260360417888,0.102728941478,0.409858133644
100,0.276332333684,0.257138886955,0.105288590305,0.411703314632
101,0.28160961112,0.253890937194,0.103782855906,0.412369620055
102,0.285580402706,0.250981546938,0.101956255734,0.404856469482
103,0.286495428998,0.249361592345,0.105057436042,0.41178413108
104,0.289882109966,0.247821781784,0.0994700137526,0.401458717883
105,0.289267007262,0.247147575486,0.112305640243,0.442642204463
106,0.290532166138,0.24676941894,0.105449750088,0.413901250809
107,0.290487382561,0.245795950294,0.11100957077,0.428686529398
108,0.291328684427,0.245595365297,0.101841630414,0.407106913626
109,0.293557306752,0.243460870814,0.103801332414,0.411293569952
110,0.298164403066,0.240919172764,0.107754011638,0.421537887305
111,0.300960101187,0.23923382815,0.105509881862,0.414583861828
112,0.302236320451,0.237438434735,0.101301282644,0.406078603119
113,0.304352966137,0.235992663074,0.107435091399,0.420024570078
114,0.30713336356,0.23454909306,0.101679892279,0.405695941299
115,0.308852437884,0.232966730371,0.105901315808,0.416334491223
116,0.311053772457,0.231434727553,0.102037996054,0.410349663347
117,0.312448224053,0.230430539697,0.105604425073,0.415684361011
118,0.314822397195,0.229022506624,0.10588726867,0.414251241833
119,0.313809485175,0.229367225897,0.103770721704,0.415142912418
120,0.315264333971,0.227801363915,0.101033002138,0.406083051115
121,0.316326485015,0.227585730609,0.0998788587749,0.402708936483
122,0.313279071823,0.228124194779,0.107361223549,0.426778018475
123,0.320153876208,0.22525627818,0.105062764138,0.413329087198
124,0.319655643776,0.223680708092,0.107581428252,0.422923218459
125,0.325311576016,0.221602600068,0.10116193071,0.406266096979
126,0.325174404308,0.220525758807,0.103279578499,0.414086826146
127,0.32833951246,0.219212185591,0.103019604459,0.410833604634
128,0.327552725561,0.218944997527,0.106223914772,0.419385995716
129,0.328487129882,0.218784485944,0.107448198833,0.422859292477
130,0.332370340824,0.217301310506,0.100235686637,0.405774638057
131,0.334697606973,0.215418293606,0.101964946836,0.408759009093
132,0.334067353047,0.214277640916,0.106846314855,0.421072039753
133,0.338514280505,0.212657587137,0.102044648491,0.412094816566
134,0.339745304547,0.210955847986,0.104392251931,0.417429763824
135,0.341194958426,0.210636987351,0.101360285655,0.412669382989
136,0.343483083881,0.209289554041,0.104812450707,0.418772660196
137,0.345498200506,0.207667151932,0.105572625063,0.420942168683
138,0.347089193761,0.207658811007,0.0916916169226,0.395595077425
139,0.343435077928,0.208929711953,0.111652059481,0.444624967873
140,0.343083205633,0.209286869504,0.102704476565,0.415200263262
141,0.34318633005,0.208547113929,0.101085266098,0.412292659283
142,0.346104775555,0.207319476642,0.104992976412,0.420911833644
143,0.347872855142,0.206091076136,0.0974968867376,0.403216455132
144,0.350616501644,0.204375490546,0.100961913355,0.411647621542
145,0.353922570124,0.20253071934,0.0966280065477,0.405221067369
146,0.357107189484,0.200971821789,0.104564102367,0.421573534608
147,0.359374057502,0.199017929379,0.10863154009,0.430279005319
148,0.363177871332,0.197665755637,0.105193951167,0.424393247813
149,0.365641800687,0.196827436797,0.100833165459,0.413569070399
150,0.364987920038,0.196136056911,0.0999203277752,0.410886570811
151,0.36878286209,0.194466244895,0.108358661644,0.431400299072
152,0.369417460635,0.193713524844,0.0988964382559,0.40988798812
153,0.372279096395,0.192928343546,0.0996699482203,0.411789566278
154,0.373176030815,0.191888845991,0.103506642394,0.424650866538
155,0.376047273166,0.190977637656,0.102211672813,0.418884072453
156,0.373692921363,0.190708436072,0.108257700689,0.435632705688
157,0.376581528224,0.190690486692,0.100167372264,0.414437994361
158,0.373368610628,0.191823475529,0.100164205767,0.413883466274
159,0.374879426323,0.190980455838,0.105546202511,0.429279029369
160,0.375325627625,0.190423288848,0.105838141404,0.429493717849
161,0.377124456689,0.188700934406,0.104986975901,0.428975179791
162,0.38050547801,0.18748547649,0.109479404986,0.443235252053
163,0.382493861951,0.187727193814,0.0946383057162,0.406305491924
164,0.37586227525,0.189200587571,0.108885501511,0.442098323256
165,0.379060977139,0.189014249481,0.105503288098,0.424143973738
166,0.377909827046,0.188734464347,0.102242953144,0.424156654626
167,0.384749589488,0.186052049976,0.100167166442,0.417256712914
168,0.387813790701,0.183639948256,0.103818601929,0.426498603076
169,0.389031490311,0.182501441333,0.104169030674,0.429819576442
170,0.394779116847,0.180677264463,0.10548869241,0.427518896759
171,0.396298706532,0.179453893099,0.105457874946,0.428991474211
172,0.397514145821,0.178144522011,0.108584266156,0.437612395734
173,0.398101550527,0.177935053594,0.106527783908,0.431356266141
174,0.400873168372,0.177077184431,0.0999040305614,0.420987345278
175,0.403005311266,0.176335813478,0.106641472317,0.436752963811
176,0.401562991552,0.176020994782,0.106555220671,0.434480380267
177,0.404545823112,0.175543192308,0.104528526776,0.430881727487
178,0.405743302777,0.174892714713,0.103254583664,0.425890039653
179,0.407731420361,0.17388784606,0.102678365074,0.425288826227
180,0.408303851262,0.173596509732,0.11228947062,0.457776561379
181,0.406074658036,0.175693893805,0.0927224615589,0.407839179039
182,0.401667444967,0.176167540252,0.108540417627,0.440789908171
183,0.405335012823,0.174823654816,0.1094398899,0.452122312039
184,0.408671128564,0.173726112582,0.110465854406,0.445503626019
185,0.410360751674,0.173361022491,0.09858762566,0.417531181127
186,0.406735855155,0.174155448563,0.100380453281,0.422729033977
187,0.410796911456,0.171953283716,0.100830328651,0.423029433936
188,0.411290862598,0.170893561095,0.0977315157652,0.418840818107
189,0.416879736818,0.168819807004,0.100793130696,0.424930233508
190,0.421869206242,0.167184349149,0.101873025298,0.428597379476
191,0.423048565164,0.166004081722,0.102696415968,0.43002666533
192,0.426037368365,0.165014652535,0.0993512552232,0.424658123404
193,0.427521786653,0.164164171554,0.104678439908,0.441182631999
194,0.430234303698,0.163865432609,0.104915656149,0.441684167832
195,0.429243293591,0.163682178129,0.100529323332,0.428038284183
196,0.429230452515,0.1634907634,0.10094311554,0.430852610618
197,0.431103712879,0.162752354983,0.104907118715,0.441234052181
198,0.43206091132,0.162519339472,0.10482267756,0.441916562617
199,0.43187633343,0.161929904018,0.104858595878,0.439729169011
200,0.434553259052,0.16188227525,0.0982904145494,0.427768960595
201,0.430999748409,0.162368569989,0.115486218594,0.479257505387
202,0.417473908514,0.1716341828,0.0855425000191,0.40754494071
203,0.401493236423,0.178128832486,0.0889154477045,0.409576144069
204,0.403723359108,0.175152001437,0.110780066811,0.454177841544
205,0.416830926202,0.169964381028,0.106543391943,0.443514127284
