epoch,jaccard,loss,val_jaccard,val_loss
0,0.061610568082,0.790715996176,0.0624668905511,0.72201384604
1,0.0635344756301,0.722256876528,0.0622983546928,0.639836028218
2,0.0638622741681,0.65610415861,0.0627084216103,0.58308878541
3,0.0637184123043,0.601186297834,0.062552488409,0.543759673834
4,0.0623315342236,0.566760431975,0.0613786894828,0.521051809192
5,0.0621303920634,0.542928874493,0.0604596063495,0.504478253424
6,0.0621407490689,0.527196470648,0.0607213210315,0.493215113878
7,0.0621300167404,0.515055816621,0.0601786337793,0.484150059521
8,0.0615691132843,0.506509710103,0.0600210605189,0.478088803589
9,0.0609230286209,0.499422932044,0.0603083940223,0.473478958011
10,0.062096219277,0.493751525879,0.0602774294093,0.469504602253
11,0.0621925794985,0.488652613014,0.060374610126,0.465610429645
12,0.0624270623084,0.483936956152,0.0602367259562,0.462230168283
13,0.0620020998176,0.479728052393,0.0605228636414,0.45948780328
14,0.0630201073363,0.475564887747,0.060763916932,0.457402519882
15,0.0632029117551,0.471744505689,0.061168837361,0.455958224833
16,0.0645723980851,0.467882240191,0.0614267047495,0.455164186656
17,0.0637821694836,0.464508185163,0.061134765856,0.448036417365
18,0.065908921184,0.460861720145,0.0615243837237,0.447338089347
19,0.0641671051271,0.45801945962,0.0607815869153,0.441811814904
20,0.0659238505177,0.453917872161,0.0641730688512,0.444525957108
21,0.0659148890991,0.452583936974,0.0616819523275,0.437008872628
22,0.0653081017081,0.448578961194,0.0639324635267,0.435990527272
23,0.0679832976311,0.44564851746,0.062344616279,0.432563208044
24,0.0671205497347,0.441797569394,0.0663697673008,0.434279739857
25,0.0706247799098,0.438219536096,0.0625962270424,0.429098568857
26,0.0699181244709,0.435518411919,0.0652060033754,0.428276278079
27,0.07101977407,0.432339964435,0.0633873557672,0.422181509435
28,0.0669429404661,0.431150343269,0.067948278971,0.425133801997
29,0.0689235626487,0.430796096101,0.0615144912153,0.416941009462
30,0.0661608849186,0.42664305307,0.0672954842448,0.416448511183
31,0.0722631667741,0.421881815419,0.0670018885285,0.414381816983
32,0.0731660283636,0.419308857992,0.064906927757,0.411814704537
33,0.0680984598584,0.418911313638,0.0681846048683,0.408893354237
34,0.0695078973658,0.416452396661,0.0673723239452,0.404328338802
35,0.071846310515,0.413677368313,0.0677062897012,0.404022976756
36,0.0706562376581,0.411102268845,0.0680547691882,0.401083342731
37,0.0743197831616,0.40809250623,0.0672776298597,0.399033807218
38,0.0706087502185,0.406241098419,0.0667999433354,0.398025766015
39,0.0737058604136,0.40252744779,0.0691659785807,0.397463537753
40,0.0738196528982,0.400823729113,0.0687671946362,0.394612953067
41,0.075324262958,0.397563872859,0.0695215761662,0.391159564257
42,0.0728873843327,0.395999662578,0.0703852334991,0.390361659229
43,0.0772129432298,0.393638851121,0.0675228238106,0.386108443141
44,0.0722495762166,0.391641320661,0.0731649771333,0.387584216893
45,0.0773222919088,0.390347482637,0.0685142595321,0.384833022952
46,0.0775017738342,0.3869686611,0.0683528045192,0.382518127561
47,0.0774038832169,0.384166670963,0.0716778803617,0.380275964737
48,0.0750111695379,0.383690364659,0.0710054337978,0.378419004381
49,0.0809691136237,0.380033785477,0.0697809644043,0.375514872372
50,0.0774532731157,0.37779683806,0.0706914961338,0.374139077961
51,0.0772415332031,0.376192456111,0.0712767904624,0.372205451131
52,0.0777311115526,0.374923624098,0.0701847132295,0.369283013046
53,0.0783350709826,0.37239526026,0.0702208522707,0.368110954762
54,0.0780877829529,0.369908709079,0.0756494291127,0.366808749735
55,0.0778926184867,0.370149347931,0.0713482247666,0.364205166698
56,0.076606601011,0.36691121757,0.0715672494844,0.364367775619
57,0.0841268259101,0.36405422166,0.0736680664122,0.361807927489
58,0.0786569686607,0.362356644124,0.075760579668,0.359528243542
59,0.0855523922946,0.361007442698,0.0724324276671,0.356827303767
60,0.0784937622957,0.358596786857,0.0721052503213,0.356529429555
61,0.0841641328298,0.356653772295,0.0765112526715,0.355050876737
62,0.08482510061,0.354521827772,0.0712841646746,0.353209517896
63,0.0803836304694,0.353608584031,0.0708690444008,0.352537028491
64,0.0813475768082,0.35166651383,0.0753335384652,0.351937763393
65,0.0838158736005,0.349926341325,0.0741930194199,0.348546974361
66,0.080669445917,0.349102374166,0.0761514082551,0.34727396816
67,0.0857100998983,0.347582245246,0.0755378659815,0.346248492599
68,0.082209656015,0.345456302166,0.0759543236345,0.344098247588
69,0.084732351359,0.344141611829,0.0757519733161,0.341953359544
70,0.0831794440746,0.342221790925,0.078103614971,0.339064210653
71,0.0830195504241,0.341272486374,0.0737347565591,0.341242298484
72,0.0863359454088,0.339169690385,0.077026585117,0.337865702808
73,0.0849425327033,0.336931731552,0.0791070312262,0.337715111673
74,0.0904795513488,0.334912348539,0.0766256004572,0.333669990301
75,0.0846173739992,0.333534006029,0.0755760800093,0.333818107843
76,0.0857716901228,0.332706272602,0.0776636525989,0.332335963845
77,0.0829599227291,0.331594651565,0.0782544091344,0.330793656409
78,0.0922064231709,0.328997010365,0.0772881712765,0.328299388289
79,0.0810980822425,0.328540902585,0.0786910019815,0.327819034457
80,0.092592804227,0.326854422688,0.0800154153258,0.327446751297
81,0.0869136578403,0.324741445482,0.0779820308089,0.324915237725
82,0.0878916173242,0.324763581157,0.0804198849946,0.324128068984
83,0.0863850826863,0.322581538931,0.0787229165435,0.321644440293
84,0.0868263719603,0.320666097105,0.0760180074722,0.322713665664
85,0.0907731838524,0.319718997926,0.0775732602924,0.319987297058
86,0.0900291092694,0.317670386285,0.0813447516412,0.318897850811
87,0.0899881580845,0.317113148049,0.0784428007901,0.318311057985
88,0.0882480693981,0.315822165459,0.082258509472,0.316464215517
89,0.0924320826307,0.314116630703,0.0818020291626,0.313925050199
90,0.0905633317307,0.312026554719,0.0830566287041,0.313400015235
91,0.0916662290692,0.311743967235,0.0786564033478,0.312707297504
92,0.0893044341356,0.309681732208,0.0825706347823,0.312019810081
93,0.096283074934,0.308722499758,0.0800464861095,0.310564897954
94,0.0905195721425,0.306637177244,0.0802412498742,0.309410303831
95,0.0960345864296,0.306419789791,0.0814798846841,0.307753011584
96,0.0878655379638,0.305178435519,0.0806967318058,0.307189397514
97,0.0972083075903,0.304108073935,0.0814650692046,0.307104349136
98,0.0923015079461,0.302663566545,0.082256084308,0.304710239172
99,0.0918127177283,0.301726680249,0.0834706518799,0.303554773331
100,0.0969327222556,0.30005457066,0.0826112143695,0.301941566169
101,0.0948904911056,0.29853294231,0.0827235579491,0.30075763911
102,0.0904351824429,0.298657421023,0.0836788956076,0.298771522939
103,0.0970324855298,0.296847503632,0.0819667149335,0.298009648919
104,0.0952240005136,0.296188885346,0.0805549975485,0.29825296253
105,0.0923128747381,0.294117618352,0.0860678069293,0.297509081662
106,0.0986914983951,0.292903052643,0.0835882723331,0.296421416104
107,0.0957265398465,0.292147906497,0.084924492985,0.293245889246
108,0.0961242825724,0.290536804125,0.0872508045286,0.294025242329
109,0.100205110852,0.290090607479,0.0810015704483,0.291199341416
110,0.0942987664603,0.288976669312,0.0889454055578,0.293961748481
111,0.102236931678,0.288149937987,0.0790646858513,0.291740708053
112,0.0953121716157,0.286725439131,0.0878657866269,0.291405297816
113,0.0980167239904,0.286088174209,0.0856124144047,0.2887930125
114,0.0996729624458,0.284336213022,0.0847959462553,0.288445435464
115,0.0996744967997,0.283212127164,0.0857110712677,0.287268735468
116,0.098914006725,0.282370710745,0.0873495861888,0.286981716752
117,0.097515363479,0.282106200233,0.085361842066,0.286479569972
118,0.102311179042,0.280771516263,0.0853873603046,0.285745970905
119,0.098890313413,0.279184477404,0.0889048110694,0.283795416355
120,0.103903735522,0.279051262885,0.0823457054794,0.281774476171
121,0.0926957272459,0.278989547864,0.0916828941554,0.28249309957
122,0.102031133138,0.278048263863,0.0853538718075,0.279423750937
123,0.101841231808,0.27537391521,0.0879544392228,0.280769437551
124,0.100665865,0.274925066158,0.0872574448586,0.280159935355
125,0.103704106994,0.274479452521,0.0874126441777,0.279806673527
126,0.101008221973,0.273092966527,0.0853859707713,0.278019838035
127,0.103770416928,0.272231105715,0.08338563703,0.278410091996
128,0.0990405227058,0.271767508239,0.0869439020753,0.276895649731
129,0.105171573348,0.270085478202,0.0863639432937,0.275206409395
130,0.0991584812291,0.270217075944,0.0898905955255,0.275873303413
131,0.106969181914,0.268255753443,0.0864387564361,0.273478806019
132,0.0998575459234,0.268485553563,0.0921933930367,0.273726031184
133,0.103870050516,0.267798034474,0.0899312216789,0.272327907383
134,0.105867078062,0.266860636882,0.0827074199915,0.272678360343
135,0.0994421681389,0.265652077273,0.0897171217948,0.271127380431
136,0.104947220301,0.265347109176,0.0883807502687,0.269699782133
137,0.100432212115,0.264999032021,0.0839044116437,0.26907389611
138,0.098424566444,0.2637199983,0.0965476892889,0.272039406002
139,0.113568922505,0.262782156467,0.0818634070456,0.268481761217
140,0.0970850880258,0.26241128426,0.0941070318222,0.267835728824
141,0.106817548629,0.261550946161,0.0853561665863,0.2675530985
142,0.101270994172,0.260232452303,0.0918450802565,0.265170753002
143,0.111751174089,0.259435967542,0.0916438493878,0.265331342816
144,0.0951281804591,0.262691462412,0.0919786281884,0.265305161476
145,0.107105592731,0.258631723002,0.086516475305,0.264851044863
146,0.100252687,0.259114056826,0.0903114434332,0.263304915279
147,0.108757718932,0.25672291033,0.0908778049052,0.262902069837
148,0.108293613885,0.25577188842,0.0912579614669,0.261284828186
149,0.105129770702,0.255236230791,0.0940960980952,0.261463981122
150,0.108884856571,0.253633174114,0.087874352932,0.26069945842
151,0.107297195122,0.253056380898,0.096920825541,0.260680545121
152,0.111965841614,0.252003458329,0.0881071258336,0.258798178285
153,0.109917951282,0.250911159441,0.0954313818365,0.259344045073
154,0.115175671643,0.251043241471,0.0882154013962,0.257851470262
155,0.104389738059,0.250693735667,0.0913755316287,0.25929948315
156,0.108935204567,0.249896583147,0.0890198815614,0.257003556937
157,0.111227812245,0.249504808336,0.0924861989915,0.256105013192
158,0.107747632079,0.248568348587,0.088219307363,0.255149099976
159,0.104761499912,0.248460055329,0.0929385926574,0.256589431316
160,0.112231148873,0.246370291337,0.0889481157064,0.255483791232
161,0.111547369976,0.2459963765,0.0976697523147,0.253695763648
162,0.116001655348,0.246613078751,0.0932365935296,0.25255073607
163,0.105342095252,0.248230104335,0.0896105710417,0.254530835897
164,0.108267578762,0.246415544301,0.0964115131646,0.254835661501
165,0.112764549442,0.245080990717,0.0917109884322,0.252311870456
166,0.113331296947,0.243511103094,0.094367980957,0.25147299096
167,0.107525380328,0.24317299854,0.0977039635181,0.253299228847
168,0.114615614992,0.243384312838,0.0927186552435,0.25068680197
169,0.113375328481,0.241099672392,0.0962011795491,0.249884009361
170,0.113499618601,0.240305777639,0.0915436632931,0.249857265502
171,0.113961761352,0.239111837,0.0968642923981,0.249230444431
172,0.117933466099,0.239410242066,0.0966141913086,0.24744508788
173,0.115684091114,0.238244077191,0.0960534438491,0.247892178595
174,0.114509837236,0.238021199591,0.0945561397821,0.247228652239
175,0.119536192622,0.237164762802,0.095067601651,0.24644837901
176,0.118133769836,0.237681283616,0.0922001767904,0.244762916118
177,0.109287729487,0.236842095852,0.100124305114,0.247428838164
178,0.122696001083,0.23701826483,0.0897645838559,0.245154067874
179,0.107252007816,0.236526732333,0.102203374729,0.246974825859
180,0.121465639211,0.23740443401,0.092552870512,0.244399223477
