epoch,jaccard,loss,val_jaccard,val_loss
0,0.099015019834,0.63379214704,0.127196282148,0.784950792789
1,0.0951715316623,0.509760707617,0.14110159874,7.00565385818
2,0.0950488075614,0.491639964283,0.120330609381,0.621398806572
3,0.0944870561361,0.476927861571,0.118955820799,0.599379897118
4,0.0937968939543,0.4636965096,0.117536939681,0.57903701067
5,0.0924690607935,0.452101990581,0.116062507033,0.560262084007
6,0.0929195061326,0.440752677619,0.114553667605,0.543064773083
7,0.0932733938098,0.430416814983,0.113001123071,0.527304470539
8,0.0941833108664,0.42065563798,0.111397586763,0.512766242027
9,0.0980621762574,0.410294994712,0.109735928476,0.499379843473
10,0.0997791998088,0.403222359717,0.108012922108,0.487058073282
11,0.106225550175,0.3909843117,0.106286972761,0.477386802435
12,0.104033449665,0.386284291744,0.104647777975,0.491342365742
13,0.108156515285,0.377409696579,0.11371345818,0.551898062229
14,0.106691757217,0.371475093067,0.127319872379,0.643333673477
15,0.109277749434,0.365212105215,0.139895275235,0.792847812176
16,0.108145572245,0.360320791602,0.14147901535,0.777495503426
17,0.110103126615,0.354419372976,0.140105977654,0.789632558823
18,0.113932518288,0.350302286446,0.140282616019,0.720929205418
19,0.111112847924,0.347710743546,0.13583882153,0.460080832243
20,0.111454656348,0.346024923027,0.115853503346,0.424877822399
21,0.117935108021,0.340005017817,0.124873168766,0.430277317762
22,0.117358300835,0.336267121136,0.130781948566,0.435476839542
23,0.117207750678,0.334586754441,0.13740812242,0.439106613398
24,0.118146447465,0.331333599985,0.109448522329,0.418781399727
25,0.117951311171,0.329971238971,0.103743977845,0.413116931915
26,0.117837443948,0.328729249537,0.118717670441,0.42815721035
27,0.120182948187,0.324275709689,0.122953899205,0.425936549902
28,0.115141997114,0.32826564461,0.0829181820154,0.409771353006
29,0.127782959491,0.320388622582,0.0825813412666,0.410806834698
30,0.122414149344,0.319554038346,0.0791299641132,0.40970402956
31,0.122440190986,0.316801659763,0.144148081541,0.442993015051
32,0.125689256936,0.319560155272,0.157439500093,0.71457451582
33,0.117325354367,0.319349810481,0.153802365065,0.484565407038
34,0.124944349751,0.316160313785,0.167623206973,0.612932562828
35,0.1268239934,0.31309479475,0.16137932241,0.517131686211
36,0.129222633317,0.31283685565,0.163733139634,0.612345397472
37,0.124145951122,0.307842738926,0.163388743997,0.691451370716
38,0.131975291297,0.307405874133,0.164477258921,0.587005496025
39,0.123332174495,0.30898976326,0.160499915481,0.630586326122
40,0.14010201022,0.302103720605,0.14431515336,0.806822359562
41,0.139644302428,0.29977735877,0.150256544352,0.74699819088
42,0.138394143432,0.299697689712,0.144955888391,0.795119583607
43,0.140505703166,0.29922324419,0.14644446969,0.800280928612
44,0.127455042675,0.301313269883,0.150472268462,0.743912398815
45,0.143519982696,0.296254277229,0.141209080815,0.997465074062
46,0.141254786402,0.292885757983,0.143532916903,0.905814111233
47,0.148827832192,0.291553013027,0.141402706504,0.905162274837
48,0.148026634008,0.289319552481,0.143181353807,0.826498687267
49,0.151086382568,0.286724716425,0.141409650445,0.912179887295
50,0.150246150792,0.285744443536,0.141738891602,0.861506402493
51,0.159417983145,0.284673016518,0.142536640167,0.809624254704
52,0.149256421253,0.28304226324,0.144169300795,0.772775292397
53,0.156638432294,0.280737556517,0.142574563622,0.742951512337
54,0.156952165067,0.279941227287,0.141862630844,0.718471884727
55,0.165653903037,0.27705951035,0.14278049767,0.709276199341
56,0.163618501276,0.272890657187,0.144907057285,0.617389321327
57,0.169674541801,0.273321315646,0.144696474075,0.691621243954
58,0.162747312337,0.271266959608,0.151031389832,0.665984928608
59,0.171317804605,0.274666380137,0.144871488214,0.643634021282
60,0.169479157776,0.268977016211,0.149408519268,0.540091574192
61,0.172284081578,0.268396738917,0.151263609529,0.587665915489
62,0.177094664425,0.265927817672,0.151062995195,0.512620687485
63,0.17657173425,0.263074360788,0.151763886213,0.560732603073
64,0.179174710065,0.262147977948,0.149436488748,0.532132029533
65,0.182438254356,0.2613013722,0.149235069752,0.548040926456
66,0.18636418134,0.260006222874,0.146030604839,0.470988243818
67,0.181220885366,0.262899432331,0.147347360849,0.48909676075
68,0.175793956965,0.261292777956,0.149079009891,0.587596356869
69,0.181993253529,0.263326648623,0.146618515253,0.477829307318
70,0.168318364769,0.264114949852,0.147458642721,0.603185772896
71,0.189314190298,0.259534250945,0.144090533257,0.526577055454
72,0.179537966847,0.259867165238,0.145608410239,0.604703366756
73,0.174164876342,0.259509954602,0.145745411515,0.514750063419
74,0.19757220149,0.25643248111,0.141137525439,0.573916614056
75,0.179517522454,0.253720451146,0.148193269968,0.560474634171
76,0.191723000258,0.259281154722,0.136441275477,0.50657838583
77,0.178635720164,0.25539451465,0.145257145166,0.544941067696
78,0.204256512225,0.250509712845,0.127850160003,0.469363898039
79,0.189013984054,0.248232536018,0.141922533512,0.478539079428
80,0.205982469022,0.244418550283,0.129521876574,0.486046254635
81,0.201612986624,0.244483783841,0.139404624701,0.537235617638
82,0.206392720342,0.240521963686,0.130769625306,0.462539613247
83,0.209579247981,0.242547947913,0.136482566595,0.465147018433
84,0.211291242391,0.241732813418,0.131699800491,0.465736448765
85,0.191484116018,0.248856518418,0.138878419995,0.481843829155
86,0.218628808856,0.24175773561,0.135080441833,0.473708838224
87,0.198983039707,0.24150974676,0.140945166349,0.504717946053
88,0.210808135569,0.241614248604,0.137737065554,0.476171463728
89,0.210818678141,0.235445830971,0.128003194928,0.434708625078
90,0.213742032647,0.23412501812,0.132656678557,0.444243252277
91,0.229769326746,0.230680618435,0.121277630329,0.438886255026
92,0.223738498986,0.229576293379,0.12420951575,0.452035784721
93,0.225471645594,0.227779194713,0.133590221405,0.425325840712
94,0.235691223294,0.225462708622,0.116687759757,0.4332074821
95,0.226723343134,0.231061778963,0.119547054172,0.407447874546
96,0.22349473089,0.226685747504,0.140130311251,0.425899773836
97,0.228206735104,0.226455587894,0.119378961623,0.433433592319
98,0.243968881667,0.225033558905,0.12332419306,0.422578930855
99,0.231139697134,0.222417827696,0.128841564059,0.426087796688
100,0.230369690806,0.227546304464,0.127076730132,0.434393703938
101,0.242623865604,0.223367728293,0.128041327,0.456936448812
102,0.230817459524,0.225540101528,0.126281604171,0.441558897495
103,0.242115139961,0.220141150057,0.122919507325,0.442400157452
104,0.244216099381,0.217663995922,0.119355805218,0.431936472654
105,0.248149719089,0.21592085436,0.121232077479,0.430780798197
