epoch,jaccard,loss,val_jaccard,val_loss
0,0.103251487017,0.719033047557,0.123446151614,0.70304608345
1,0.0991390869021,0.568942189217,0.122944280505,0.687428951263
2,0.0986951030791,0.544896826148,0.122340425849,0.675067126751
3,0.0984120890498,0.534625500441,0.121690802276,0.662376284599
4,0.0981636866927,0.528351932764,0.121062278748,0.650999486446
5,0.0976887755096,0.523731663823,0.120495013893,0.641019105911
6,0.0975980386138,0.520040675998,0.119959168136,0.632046818733
7,0.0975115671754,0.516957744956,0.119470618665,0.624010622501
8,0.0975039191544,0.514253884554,0.119008533657,0.616887032986
9,0.0975933857262,0.511679649353,0.118595570326,0.610323667526
10,0.0981175228953,0.509063676,0.118204861879,0.603742837906
11,0.0989143960178,0.506402269006,0.117780454457,0.597022593021
12,0.100798940286,0.503055207431,0.117226570845,0.590355992317
13,0.104068502784,0.499210767448,0.11680675298,0.584287345409
14,0.11066695489,0.495246566832,0.116303451359,0.578249812126
15,0.113722901791,0.491174787283,0.115628749132,0.571588516235
16,0.115668127313,0.48707947135,0.115102849901,0.565936863422
17,0.116643678397,0.484826892614,0.114645548165,0.560547947884
18,0.117478197441,0.482244051993,0.114124849439,0.555295944214
19,0.120182067156,0.478372342885,0.113643929362,0.550345957279
20,0.122588109225,0.475775107741,0.113471962512,0.546249330044
21,0.123970096931,0.472533091903,0.112669400871,0.540857195854
22,0.124661620706,0.470103763044,0.11220471561,0.536441743374
23,0.124640641734,0.467888809741,0.111748963594,0.5322894454
24,0.128608239815,0.463944651186,0.111278794706,0.528166115284
25,0.129339106381,0.46106684953,0.110800139606,0.524295270443
26,0.13104490377,0.458592608571,0.110357642174,0.520619690418
27,0.132452469319,0.456096030772,0.10988483578,0.516866147518
28,0.133499883115,0.454009518027,0.109547533095,0.513628005981
29,0.134943608195,0.450575582683,0.109023213387,0.51029676199
30,0.13576993905,0.448923267424,0.108586758375,0.507143855095
31,0.138629518449,0.445886954665,0.108429022133,0.504623055458
32,0.138620199636,0.44503454864,0.108054727316,0.501748263836
33,0.134368117899,0.444617338479,0.107382044196,0.498813867569
34,0.140668272972,0.441521085799,0.107504300773,0.496414512396
35,0.138189787045,0.439420595765,0.107102937996,0.494540482759
36,0.141526576132,0.436613500118,0.106388032436,0.491511464119
37,0.144687570632,0.433322630823,0.106236293912,0.489528000355
38,0.146643698215,0.430891886353,0.105530165136,0.486636996269
39,0.146803103387,0.4289406389,0.105457797647,0.484478205442
40,0.148601487279,0.425627879798,0.105080924928,0.482861787081
41,0.150009665638,0.423644267023,0.104764766991,0.48091673851
42,0.15073742345,0.422524362803,0.104883275926,0.479012936354
43,0.153065368533,0.421024888754,0.104094862938,0.476921528578
44,0.151481416076,0.417908407748,0.103924654424,0.475394427776
45,0.155753087252,0.415602691472,0.103884972632,0.473382920027
46,0.156183421612,0.412854485214,0.104219637811,0.473016411066
47,0.16118421033,0.409639686346,0.103261820972,0.470121383667
48,0.159828111529,0.409173354506,0.10354064405,0.469616532326
49,0.161952998489,0.405790939927,0.102595284581,0.467435568571
50,0.164321526885,0.403099402785,0.10234183073,0.466293126345
51,0.162805389613,0.403670087457,0.103761538863,0.466224908829
52,0.162253126502,0.401564911008,0.10122268647,0.462307840586
53,0.166903387755,0.400212749839,0.105926789343,0.465725898743
54,0.165905226022,0.397451914847,0.102692715824,0.461957961321
55,0.168141901493,0.395918704569,0.102696485817,0.460455387831
56,0.169404610991,0.392660953104,0.101715087891,0.458277195692
57,0.173871282488,0.389876581728,0.101618662477,0.457887351513
58,0.170693296939,0.388667009771,0.100518263876,0.45541125536
59,0.177288491279,0.385918810964,0.102424331009,0.456375092268
60,0.173890694976,0.384574227035,0.101249866188,0.454427391291
61,0.180436462164,0.382021389902,0.102369837463,0.454524576664
62,0.17681408301,0.381755113602,0.101492032409,0.453350841999
63,0.180393695831,0.37835213542,0.101872131228,0.451866865158
64,0.183201078326,0.375871963799,0.102884486318,0.451739221811
65,0.185376059264,0.375431828201,0.104370310903,0.45343786478
66,0.183460552245,0.37192440033,0.102958366275,0.450268477201
67,0.186753839254,0.369738385081,0.102242648602,0.448978990316
68,0.189326792955,0.36732852459,0.10316516459,0.449698895216
69,0.192565079778,0.364864654839,0.105481632054,0.447836369276
70,0.194118496031,0.363815717399,0.105108492076,0.449772238731
71,0.193483810872,0.361610271037,0.103918865323,0.447701066732
72,0.196581471711,0.359878733754,0.104507781565,0.446002304554
73,0.187131173909,0.366205886006,0.105948619545,0.449811786413
74,0.19467362389,0.358450397849,0.10914247483,0.446479856968
75,0.195258401334,0.359436638653,0.103121332824,0.446248531342
76,0.186477910727,0.359767824411,0.105082660913,0.443125218153
77,0.199275419116,0.356984391809,0.105686277151,0.447041839361
78,0.197901010513,0.353645786643,0.106317155063,0.44462248683
79,0.199225936085,0.35148717463,0.104760810733,0.444002181292
80,0.199757579714,0.35119972378,0.112445741892,0.446332097054
81,0.202045701444,0.347675383091,0.107258595526,0.44420298934
82,0.205106232315,0.346036814153,0.108775027096,0.444690555334
83,0.208921603858,0.34254463017,0.108463793993,0.442106246948
84,0.209945335984,0.340444587171,0.108307190239,0.442883878946
85,0.211832009256,0.339514359832,0.113465681672,0.444859027863
86,0.212044619024,0.336917981505,0.109304636717,0.444008290768
87,0.216619379818,0.335220500827,0.111230418086,0.443289369345
88,0.214711338282,0.335364215076,0.111471228302,0.443405240774
89,0.217268176377,0.332834631205,0.111744388938,0.442882835865
90,0.212234240025,0.33345156908,0.116336040199,0.447196036577
91,0.218604218215,0.332403637469,0.110692150891,0.442961722612
92,0.214801512659,0.330939494073,0.112911641598,0.442579090595
93,0.222400739789,0.331145577133,0.119299538434,0.454380512238
94,0.214131474495,0.329245448112,0.113457977772,0.443196713924
95,0.213363915682,0.329941086471,0.112814761698,0.440259367228
96,0.21848918125,0.326514072716,0.120005466044,0.452970266342
97,0.230641040951,0.322595581412,0.116337686777,0.449534296989
98,0.216414272785,0.323394782841,0.116347812116,0.443959772587
99,0.230317715555,0.318381994963,0.115268625319,0.444996088743
100,0.233638644218,0.315131351352,0.114645473659,0.445685565472
101,0.228388722986,0.315251819789,0.116099648178,0.444550037384
102,0.237698648125,0.313654989004,0.112687908113,0.444096267223
103,0.235137484968,0.310701861978,0.117878824472,0.447685778141
104,0.235968917608,0.310248531401,0.112166367471,0.441830009222
105,0.240590576082,0.308744452894,0.117532230914,0.447338551283
106,0.238729454577,0.307367227972,0.118439525366,0.449797928333
107,0.241020493209,0.305671781301,0.114715471864,0.445292323828
108,0.241416472942,0.304274439812,0.117171533406,0.448473483324
109,0.230357717723,0.309388481081,0.120291650295,0.45453107357
110,0.248446065933,0.304298393428,0.12358161062,0.46326443553
111,0.245244096965,0.30153670907,0.11854891479,0.451147139072
112,0.245393328369,0.300124719739,0.118682041764,0.447210878134
113,0.25008924678,0.297943152487,0.114753052592,0.442793637514
114,0.248494707048,0.295292213559,0.118119508028,0.448443233967
115,0.248717702925,0.299738436937,0.119767650962,0.45336073637
116,0.250869072974,0.294254630804,0.119806177914,0.452773302794
117,0.250528492033,0.293234840035,0.117245085537,0.446699976921
118,0.256784480065,0.292327597737,0.12149861455,0.454406827688
119,0.253053113818,0.291247680783,0.118731372058,0.450907409191
120,0.253623884171,0.293918043375,0.118061974645,0.448886781931
121,0.255780190229,0.289072953165,0.114344522357,0.443378895521
122,0.256389621645,0.288600713015,0.111957222223,0.442015886307
123,0.261012092233,0.285410374403,0.118568733335,0.445229709148
124,0.257577996701,0.285532608628,0.119964711368,0.448645830154
125,0.266878958791,0.282142825425,0.118557788432,0.450112581253
126,0.263506900519,0.281127467752,0.130317732692,0.467326521873
127,0.272020496428,0.278541445732,0.11477112025,0.441916137934
128,0.265605028719,0.278035782278,0.124775402248,0.456383407116
129,0.272120777518,0.280742034316,0.119250327349,0.451249092817
130,0.255831517279,0.282416000962,0.131812602282,0.467239975929
131,0.273253023624,0.280395813286,0.113597601652,0.441346585751
132,0.256548903883,0.28099194169,0.13156914711,0.469028741121
133,0.272653251886,0.277702517807,0.118364363909,0.448298841715
134,0.270473137498,0.274265572429,0.123274981976,0.454217642546
135,0.2696595788,0.273147642612,0.120532728732,0.449460595846
136,0.280330635607,0.270844817162,0.120740845799,0.453854560852
137,0.27437004447,0.272326268256,0.113598361611,0.44539475441
138,0.269911494106,0.270589306951,0.127158522606,0.462154507637
139,0.282004490495,0.269643455744,0.108181245625,0.440471827984
140,0.270524840802,0.270265586674,0.13299433887,0.479341834784
141,0.275625862181,0.274997718632,0.0979802533984,0.437988311052
142,0.269420340657,0.270974501967,0.12782625854,0.465064942837
143,0.277271024883,0.269799187779,0.115659445524,0.444285035133
144,0.27743998915,0.267107531428,0.119042485952,0.446436822414
145,0.281835667789,0.265701875091,0.122280970216,0.451053887606
146,0.280912134796,0.263273090124,0.120833821595,0.44797629118
147,0.285975567997,0.260293863714,0.119373030961,0.444426864386
148,0.291424997151,0.258043281734,0.120150104165,0.449789762497
149,0.291915468872,0.256108187139,0.116418160498,0.44328340888
150,0.291608210653,0.256024926901,0.124568320811,0.458647370338
151,0.293674521148,0.25423354283,0.119917914271,0.451115071774
152,0.302180126309,0.250794086605,0.12266484648,0.458308190107
153,0.296819992363,0.250917937607,0.127082124352,0.463818222284
154,0.306909717619,0.249248776585,0.120686084032,0.459985584021
155,0.301267020404,0.247624002397,0.127309173346,0.468697279692
156,0.292455285788,0.254378452897,0.118543453515,0.454072088003
157,0.308032773435,0.249003782868,0.128519698977,0.473578542471
158,0.297277677804,0.249802604318,0.118359103799,0.453715831041
159,0.303722754121,0.247924916446,0.125068187714,0.462138175964
160,0.299800269306,0.249649815261,0.121629551053,0.45605301857
161,0.302413038909,0.247737828642,0.120193570852,0.453002333641
162,0.296396628022,0.248270060867,0.12382170558,0.456776887178
163,0.310024723411,0.246305402368,0.12612862885,0.47374394536
164,0.291236139834,0.249645002186,0.128282770514,0.464444369078
165,0.313101366162,0.245094031096,0.122392438352,0.462164789438
166,0.306235544384,0.241901829839,0.121263965964,0.457426637411
167,0.305352203548,0.241946462542,0.129139572382,0.466908305883
168,0.315967783332,0.241225801408,0.119535721838,0.452764302492
169,0.310134552419,0.240202769637,0.121930621564,0.455727010965
170,0.309858649969,0.240197710693,0.122453339398,0.455958008766
171,0.315901167691,0.237234231085,0.129816740751,0.488245993853
172,0.311346754432,0.239448331296,0.121300294995,0.456223726273
173,0.317752979696,0.237049955875,0.125968202949,0.470170855522
174,0.313047349453,0.237904947251,0.115276269615,0.448309451342
175,0.315228275955,0.236610066146,0.13272254169,0.502804040909
176,0.318558610976,0.236441463232,0.121098905802,0.457186251879
177,0.321649238467,0.232859689742,0.124914690852,0.470341533422
178,0.320511303842,0.232833296061,0.120145127177,0.455205649137
179,0.317674227059,0.232289265841,0.131963327527,0.484505176544
180,0.325403347611,0.231783077121,0.11943154037,0.462096631527
181,0.309318453074,0.235722813755,0.128388121724,0.466424912214
182,0.328835047781,0.232534710318,0.126156613231,0.472350955009
183,0.31277487427,0.232971161604,0.121685884893,0.461660981178
184,0.329392328858,0.229527909309,0.128699600697,0.477008551359
185,0.327104970813,0.228184442967,0.125237882137,0.467188507318
186,0.331163071096,0.224431075156,0.127075627446,0.476217746735
187,0.331868909299,0.225844629109,0.124423496425,0.463058501482
188,0.32762041688,0.224023751915,0.124137125909,0.466470211744
189,0.330901391804,0.2259959355,0.131446421146,0.481186419725
190,0.335858494043,0.222569905221,0.123451434076,0.476498454809
191,0.336874961853,0.221623450518,0.128130227327,0.4773414433
192,0.338824823499,0.219359531999,0.124404624104,0.469322860241
193,0.344477534294,0.218101397157,0.121854804456,0.465475291014
194,0.339673154056,0.217523485422,0.12214962393,0.460810273886
195,0.344684675336,0.216920156032,0.125873848796,0.470340460539
196,0.338119909167,0.216646663845,0.120107993484,0.45833298564
197,0.351904287934,0.21661626175,0.126869633794,0.476893782616
198,0.34455126524,0.214254472405,0.116234108806,0.456852316856
199,0.346217982471,0.215508069843,0.131949365139,0.486457616091
200,0.345129489899,0.214401680976,0.116040430963,0.45054858923
201,0.352026723325,0.212498746812,0.125078573823,0.472751379013
202,0.346787877381,0.213724929839,0.121401250362,0.458248823881
203,0.350176282227,0.213527459651,0.121073961258,0.466001182795
204,0.351628571749,0.212938249111,0.122140884399,0.46513068676
205,0.351278573275,0.210572205484,0.123255074024,0.46680650115
206,0.342492893338,0.212544634938,0.121855385602,0.458826720715
207,0.360820114613,0.210546087474,0.12331558764,0.468216866255
208,0.347483873367,0.210068166256,0.126288995147,0.471276134253
209,0.361952461302,0.209070604295,0.123054556549,0.470721811056
210,0.347695432603,0.208473235369,0.119750805199,0.458046704531
211,0.352098502219,0.20857720077,0.118894740939,0.455835819244
212,0.35557166487,0.208490055054,0.13227558136,0.487562477589
213,0.361816182733,0.205735959113,0.122295081615,0.464526414871
214,0.357978947461,0.206939335912,0.125845968723,0.479748219252
215,0.356470301747,0.207472201437,0.123194538057,0.46986952424
216,0.36023183167,0.204643193632,0.123366653919,0.474054813385
217,0.365935511887,0.202433973551,0.125294476748,0.475618064404
218,0.366885326803,0.199897497892,0.122121959925,0.469384461641
219,0.365536302328,0.202640473843,0.117428973317,0.463218033314
220,0.35684132576,0.205893680453,0.129904583097,0.487136483192
221,0.361910715699,0.203287374228,0.112489305437,0.455667883158
222,0.358759857714,0.205469593406,0.130038142204,0.485287547112
223,0.365528710186,0.204729840159,0.114603452384,0.455595940351
224,0.353862419724,0.206037759781,0.124757759273,0.46857431531
225,0.371693834662,0.200527742505,0.120806738734,0.469689846039
226,0.364515520632,0.199582371861,0.123833522201,0.470654904842
227,0.368489444256,0.200381610543,0.121066920459,0.468740284443
228,0.367338359356,0.19819419831,0.119095735252,0.461112856865
229,0.377254649997,0.196227647364,0.124190941453,0.478777706623
230,0.370995827019,0.19645614177,0.127962976694,0.476599901915
231,0.38109305501,0.194252431393,0.121474139392,0.47741985321
232,0.376036606729,0.193573597819,0.126502349973,0.477438032627
233,0.380415573716,0.195672038943,0.113909229636,0.459405303001
234,0.380372919142,0.19164082408,0.124438919127,0.475314408541
235,0.376066736877,0.193401042372,0.121964193881,0.46774622798
236,0.385535523295,0.19173425436,0.115108378232,0.457735896111
237,0.383105650544,0.190078541636,0.122928231955,0.471865326166
238,0.389340229332,0.188766267151,0.11997217685,0.467433393002
239,0.381562516093,0.189604952931,0.129248067737,0.486503094435
240,0.386331528425,0.19332639128,0.10694667697,0.45105946064
241,0.376998230815,0.192768264562,0.131049498916,0.495538085699
242,0.385599508882,0.190195646137,0.112898334861,0.460099905729
243,0.381558731198,0.189756713808,0.121237054467,0.469230830669
244,0.38841368258,0.188813578337,0.121725842357,0.467122346163
245,0.384929127991,0.189821653068,0.128180637956,0.482938110828
246,0.392425104976,0.187441267073,0.120808951557,0.468366593122
247,0.381037034094,0.187739506364,0.122167564929,0.469174146652
248,0.398737587035,0.187742400914,0.125113844872,0.486752599478
249,0.376802489161,0.189679387957,0.126189053059,0.475945949554
250,0.400804489851,0.184982191771,0.127130970359,0.491604864597
251,0.392594382167,0.185358308256,0.123552516103,0.475541383028
252,0.390332072973,0.185067322105,0.124903649092,0.478772163391
253,0.39485193789,0.183731939644,0.122413344681,0.468700736761
254,0.398173026741,0.181881614029,0.12502963841,0.482501417398
255,0.401402071118,0.181799300015,0.124603487551,0.482709765434
256,0.404851406813,0.179403122514,0.115882717073,0.46689042449
257,0.402310982347,0.180554695427,0.127713993192,0.486549824476
258,0.404750660062,0.179126452655,0.118536323309,0.474137663841
259,0.405869722366,0.176941018552,0.1218162328,0.474077641964
260,0.410221293569,0.177290558815,0.120162509382,0.475106656551
261,0.405275374651,0.178161881864,0.126928031445,0.478432953358
262,0.411955982447,0.176294397563,0.116821922362,0.467783033848
263,0.412064887583,0.175043072551,0.12585015595,0.485548049212
264,0.41427437216,0.174129463732,0.121267281473,0.475288242102
265,0.413449116051,0.17424839735,0.122959010303,0.477944076061
266,0.418649815023,0.173516325653,0.115575693548,0.467044323683
267,0.413272887468,0.173189900815,0.128081515431,0.48545229435
268,0.420657418668,0.172953411937,0.114371910691,0.467764079571
269,0.411738373339,0.174050506204,0.130798742175,0.491184771061
270,0.415160618722,0.173213947564,0.111098445952,0.461916059256
271,0.416409946978,0.172350782901,0.127228081226,0.486909538507
272,0.416992597282,0.174295403063,0.111909322441,0.46264949441
273,0.401736326516,0.175175730139,0.130266875029,0.482198864222
274,0.422270938754,0.17632939294,0.117326624691,0.48281750083
275,0.40054576844,0.177620641887,0.130849137902,0.488237023354
276,0.411654911935,0.183229301125,0.119524054229,0.488435536623
277,0.397589728236,0.177652623504,0.117564275861,0.463669478893
278,0.406641758978,0.178381111473,0.131915017962,0.510154902935
279,0.410451829433,0.176209941506,0.11434751749,0.471252799034
280,0.408981643617,0.175128426403,0.125739857554,0.484307616949
281,0.411285378039,0.176914747804,0.120376303792,0.479727566242
282,0.409127958119,0.173524737358,0.122042723,0.479355663061
283,0.412711031735,0.172609619796,0.119203813374,0.473680496216
284,0.423964105546,0.170811656862,0.122692652047,0.487676054239
285,0.408461309969,0.173524726182,0.126033395529,0.483394831419
286,0.425549387932,0.17145787552,0.125805005431,0.49155780673
287,0.423225522041,0.168372519314,0.114976875484,0.470822542906
288,0.408372439444,0.173002146184,0.130893841386,0.497457802296
289,0.432975195348,0.170283973217,0.129225283861,0.509693324566
290,0.415237553418,0.171324145049,0.112859196961,0.469073534012
291,0.411211796105,0.17252298817,0.110521048307,0.458947569132
292,0.419697329402,0.172206774354,0.128049641848,0.50348752737
293,0.421186052263,0.168488685042,0.114799298346,0.46882507205
294,0.426445662975,0.166942819953,0.119632445276,0.481231957674
295,0.431767612696,0.164913572371,0.114234812558,0.467457950115
296,0.421968489885,0.168518200517,0.132730960846,0.511805951595
297,0.426451213658,0.167634282261,0.121534049511,0.484322190285
298,0.43287730217,0.164729632437,0.126109048724,0.494912534952
299,0.426366150379,0.16464516893,0.114742130041,0.466800332069
300,0.435515344143,0.164625570178,0.113006673753,0.470142543316
301,0.431136623025,0.164597116411,0.12037628144,0.476141870022
302,0.432924732566,0.163228306919,0.117451548576,0.476051807404
303,0.435912057757,0.162038866431,0.124641112983,0.488270521164
304,0.437310069799,0.161412183195,0.122723728418,0.4874792099
305,0.44633398205,0.159904569387,0.121506735682,0.48232588172
306,0.437445223331,0.160733897239,0.119093902409,0.478497803211
307,0.442370079458,0.159722413868,0.126501172781,0.497679561377
308,0.428202733397,0.163515985012,0.131134718657,0.512122809887
309,0.444628089666,0.161813654006,0.123224027455,0.497342020273
310,0.441699683666,0.159619729966,0.119581393898,0.484392791986
311,0.437186092138,0.161464437842,0.125340983272,0.483765870333
312,0.442459799349,0.15962459147,0.115347117186,0.471432715654
313,0.437547318637,0.16095135361,0.12450594455,0.486003249884
314,0.450012013316,0.158595725894,0.11730606854,0.482754439116
315,0.434380076826,0.1637711972,0.133294075727,0.507959425449
316,0.436400666833,0.161330748349,0.112716168165,0.47525113821
317,0.442934446037,0.159459903836,0.121688395739,0.477904468775
318,0.444879554212,0.158635675907,0.119323126972,0.483708322048
319,0.44681135565,0.157115887851,0.125961020589,0.489925593138
320,0.453626997769,0.156041424721,0.121794082224,0.490942776203
321,0.448274567723,0.155829597265,0.129284471273,0.50145226717
322,0.457033030689,0.154802206904,0.12025898695,0.48933917284
323,0.446876771748,0.155787684023,0.127863526344,0.494451969862
324,0.457219809294,0.154206972569,0.122305512428,0.490451961756
325,0.457828335464,0.152357075363,0.119887880981,0.482273697853
326,0.459323205054,0.152322672307,0.121883094311,0.494663387537
327,0.451139613986,0.152709979564,0.126142933965,0.490896731615
328,0.465489581227,0.151537310332,0.119706377387,0.483000457287
329,0.452396035194,0.153775881976,0.136145398021,0.533155858517
330,0.466598682106,0.151633772999,0.11977738142,0.493826538324
331,0.459065936506,0.151351056993,0.129356697202,0.502943634987
332,0.458087153733,0.152038369328,0.121509514749,0.491904854774
333,0.465073145926,0.151182744652,0.129171013832,0.510918259621
334,0.460892297328,0.150573950261,0.120745122433,0.491617262363
335,0.465279653668,0.149449892342,0.125928461552,0.495934486389
336,0.468423992395,0.149146258831,0.119481340051,0.495440065861
337,0.463342614472,0.149245422333,0.127058207989,0.497015178204
338,0.4721538499,0.147541362792,0.121680572629,0.497453600168
339,0.460134714842,0.151034682989,0.118485368788,0.480446964502
340,0.465560697019,0.149171810597,0.119231134653,0.485913306475
341,0.471213296056,0.147176947445,0.119857370853,0.48269534111
342,0.467347621918,0.147509146482,0.124367780983,0.496935665607
343,0.469701811671,0.148515403271,0.121923729777,0.491819739342
344,0.467413708568,0.149442650378,0.126396849751,0.509110689163
345,0.463258832693,0.148893993348,0.131265997887,0.513117313385
346,0.473470851779,0.147723771632,0.11155680567,0.480988621712
347,0.469382196665,0.146371368319,0.126078903675,0.499873697758
348,0.473921425641,0.147438503802,0.120933003724,0.501616477966
349,0.466163121164,0.147417239845,0.125703141093,0.495785474777
350,0.476249717176,0.148295611143,0.118434794247,0.495821326971
351,0.465481296182,0.14769820869,0.121046684682,0.494106888771
352,0.46922186017,0.149952929467,0.121603600681,0.498173654079
353,0.460524424911,0.151102975011,0.122779220343,0.499800264835
354,0.467014282942,0.151854865253,0.109282881021,0.487955063581
355,0.464877903461,0.148281026632,0.126400232315,0.504846274853
356,0.468562170863,0.148270290345,0.114840954542,0.488379627466
357,0.466417334974,0.148914635181,0.121551655233,0.497368842363
358,0.474624708295,0.146068073809,0.126455038786,0.513688147068
359,0.476607218385,0.145615678281,0.117826610804,0.497130811214
360,0.460798494518,0.150157313794,0.134166255593,0.515804827213
361,0.468405805528,0.149013385177,0.112383499742,0.483025968075
362,0.479708299041,0.144820746034,0.131288155913,0.521449148655
363,0.479975692928,0.143121790141,0.118387028575,0.490929305553
364,0.480722248554,0.144287634641,0.125486254692,0.509794414043
365,0.472183525562,0.145662609488,0.117793820798,0.488474428654
366,0.486783280969,0.140552461147,0.125306069851,0.506426930428
367,0.479712337255,0.143490768969,0.12427585572,0.504447817802
368,0.481790654361,0.141563363373,0.127637848258,0.512392342091
369,0.483894452453,0.141136869788,0.120229311287,0.492054343224
370,0.484771549702,0.140199068934,0.123669601977,0.499162077904
371,0.487325131893,0.142930906266,0.122386589646,0.499579370022
372,0.482975520194,0.142113287002,0.128622442484,0.508955836296
373,0.484558179975,0.142382781953,0.1256968081,0.500108718872
374,0.481201328337,0.141774192452,0.124583683908,0.495825558901
375,0.481497012079,0.145299725235,0.116741843522,0.495826154947
376,0.46236743778,0.148192133754,0.140982195735,0.527979373932
377,0.476716905832,0.148728776723,0.101237736642,0.490305066109
378,0.470932632685,0.146222610027,0.131409153342,0.519436955452
379,0.485549747944,0.143729288131,0.122870482504,0.498266160488
380,0.473623551428,0.143261425197,0.112892225385,0.487691044807
381,0.485608920455,0.143758114427,0.123566940427,0.502515614033
382,0.484159983695,0.14009366557,0.10593098402,0.483806580305
383,0.4879963696,0.139278177172,0.123776420951,0.505694031715
384,0.485799141228,0.141024515033,0.119116872549,0.497460216284
385,0.500661805272,0.136911798269,0.120171509683,0.497652202845
386,0.490673981607,0.139298636466,0.119810737669,0.504700481892
387,0.49319999665,0.137837778777,0.120972670615,0.503710448742
388,0.499883949757,0.135424498469,0.115176454186,0.493325293064
389,0.498963452876,0.135030440986,0.12478441745,0.507545411587
390,0.504534266889,0.133083827794,0.121430769563,0.509574770927
391,0.505365498364,0.132251802832,0.12538908422,0.507030963898
392,0.512099072337,0.132098359987,0.120473138988,0.504055559635
393,0.508220821619,0.131725199521,0.124590821564,0.514022231102
394,0.502378553152,0.134188966826,0.12808264792,0.51821911335
395,0.497720830142,0.136206742376,0.114823669195,0.491062611341
396,0.505790702999,0.133891042322,0.12543694675,0.519455313683
397,0.502530060709,0.133733119816,0.129530102015,0.517582178116
398,0.504174530506,0.134459424764,0.123570263386,0.510907232761
399,0.488803401589,0.138015013188,0.131519690156,0.521154165268
400,0.508884757757,0.135100267828,0.122160404921,0.516663074493
401,0.493398703635,0.137071728706,0.12898644805,0.517970740795
402,0.506805583835,0.135807078332,0.11801571399,0.507500708103
403,0.497169792652,0.134608548135,0.128595083952,0.518801629543
404,0.500644281507,0.135061478242,0.114153243601,0.495318382978
405,0.497577294707,0.136517368257,0.126071035862,0.521200060844
406,0.510666906834,0.132863853127,0.115598738194,0.501067638397
407,0.510666273534,0.131696704775,0.122263811529,0.516384661198
408,0.509496286511,0.132428634912,0.122110232711,0.507315099239
409,0.505738303065,0.131465213373,0.126366615295,0.52166467905
410,0.516267187893,0.131834421307,0.120945006609,0.511479496956
411,0.503251843154,0.131892984733,0.122114337981,0.514832675457
412,0.518814519048,0.131254080683,0.129001840949,0.53796428442
413,0.50881627202,0.132027978078,0.121366143227,0.509531378746
414,0.515755355358,0.130648836493,0.130365371704,0.525536894798
415,0.511116877198,0.130154810846,0.122070014477,0.513679385185
416,0.498264156282,0.136668402702,0.136553734541,0.531839072704
417,0.51286251843,0.132465235889,0.118434898555,0.518551528454
418,0.511603362858,0.130887897685,0.132668942213,0.534576058388
419,0.497269503772,0.13798318617,0.116531789303,0.50608342886
420,0.514041952789,0.133007116616,0.13421086967,0.54942882061
421,0.510482430458,0.130863081664,0.119308203459,0.507508397102
422,0.515208259225,0.129798898473,0.129783838987,0.528898715973
423,0.511950165033,0.129268974066,0.121500372887,0.509678602219
424,0.523947283626,0.126715667546,0.125632151961,0.52002543211
425,0.524326890707,0.126557353884,0.121740609407,0.51018089056
426,0.527457609773,0.12562779896,0.127192229033,0.519319951534
427,0.522057637572,0.127070864663,0.125601559877,0.52208930254
428,0.526010364294,0.12699062936,0.126468166709,0.524522304535
429,0.524890139699,0.126316919923,0.12382158637,0.519551098347
430,0.517600104213,0.129183897749,0.134944781661,0.543213546276
431,0.528665110469,0.126319997013,0.115269832313,0.515335142612
432,0.525328442454,0.125768879429,0.129355087876,0.527852714062
433,0.53032374382,0.1244316753,0.119697891176,0.511831104755
434,0.528599858284,0.124763395637,0.129904597998,0.533519506454
435,0.532189771533,0.124278422445,0.120022825897,0.512046337128
436,0.529546841979,0.124692814425,0.12695325911,0.523333668709
437,0.534437656403,0.122835217044,0.124725915492,0.523837327957
438,0.527417123318,0.12512534298,0.133554235101,0.540536701679
439,0.530075758696,0.125415246934,0.116321615875,0.509276807308
440,0.530409276485,0.125140739605,0.126898050308,0.528361737728
441,0.532811194658,0.122929882258,0.124411262572,0.516817629337
442,0.537809550762,0.121815226972,0.127788037062,0.531320869923
443,0.536895170808,0.121826868504,0.122564569116,0.518137395382
444,0.537537664175,0.121863413602,0.128506541252,0.536351442337
445,0.541493341327,0.12043649517,0.127013489604,0.528830885887
446,0.539402112365,0.120823204517,0.126784920692,0.530436456203
447,0.541668072343,0.120644884184,0.120044536889,0.51738089323
448,0.540763378143,0.121215496212,0.128153756261,0.534242630005
449,0.542676016688,0.121001740918,0.120338998735,0.519334256649
450,0.527993835509,0.125164898112,0.140037104487,0.567031145096
451,0.536232814193,0.124502431601,0.119986385107,0.519593894482
452,0.538536846638,0.122201383114,0.132858261466,0.545179724693
453,0.539568409324,0.121440043673,0.122125908732,0.526684343815
454,0.54347409308,0.120964143425,0.125925853848,0.528514683247
