epoch,jaccard,loss,val_jaccard,val_loss
0,0.0759159981345,0.698215617583,0.0648252169685,0.664105923846
1,0.0834427511749,0.635523502643,0.0632720394358,0.636189687997
2,0.081634788559,0.619499011682,0.0642857913325,0.625878470019
3,0.0852216416253,0.604269738381,0.0662347035583,0.615807710215
4,0.083755742472,0.598385767295,0.0658026226832,0.609197797254
5,0.0868777520955,0.591126444248,0.0682389152723,0.606482930481
6,0.0881057685384,0.583195544206,0.0673827551265,0.598975295201
7,0.0885980142137,0.577375393647,0.0681244921378,0.598152276129
8,0.0904496097221,0.574654478293,0.0690633561279,0.590812807903
9,0.0872982062686,0.572056708428,0.0677801493642,0.58517825231
10,0.0887427268407,0.564809787732,0.069922795652,0.583076436073
11,0.0916534718126,0.561438746177,0.0690729386542,0.581254329532
12,0.091010712517,0.554766473862,0.0693804757104,0.572332311422
13,0.0906911864877,0.552280914325,0.0711530114837,0.570155544207
14,0.0913061756784,0.551773848442,0.0699824574787,0.565802168101
15,0.0882793394132,0.548351723414,0.0705615581637,0.561700655147
16,0.0923403733625,0.543543719328,0.0720595958935,0.559072094038
17,0.0925066211762,0.535058101782,0.070558897924,0.552740059793
18,0.0931123980822,0.534624345027,0.0732581140628,0.551556726918
19,0.0942669020822,0.526194893397,0.0719921452132,0.544984860346
20,0.0957416708653,0.52323522476,0.0737084553795,0.543770007789
21,0.0956286060122,0.52141112433,0.0726642496591,0.537364915013
22,0.0929948676091,0.516544168958,0.0737858657656,0.534592721611
23,0.0977503216037,0.514395173926,0.0739798057878,0.530249098316
24,0.0955264416452,0.50836701118,0.0739937614007,0.526866877452
25,0.0982646705726,0.50306279728,0.0754978565089,0.523554448038
26,0.0982540358718,0.499165882285,0.0763278441433,0.521855706349
27,0.0978418604399,0.498380359549,0.0764450302408,0.5179740116
28,0.0996711427489,0.492910929597,0.0766055107637,0.511944578961
29,0.102516830254,0.490017232987,0.0770351840234,0.509015765972
30,0.0974541703382,0.487158844104,0.0754131323979,0.503925732337
31,0.100226460168,0.484859749675,0.0784930411836,0.504911135882
32,0.0960718813137,0.485137670086,0.0764119231818,0.497377564199
33,0.0998382021028,0.478307703367,0.0791277295361,0.496942303143
34,0.101811210983,0.472513844187,0.0780853381079,0.491623860784
35,0.100574408729,0.473343430803,0.0777259241178,0.488697241992
36,0.104915340073,0.463584118165,0.0798999200821,0.485774290748
37,0.104948631703,0.459666060714,0.0804281655206,0.482372933999
38,0.107316541844,0.455627118166,0.0807379957866,0.481074476615
39,0.106680528189,0.452072113752,0.0818141302694,0.477404319681
40,0.108804526237,0.450773413365,0.0789041353427,0.472344356589
41,0.10518342715,0.448803274677,0.0815110815539,0.469907567836
42,0.105412184834,0.454016285447,0.0821666002603,0.466625822708
43,0.104479562634,0.447573289275,0.0812959763704,0.464183262549
44,0.104811073066,0.444806876091,0.0792186118346,0.458459447138
45,0.105458585975,0.43929267732,0.0835860604097,0.458009421825
46,0.108791021057,0.435526296496,0.0835344665093,0.453653015196
47,0.109139925012,0.43049066915,0.0829762163439,0.44910199102
48,0.109726398324,0.428636525686,0.0861000233897,0.450148615055
49,0.111450376992,0.424250140786,0.083930851848,0.442541508935
50,0.109714323941,0.423046817,0.0838716333257,0.440872678533
51,0.113551153013,0.417681412055,0.0860166102331,0.438997173682
52,0.112999913068,0.41458085294,0.0861558767227,0.4357238831
53,0.114643949729,0.411229307835,0.085632601273,0.432579773478
54,0.116316333413,0.408322447768,0.0853197584551,0.43038005475
55,0.112645154532,0.408840017823,0.0872344945916,0.427537539043
56,0.116936333907,0.403425024106,0.0874212054491,0.424516662955
57,0.116007625197,0.399315265509,0.0887519918614,0.424475099891
58,0.117664197746,0.398857321877,0.0878228042689,0.418900476769
59,0.11533147942,0.396610391828,0.0912399703362,0.421681681648
60,0.119126579223,0.3909112685,0.0892478281477,0.414898401126
61,0.120306003695,0.388682978658,0.0900017175809,0.413746905513
62,0.121382101797,0.385923628624,0.0892499331594,0.409097108059
63,0.121263093387,0.383073870952,0.0897470037085,0.406036605127
64,0.121853020615,0.38070232937,0.08930486242,0.404147159308
65,0.122250864999,0.377242066539,0.0929866242878,0.40614692308
66,0.122319146991,0.375247412003,0.0922013686287,0.401526153088
67,0.125208772146,0.371820629789,0.0919820631809,0.39655395411
68,0.125787734985,0.368845561376,0.0919278383177,0.394469260238
69,0.124916949238,0.367177594167,0.0912794089315,0.391319334507
70,0.126773092036,0.364727288485,0.0923629433348,0.388594004326
71,0.126560101142,0.360852242662,0.0966639138773,0.391127317213
72,0.127448141575,0.360826738752,0.0946142700161,0.386004228145
73,0.127203352749,0.357021070444,0.095690200824,0.384553672746
74,0.130060011091,0.354370337266,0.0925408174473,0.378949532285
75,0.131945019158,0.352438408595,0.0942736223105,0.376455803402
76,0.124330767215,0.353538045516,0.098658027988,0.379407945089
77,0.133082103557,0.348337285794,0.0946775485363,0.372681306675
78,0.127061410306,0.348941888947,0.099649556907,0.375323166139
79,0.133834462326,0.343061785285,0.095665246969,0.367145401426
80,0.127636421329,0.344612911344,0.0985439981512,0.368214055896
81,0.128457659999,0.342807498116,0.102005984101,0.372097103857
82,0.134084648668,0.339127788177,0.094037771596,0.360901933163
83,0.133115835201,0.334875898866,0.102231510104,0.365547414869
84,0.134947380767,0.332561653394,0.0995798922038,0.359426180832
85,0.136347878438,0.328755526589,0.102359778127,0.360416958109
86,0.137596135243,0.326994701074,0.100597254743,0.354751632549
87,0.137081883131,0.325278922915,0.0979442146793,0.355829195119
88,0.136274002206,0.326072724966,0.101903774718,0.350745770149
89,0.139653334251,0.323136530243,0.0974922717287,0.347184152342
90,0.13149197199,0.325707631615,0.106314719999,0.351467593573
91,0.136693657018,0.320186645939,0.102479791436,0.343761891127
92,0.137257975168,0.317904630533,0.105205686527,0.343146021478
93,0.142824049179,0.312534866425,0.104218751445,0.340759880841
94,0.141192927957,0.31186421674,0.105427643889,0.340066070668
95,0.137651054905,0.315231347313,0.106545909377,0.341097300872
96,0.126567272899,0.326434419705,0.101543831865,0.333552391268
97,0.138607500837,0.312286248574,0.107365596571,0.337501358241
98,0.138553405324,0.309344413189,0.107994758748,0.331081978045
99,0.141820510993,0.306274442719,0.106535136819,0.328303793445
100,0.140970430337,0.306690663099,0.103684809357,0.324377892539
101,0.140935383737,0.3020114039,0.10879837122,0.325228078291
102,0.147173310702,0.297740381498,0.108228155465,0.322233761661
103,0.146915221157,0.296083155733,0.109053495994,0.321329649538
104,0.147266534945,0.293259940468,0.108624134584,0.317464211956
105,0.143927401075,0.294421935311,0.111657657153,0.32075559441
106,0.150482507566,0.289151537877,0.11038157557,0.316644839942
107,0.147582685861,0.290896295355,0.108933079507,0.31217947416
108,0.151700477044,0.286402296561,0.112015995552,0.312287708744
109,0.151896920915,0.284469136825,0.110509606276,0.308810596354
110,0.147355061884,0.286281836721,0.109925693082,0.309561585076
111,0.153196720263,0.282214828409,0.108071691469,0.304785752669
112,0.150662810183,0.280356381948,0.11549150879,0.309023337439
113,0.155167937279,0.277580916882,0.114178570143,0.305348278955
114,0.153677326699,0.277015947379,0.116175311532,0.305008712225
115,0.157034703459,0.274618939711,0.112889987948,0.299931728281
116,0.152349514887,0.275422990322,0.109009817159,0.297463188879
117,0.156181502228,0.271713450551,0.116839147234,0.299076169729
118,0.1581707528,0.267772841912,0.118274845535,0.301415335387
119,0.161272977121,0.266215589184,0.115533114223,0.293738107197
120,0.159086538622,0.26662881787,0.115795023487,0.293363519013
121,0.158803735215,0.263613789127,0.120969683584,0.296146316454
122,0.163906569091,0.262084246828,0.115025138407,0.289673355408
123,0.162087345639,0.260163041262,0.121342191446,0.293247631751
124,0.159684995906,0.260283538355,0.120786097313,0.289142508991
125,0.164753302645,0.258407404216,0.118208946393,0.284722766839
126,0.163848659167,0.256752172915,0.120967361909,0.285872299224
127,0.163421609654,0.256305170747,0.120674894055,0.282289358787
128,0.166279633458,0.252968593859,0.122040744688,0.282385577448
129,0.168004583567,0.250622143539,0.119660863019,0.279837622307
130,0.165179169522,0.251816473901,0.121309057502,0.278890605085
131,0.166706539117,0.249420470916,0.123426470261,0.277320096269
132,0.16461152741,0.249047316038,0.126000885938,0.278191662394
133,0.170206953127,0.245548287836,0.123358234707,0.274608441629
134,0.174594308321,0.242135429612,0.123370701561,0.273765805177
135,0.169919518754,0.242995110842,0.126170864534,0.272638890892
136,0.174327186954,0.240016358976,0.125022315916,0.270426119678
137,0.170503128607,0.239541618297,0.128353665458,0.270524220541
138,0.175922615024,0.237835090894,0.126084880364,0.269344832748
139,0.174727106037,0.23834342051,0.118007838742,0.263666592538
140,0.169415294837,0.237571158088,0.133844280214,0.275807472877
141,0.177126282396,0.234888943915,0.123015075731,0.263103191741
142,0.17779589731,0.232721892687,0.129206811477,0.263937255833
143,0.17519312223,0.232728516826,0.126456980425,0.258941228967
144,0.179070687351,0.230520134935,0.13013274446,0.260382114444
145,0.178209223426,0.228229721005,0.129765125212,0.258001544513
146,0.179950882036,0.227907351003,0.129547170814,0.25674045179
147,0.178450081497,0.227705784142,0.132564390266,0.257393511012
148,0.181696431568,0.224403720636,0.130743015804,0.254914245103
149,0.18238578135,0.22370347438,0.131009935619,0.253117433283
150,0.182503058074,0.222186285716,0.130206605787,0.25064889295
151,0.185291846928,0.220726968004,0.132824055455,0.251221789978
152,0.184421795205,0.218691239563,0.138492471531,0.254749837797
153,0.181731725255,0.221749048967,0.138592501429,0.252031343058
154,0.184916198827,0.218950840716,0.132310270947,0.246514130849
155,0.189249734752,0.215611496797,0.13293654578,0.24475627346
156,0.186394532999,0.21539866867,0.132281281601,0.244976609945
157,0.190763705052,0.212566232452,0.13555881345,0.244479143992
158,0.188359341369,0.21182453575,0.141656204541,0.250907282345
159,0.187881974647,0.213705888161,0.134797200938,0.240578586236
160,0.189680416424,0.210833080113,0.139097617713,0.243416425306
161,0.187342373798,0.211440977569,0.131698050992,0.237421864178
162,0.190479152191,0.209010270926,0.141857907137,0.244378325064
163,0.192597998736,0.207085349239,0.139546215334,0.241178414784
164,0.196325815641,0.205809745651,0.135407997706,0.235512383748
165,0.19328518613,0.205101016622,0.141965367983,0.239841208328
166,0.196518387359,0.202453363973,0.14298047304,0.238104073796
167,0.193461256245,0.204341110702,0.139454140977,0.232607482467
168,0.19805664913,0.201535383096,0.138226819522,0.229428517167
169,0.198176843043,0.200435549594,0.141283846962,0.230325813871
170,0.200021184408,0.198167941318,0.142570200565,0.229812250938
171,0.20173308941,0.196979257923,0.141137906417,0.227812509518
172,0.202939082797,0.19466715306,0.144733310151,0.230389258824
173,0.19953734571,0.196230502656,0.148885389583,0.23059220938
174,0.202046041878,0.19476354466,0.146772012296,0.229558287188
175,0.203468070007,0.193356161507,0.147353893209,0.227784085087
176,0.204563648082,0.192952526303,0.138970241297,0.221235646401
177,0.206444934011,0.190865218639,0.148363580621,0.226874345448
178,0.205941407726,0.18976480915,0.148073154382,0.223299834412
179,0.210029746477,0.188317729303,0.142334585244,0.21966317948
180,0.209835866896,0.1868921312,0.147603988183,0.219424909912
181,0.211105567905,0.18670636702,0.144731098399,0.218434061855
182,0.209240060013,0.186340679916,0.151324755137,0.218900671229
183,0.210311532021,0.184489990083,0.149733530133,0.218067045324
184,0.20924259493,0.185289610464,0.145368105416,0.21348322928
185,0.212383147329,0.183960961608,0.146909580315,0.21351604769
186,0.209548855917,0.183009319581,0.155843227371,0.221228925046
187,0.205444015563,0.185048510822,0.153428686882,0.215570585337
188,0.213237300802,0.180580387895,0.157027238717,0.219029703178
189,0.21522972217,0.179454345543,0.147683794408,0.210086422507
190,0.216375130873,0.178214590137,0.151875080642,0.211919563822
191,0.21670623095,0.177007363393,0.152427610097,0.210871831514
192,0.218400468047,0.175669064889,0.155062054189,0.210429693572
193,0.215530690092,0.176142160709,0.158254509145,0.212204271462
194,0.224107377231,0.173195865865,0.151182943308,0.2092185691
195,0.221148716716,0.172405663591,0.160481711767,0.211189970374
196,0.222855566786,0.172923750029,0.154667153611,0.204497538507
197,0.223352642013,0.171357652316,0.153451315696,0.204405902419
198,0.223153682569,0.17110846994,0.155044856284,0.202387307771
199,0.223067555863,0.170892090752,0.16313198503,0.207436759956
200,0.223697033066,0.16913237652,0.162811730906,0.206876129843
201,0.229298355488,0.167120308257,0.163183100531,0.206907332875
202,0.226629183843,0.167645528339,0.162906307083,0.203291664366
203,0.224503727487,0.166922644927,0.16963463099,0.210834629834
204,0.225202087886,0.167633174704,0.160870593536,0.197667230386
205,0.229862441237,0.165071683434,0.159933775859,0.197775856126
206,0.228788113938,0.164921500935,0.158744439728,0.196205908898
207,0.234509132802,0.161786714999,0.163320976701,0.198328623082
208,0.231802280133,0.161607509622,0.168286890688,0.199707075953
209,0.235628459316,0.160418656583,0.160836615085,0.197042094544
210,0.237117293649,0.15977774847,0.156889958092,0.191582935397
211,0.23892901322,0.158793813334,0.160439584339,0.191770336591
212,0.234400795056,0.158332273364,0.173001493207,0.204895302653
213,0.232542243141,0.159435644173,0.168344231647,0.19622982014
214,0.233986521856,0.158585895713,0.163510320571,0.190777305514
215,0.240302121123,0.156447049517,0.158464805438,0.189646089915
216,0.241593392996,0.154931953893,0.164861009888,0.190202484373
217,0.239099984559,0.155638902233,0.160281686187,0.189118189737
218,0.238281116319,0.155800514496,0.163440215908,0.188530281652
219,0.236617213258,0.155296832323,0.160873458239,0.187715712935
220,0.237830025645,0.155898562418,0.169081946387,0.185633460991
221,0.242218492123,0.153457794625,0.173311881777,0.191370209679
222,0.243857856553,0.152242332697,0.170201685781,0.185461666435
223,0.244532471666,0.15092160782,0.175124349005,0.186877233442
224,0.239284215065,0.152272256521,0.170570997928,0.182594851591
225,0.249287306689,0.149476230145,0.16478369355,0.18120477628
226,0.251238749004,0.147926172958,0.171625462549,0.184459114447
227,0.24533588955,0.148375640122,0.169403169505,0.18112139916
228,0.244765912971,0.148033682543,0.173507452613,0.182949106209
229,0.252712090428,0.145280935443,0.176964506496,0.182932494674
230,0.255089915716,0.144142005879,0.174944770512,0.180869081523
231,0.256281722624,0.14323240232,0.178404261105,0.182766960934
232,0.254020744218,0.143630024332,0.174873856261,0.179635947105
233,0.259702779926,0.141679896185,0.174833607773,0.177878040355
234,0.2553478978,0.141808485756,0.180828828003,0.182173465844
235,0.2611330398,0.140164915759,0.183096049242,0.182028939016
236,0.259245650126,0.14021817996,0.181832871393,0.181057845708
237,0.260582170807,0.139243343129,0.18238976181,0.180528250523
238,0.260749930946,0.139041182513,0.178705675065,0.177869495936
239,0.265406554708,0.137502684616,0.178646879433,0.17862677807
240,0.266912742303,0.136550031029,0.178604027679,0.176253287587
241,0.265314149169,0.136350494165,0.179675325519,0.174337393604
242,0.263901154009,0.136211428505,0.181997708733,0.1742666387
243,0.269131014553,0.134667878541,0.179728320856,0.170464272145
244,0.270299435235,0.134435394349,0.173470985173,0.170503220521
245,0.261729802936,0.135486875589,0.191253564961,0.181914080866
246,0.270108699799,0.13334293205,0.187894202771,0.175921886694
247,0.272600241579,0.132898418949,0.180729196421,0.172095188871
248,0.263318958191,0.134945040712,0.173829160858,0.166663407814
249,0.267724367862,0.134178618972,0.181964966215,0.16945729591
250,0.268737283464,0.132186661546,0.187649100862,0.168631036766
251,0.273692408433,0.130527054461,0.188955201541,0.1683315509
252,0.277382070055,0.129169770445,0.185582667416,0.16687201336
253,0.276053242959,0.129322782732,0.193430991268,0.174887532368
254,0.275780431926,0.129129164207,0.189393678403,0.164734086487
255,0.272083142629,0.130123570848,0.1876076058,0.165176948998
256,0.261577227941,0.134230225132,0.181169975313,0.17193493247
257,0.266355116207,0.134072080828,0.184922771652,0.164971873164
258,0.272112492758,0.131082858604,0.187637396439,0.163161538076
259,0.266933485292,0.131266760711,0.176591414454,0.161401993129
260,0.275891744173,0.128200704948,0.194523471788,0.169343122281
261,0.266078106772,0.129057480452,0.200168321131,0.17013578862
262,0.27971413617,0.125846246114,0.190197155079,0.163853189908
263,0.276550237949,0.125423908234,0.193400214635,0.164931490086
264,0.272594959977,0.125942229651,0.189506359653,0.160194819793
265,0.280363191206,0.124183761959,0.192433917672,0.162544535939
266,0.285455813202,0.122216471113,0.196350629079,0.164295351133
267,0.280943082502,0.123616076146,0.194358327858,0.158217464574
268,0.290253562423,0.120660753491,0.192522307044,0.160044235643
269,0.289330174717,0.12047165317,0.19530683747,0.159099151846
270,0.28933958394,0.120328345838,0.194693932713,0.158958795946
271,0.289916564639,0.119559121533,0.20117635173,0.160035211593
272,0.291837331194,0.118526010273,0.201964045605,0.161238440312
273,0.297685423723,0.117283398429,0.200315805789,0.160377931315
274,0.289451485643,0.11840163114,0.196566364987,0.158843376208
275,0.286251836671,0.11866166242,0.192271348895,0.154305711389
276,0.29433916022,0.117184782257,0.193873629348,0.156722987071
277,0.298442916228,0.116011534459,0.202079846598,0.158018416725
278,0.287033319473,0.117095262099,0.20479496811,0.159134550486
279,0.298844397641,0.114910320307,0.198664880915,0.155232086778
280,0.303238099584,0.114090058093,0.199299068664,0.15306354221
281,0.300765259335,0.114139058556,0.203418179537,0.155595649965
282,0.29725656945,0.113725884889,0.208310278869,0.158412818797
283,0.308375097811,0.11176783964,0.203804537329,0.154788637999
284,0.307106769429,0.111315569625,0.205302076539,0.153633917682
285,0.304761880579,0.11215415597,0.205509977313,0.152321271598
286,0.307154226188,0.110864073038,0.208176414937,0.156380100176
287,0.31175917387,0.109871926789,0.208347203587,0.152501184959
288,0.31377048332,0.108919135653,0.211985463292,0.158376561943
289,0.307182179048,0.10991800863,0.217176913844,0.161656647455
290,0.307025591341,0.109997851344,0.210998697623,0.153145015705
291,0.313208573713,0.108594397513,0.214075708341,0.154115077574
292,0.312127583302,0.108081472894,0.210757831795,0.151969969738
293,0.308154747463,0.108521331675,0.21190282121,0.151207907591
294,0.313331122582,0.10720740402,0.213420267853,0.150825098157
295,0.3136319051,0.107368850937,0.212801502935,0.152060426772
296,0.309526696228,0.107534342374,0.212856411773,0.149940846022
297,0.319652843361,0.105178401447,0.216606572742,0.150193028618
298,0.317694484041,0.105748508412,0.218462240347,0.149485101458
299,0.320430632394,0.104829632032,0.21512286476,0.149962823372
300,0.317345632957,0.104577841667,0.215342337889,0.147202557418
301,0.320616856074,0.117595896411,0.125145403009,0.160511728842
302,0.16335722976,0.171163738347,0.200275365495,0.154736085329
303,0.225112091463,0.148385861172,0.17734002386,0.14035685733
304,0.225369444833,0.139226045173,0.208052098724,0.143866218626
305,0.244620998318,0.136026177269,0.198880251051,0.137539303396
306,0.247001584906,0.132073502701,0.208388961058,0.138867388945
307,0.254749028155,0.128442971752,0.218048749832,0.142300460022
308,0.256290920652,0.130722291768,0.203673502366,0.134685924742
309,0.250663726662,0.130251593028,0.218971936739,0.143940203357
310,0.258627928507,0.1268437969,0.210881697999,0.133804632351
311,0.27530690168,0.121809443602,0.222014500385,0.137739048805
312,0.272281910938,0.121334265918,0.224730655188,0.138789666118
313,0.27371538717,0.121852207929,0.21674495317,0.131661760621
314,0.282122074411,0.11917364626,0.223729275197,0.132382031763
315,0.264207776922,0.121592435699,0.223264815798,0.135420106817
316,0.284009209619,0.11683067966,0.219676122535,0.131411931012
317,0.295868667272,0.115527948221,0.220087224622,0.13128838432
318,0.280992731452,0.116422600758,0.224045169601,0.130167101277
319,0.284458136329,0.114571343534,0.221499057391,0.128235690063
320,0.291968439634,0.113000508398,0.228672502794,0.130586765008
321,0.294236646249,0.111034536591,0.22815525732,0.132069671527
322,0.300208742229,0.110272008353,0.224411466721,0.12843845319
323,0.299460058029,0.108568667792,0.239697301459,0.141016872833
324,0.294328115307,0.109963484395,0.228119752536,0.131094359094
325,0.311089185568,0.106297193525,0.2305727494,0.130482814973
326,0.300732843578,0.106284659929,0.237420644457,0.135059657041
327,0.315440474221,0.103774096817,0.235606371578,0.134539843537
328,0.317014207061,0.103157410255,0.232427193616,0.130249560578
329,0.325174636566,0.10154405093,0.234480589041,0.1331052694
330,0.315761503692,0.102257640889,0.237795016664,0.133235271787
331,0.324786146673,0.100788000685,0.234626689876,0.127415566007
332,0.320930882142,0.100645108005,0.240604428583,0.131115360884
333,0.318193466331,0.101155519772,0.232036904383,0.126535491319
334,0.33355943744,0.0979348406769,0.236874445621,0.126868124586
335,0.327760129021,0.0975503167854,0.243997959674,0.131431135582
336,0.336472202379,0.0970814838432,0.233060435609,0.126429505413
337,0.336158902599,0.0963852442801,0.243206187899,0.130266675726
338,0.339933967361,0.0958765538839,0.232698749595,0.125486076344
339,0.334660010842,0.0955822785886,0.251264540126,0.136619025841
340,0.337131981666,0.0950890925641,0.247593031822,0.131716629723
341,0.336989677869,0.0944702043556,0.241160328774,0.126106866403
342,0.3376133419,0.0935912501927,0.249269286996,0.133606085554
343,0.348517241959,0.0924032416481,0.242966355228,0.129227114143
344,0.34842915833,0.0918532727429,0.249318478267,0.130929670297
345,0.350692254993,0.0920766881452,0.241846352238,0.125480360352
346,0.344548722299,0.0921794127386,0.244998876216,0.126593181631
347,0.347803314718,0.0916094931845,0.246515588191,0.126741581364
348,0.344008747775,0.0919724883368,0.246469928267,0.12617593538
349,0.323577442994,0.0951820706519,0.237642705671,0.11973388656
350,0.3489657245,0.0904980697311,0.249143017289,0.128137306543
351,0.327251335463,0.0924262968967,0.255661074076,0.128340466414
352,0.355437297661,0.0891937261017,0.241644019745,0.121318311198
353,0.349120414601,0.0894969759079,0.24510091594,0.121337220306
354,0.333991139841,0.092459334777,0.251097401641,0.121771317208
355,0.357667180208,0.0883109205617,0.247718721197,0.124793553026
356,0.356976145162,0.0881624531287,0.242846806057,0.119064884959
357,0.36335477978,0.0868604891002,0.251491475792,0.124098082073
358,0.358010585491,0.0871980499763,0.265451840358,0.133391820127
359,0.357535007481,0.0867279392595,0.250991077492,0.122757898644
360,0.367596147725,0.0852000292104,0.25658795511,0.121764341369
361,0.359042888651,0.0857188733151,0.257274526084,0.125160970725
362,0.357205287768,0.085530665918,0.259285719325,0.124318391085
363,0.362415060974,0.0848907298194,0.253523601819,0.120087011252
364,0.369491864282,0.0841256772669,0.248374860308,0.118908952456
365,0.363684654809,0.0841233125673,0.26405666738,0.125007633585
366,0.369088590145,0.0838590719952,0.257100972429,0.124979787739
367,0.369813406124,0.0829739195223,0.26651442422,0.124604489189
368,0.374429909083,0.0826725269166,0.257040215933,0.12123135454
369,0.380221771506,0.0818230529817,0.26180217691,0.119893580209
370,0.380223282255,0.0810801275074,0.26349995669,0.122391388053
371,0.361811492879,0.0829039648748,0.263842900778,0.122731629061
372,0.385491061669,0.08044999494,0.261400569346,0.119982548989
373,0.378049720938,0.0805308558047,0.263468011957,0.121914331103
374,0.384902613667,0.0801342608264,0.263148877398,0.121487450786
375,0.370388130442,0.0814612674025,0.264298077519,0.121025481727
376,0.386044470163,0.0796825324114,0.262208112031,0.119647233048
377,0.377552116146,0.0803489748102,0.265892884388,0.121697917813
378,0.365977030247,0.0852799280905,0.24852900989,0.11494959984
379,0.365454878371,0.0829138555206,0.269885421376,0.117398798699
380,0.369784413622,0.0824845708334,0.263743266483,0.114996397169
381,0.38733097567,0.0801731795073,0.2595440987,0.11469768174
382,0.380068164032,0.0797872938789,0.269707314728,0.120248046936
383,0.38308838583,0.0803407218594,0.257526003154,0.11313401279
384,0.37534738504,0.0798588615771,0.269594289421,0.119102027733
385,0.376989114743,0.0799008825651,0.262758843689,0.115088668652
386,0.390623830832,0.0781731241598,0.264278017403,0.116386318579
387,0.381726522858,0.0789386799129,0.265064114301,0.116417611251
388,0.371831299021,0.0796450872261,0.264511006795,0.115167743526
389,0.377711819342,0.0787909042377,0.26812410815,0.117334861541
390,0.389537297762,0.0777504802323,0.261709121809,0.113691200735
391,0.382103163462,0.0781310452865,0.26901806497,0.117274872027
392,0.372308184321,0.0788529205781,0.266913346731,0.116263336269
393,0.392487096099,0.077142224862,0.265636352881,0.115127374185
394,0.398742312422,0.0764004215598,0.268480513986,0.116228553234
395,0.393976752575,0.0767378400152,0.265306151703,0.114726159256
396,0.383830193144,0.0774942074831,0.268605844873,0.116231215419
397,0.388745023081,0.0769013272455,0.267173535698,0.115439172136
398,0.384207728964,0.0772254724915,0.270661742512,0.117037757766
399,0.386928133093,0.0770199599747,0.266200342501,0.114640470594
400,0.386280701138,0.0775796983104,0.267289294224,0.113657144131
401,0.392182790316,0.0761958598517,0.272552926624,0.117611038266
402,0.385904275454,0.076975076531,0.265378435384,0.112407294102
403,0.389124506941,0.0764183470836,0.272774482678,0.116559492657
404,0.377723921377,0.0768961980939,0.271455798736,0.115939552663
405,0.397099500665,0.075331748105,0.271147885755,0.11611245526
406,0.394611171805,0.0754832585271,0.270454777646,0.114936183207
407,0.386731128853,0.0758646907142,0.272371843197,0.115652732551
408,0.399442421129,0.0751158626607,0.2699566551,0.114978605649
409,0.394330985844,0.0754124949185,0.273254221796,0.115852354793
410,0.399282437104,0.0747462505331,0.272670854027,0.115673477761
411,0.395239319939,0.0748768308415,0.274915523477,0.117051026085
412,0.399377691058,0.0745479304057,0.272565512035,0.115332337795
413,0.400507953305,0.0746319090518,0.274415516321,0.116139076883
414,0.397969361681,0.0746429651403,0.271101481404,0.114405174041
415,0.396470954785,0.0750278896437,0.275627893716,0.116835757159
416,0.403596025247,0.073908512982,0.273141052419,0.114976778394
417,0.400879804905,0.0741570975918,0.275048649425,0.11703427718
418,0.404826498949,0.0737991341605,0.273914023856,0.116133154836
419,0.385335174891,0.0751810363279,0.275019484698,0.11635026196
420,0.397595509887,0.0743574207792,0.274725822677,0.115818343591
421,0.403095316428,0.0736574327143,0.275235592025,0.115513446508
422,0.408333752018,0.0733431339837,0.274741330612,0.115677740192
423,0.402392813793,0.0735606393562,0.274800582664,0.115997322137
424,0.403202871864,0.0737154718775,0.274859369568,0.115766934585
425,0.393394792882,0.0743532879994,0.276363888915,0.115951658925
426,0.381630708392,0.0753472180894,0.274892287427,0.116280520335
427,0.397318459474,0.0738089500138,0.276023740155,0.116180539364
428,0.404361784458,0.073342793836,0.275960227428,0.115720895585
429,0.400878899373,0.0733822489587,0.274492586657,0.115037552547
430,0.407303666839,0.0730033270442,0.276866092858,0.116103740875
431,0.405229511169,0.0730701501553,0.276395070796,0.115481842775
432,0.41075509672,0.0726325552051,0.276149761195,0.115200851811
433,0.397125580563,0.0737642370738,0.277062576934,0.115899489494
434,0.411724553658,0.0726014814125,0.276107607394,0.115508103976
