epoch,jaccard,loss,val_jaccard,val_loss
0,0.0964409280568,0.632836207747,0.123122744262,0.674852490425
1,0.0954709257931,0.500982105732,0.122170373797,0.655191242695
2,0.0958391912282,0.485709406435,0.121132552624,0.635451495647
3,0.0979742761701,0.471371389925,0.120009571314,0.616052210331
4,0.0975232254714,0.459122918546,0.118819959462,0.597330868244
5,0.0972710177302,0.446921430528,0.117570072412,0.579538345337
6,0.100407304242,0.434403397143,0.116245478392,0.56247407198
7,0.106702307239,0.419702105224,0.114825874567,0.546049952507
8,0.108885245398,0.407271623611,0.113343030214,0.53060144186
9,0.118453666568,0.397316344082,0.112454168499,0.524293601513
10,0.111210096627,0.389658272266,0.112769663334,0.534340560436
11,0.11779974401,0.382713906467,0.108683101833,0.489924609661
12,0.113743269816,0.374909572303,0.106741689146,0.478817731142
13,0.116815187037,0.366671279073,0.105045005679,0.468826323748
14,0.118031000718,0.362971737981,0.103298909962,0.459767729044
15,0.119267610833,0.355499722064,0.101656645536,0.452657133341
16,0.122194511816,0.350293889642,0.100315496325,0.454229980707
17,0.119909172878,0.345827713609,0.0984624028206,0.449732214212
18,0.126715894789,0.340663470328,0.0985846221447,0.475854039192
19,0.125365879387,0.335909157991,0.117172546685,0.515922546387
20,0.133668139577,0.33338996768,0.096396625042,0.45786485076
21,0.126637069508,0.327079378068,0.0930770412087,0.465326458216
22,0.140968259424,0.322657898068,0.136350437999,0.793635725975
23,0.13691605255,0.320290252566,0.118506290019,0.47780507803
24,0.132753714919,0.31960811466,0.13085617125,0.579510807991
25,0.137624997646,0.31403516233,0.148486942053,0.737673938274
26,0.140752717853,0.310163930058,0.139842480421,0.602147936821
27,0.14095075056,0.310359485447,0.139960899949,0.526661217213
28,0.135852934793,0.310195833445,0.154668569565,0.579790115356
29,0.142923183739,0.301645621657,0.147427543998,0.567534506321
30,0.151544697583,0.300153627992,0.15339975059,0.595943212509
31,0.149377908558,0.297799535096,0.150820732117,0.655535101891
32,0.147669900209,0.297598659992,0.155087813735,0.670147180557
33,0.153524648398,0.299233466387,0.153018385172,0.527654230595
34,0.135926309973,0.296876832843,0.165067255497,0.640589475632
35,0.14998890087,0.292499117553,0.162630483508,0.603325247765
36,0.159694958478,0.291305892169,0.165289223194,0.580527305603
37,0.151522751898,0.288373693824,0.156787037849,0.733789384365
38,0.158860262483,0.286182366312,0.146850466728,0.602799713612
39,0.158891960979,0.2837809138,0.1513543576,0.574260830879
40,0.167057774961,0.283390432596,0.153931483626,0.558569133282
41,0.157611072063,0.282572630793,0.164992645383,0.595733523369
42,0.163336470723,0.279578790069,0.167037606239,0.521698892117
43,0.166620727628,0.278169792145,0.163737609982,0.512456834316
44,0.16331506148,0.27799366042,0.171849697828,0.518643260002
45,0.166751857847,0.278303448111,0.164195135236,0.467690527439
46,0.169929713011,0.277999535203,0.175585314631,0.478922575712
47,0.150123562664,0.27882611379,0.185642957687,0.43370360136
48,0.176325805485,0.27450863272,0.182576268911,0.41625764966
49,0.168210219592,0.273856751621,0.183449834585,0.427157014608
50,0.167359635234,0.273610629141,0.190517947078,0.445380330086
51,0.176852211356,0.271060049534,0.178888097405,0.416178822517
52,0.160928424448,0.274695768952,0.187210991979,0.521376788616
53,0.17077768594,0.272920839489,0.171787396073,0.523301243782
54,0.17061945796,0.270455121994,0.185219556093,0.445460259914
55,0.179243847728,0.269429601729,0.181783229113,0.451588332653
56,0.162046462297,0.269988190383,0.188788101077,0.464168399572
57,0.180294528604,0.271271154284,0.174868658185,0.452510178089
58,0.161448776722,0.269473556429,0.185154259205,0.484761685133
59,0.180179800838,0.266316358,0.177465796471,0.447191566229
60,0.180068314075,0.264035563916,0.183833226562,0.404746741056
61,0.176254149526,0.266893461347,0.189745470881,0.432455390692
62,0.180915679783,0.265186704695,0.184005379677,0.435326248407
63,0.173902411014,0.265661150217,0.19694674015,0.463048160076
64,0.189425811172,0.261290282011,0.187612339854,0.438418716192
65,0.18193038553,0.26022291556,0.181733593345,0.441134005785
66,0.179679896683,0.261279407889,0.190257191658,0.390917778015
67,0.196986403316,0.255744308233,0.188993141055,0.37701433897
68,0.190169200301,0.254665888846,0.195974484086,0.393775999546
69,0.194761775434,0.253594528884,0.183673352003,0.36739140749
70,0.196271233261,0.25146451965,0.181790113449,0.372076541185
71,0.198258519173,0.251093573868,0.187932163477,0.38145428896
72,0.189201653004,0.253576025367,0.196512311697,0.373263299465
73,0.207213263959,0.252465616912,0.185899838805,0.383778959513
74,0.182207942009,0.253423858434,0.192874550819,0.410603702068
75,0.207405917346,0.249118052423,0.179417282343,0.368184924126
76,0.197013027966,0.248349417001,0.197984263301,0.377218067646
77,0.206379875541,0.246525861323,0.201982453465,0.3849208951
78,0.205353174359,0.246102355421,0.198120862246,0.388070225716
79,0.202847946435,0.246783521026,0.191357642412,0.358104884624
80,0.206408571452,0.247946470976,0.187702462077,0.388845771551
81,0.201067443937,0.245170202106,0.196038976312,0.392603129148
82,0.214723255485,0.241740189493,0.183823853731,0.374406933784
83,0.210256353021,0.239483762532,0.205773562193,0.404482781887
84,0.22131755203,0.239451602101,0.192918226123,0.390439510345
85,0.213397543877,0.237976372242,0.206154718995,0.40351998806
86,0.217878371477,0.239758830518,0.196517139673,0.393516272306
87,0.214940670878,0.237171553075,0.199372634292,0.363508164883
88,0.226541172713,0.235418409109,0.183014854789,0.38665753603
89,0.224536214024,0.232339955866,0.203196942806,0.378051131964
90,0.226536888629,0.232553824782,0.195974186063,0.373100787401
91,0.220999415964,0.238576095551,0.198205202818,0.369212210178
92,0.214003700763,0.232955094427,0.205084621906,0.361401230097
93,0.232901390642,0.229836385697,0.189817130566,0.364863306284
94,0.221758104861,0.233882311732,0.206061586738,0.359549105167
95,0.236278697848,0.227950461209,0.203290849924,0.370555996895
96,0.225484095514,0.22771590203,0.200561955571,0.359957963228
97,0.244428593665,0.224403884262,0.190371409059,0.377142429352
98,0.231575846672,0.228009492159,0.202120780945,0.361836135387
99,0.245960567147,0.225771237165,0.181784063578,0.386433720589
100,0.221123352647,0.227121412754,0.208702161908,0.382632255554
101,0.248537030071,0.229629732668,0.181765928864,0.384929299355
102,0.22473410517,0.224075324833,0.200139209628,0.372811049223
103,0.248776495457,0.221198279411,0.208414211869,0.406124919653
104,0.245276283473,0.221764102578,0.194357126951,0.393089681864
105,0.250262662768,0.219889685512,0.216776311398,0.397818744183
106,0.239819031209,0.217009674758,0.203953430057,0.369642317295
107,0.250899933279,0.222746819258,0.19392721355,0.402041077614
108,0.244027376175,0.216949876398,0.196539580822,0.416062682867
109,0.265159457922,0.213135719299,0.199809834361,0.384225964546
110,0.261123932898,0.210637416691,0.211057141423,0.390017300844
111,0.270553648472,0.209133863449,0.201206877828,0.417685717344
112,0.267088524997,0.20679724589,0.198547318578,0.383879333735
113,0.259735964239,0.211136393249,0.203011766076,0.397886961699
114,0.274043984711,0.209374856204,0.188674926758,0.420678406954
115,0.254667919129,0.214218512177,0.210518553853,0.394425451756
116,0.268981397152,0.210779219866,0.201432600617,0.393735468388
117,0.274446114898,0.204352002591,0.211228787899,0.39110788703
118,0.2743723616,0.206992860883,0.200122773647,0.371553510427
119,0.273760490119,0.200929637998,0.204498365521,0.393762379885
120,0.292288646102,0.1980394274,0.20299179852,0.388566434383
121,0.290118902922,0.198847513646,0.199243471026,0.390779525042
122,0.285375922918,0.19712722674,0.209346622229,0.392804414034
123,0.294616878033,0.197732191533,0.20058517158,0.387301504612
124,0.2974736467,0.194397218525,0.199405819178,0.387527525425
125,0.303482592106,0.191004093736,0.199563652277,0.389599889517
126,0.298385813832,0.194565679878,0.199275404215,0.396745800972
127,0.286740191281,0.200309883803,0.199809789658,0.386222094297
128,0.297297358513,0.194750487804,0.189257487655,0.393892079592
129,0.302875295281,0.194588515908,0.201238825917,0.403452545404
130,0.289667367935,0.196184821427,0.191128477454,0.393627613783
131,0.302718967199,0.194209031761,0.200291529298,0.405991405249
132,0.295368462801,0.19056083262,0.19283477962,0.402269035578
133,0.316639639437,0.187681842595,0.195730403066,0.406683474779
134,0.315043196082,0.186362739652,0.205224215984,0.402045041323
135,0.309211313725,0.189452856779,0.193236991763,0.457908123732
136,0.315932691097,0.185980211943,0.18012149632,0.438933551311
137,0.312271416187,0.186430335045,0.207498580217,0.436531335115
138,0.320301122963,0.185346130282,0.18748691678,0.426910758018
139,0.311247743666,0.190861478448,0.194181889296,0.405755460262
140,0.292269863188,0.190548080951,0.195804536343,0.418881356716
141,0.317067936063,0.188748005778,0.199727088213,0.433986067772
142,0.309120163321,0.186000276357,0.197926625609,0.425488829613
143,0.318901330233,0.184067051858,0.212770611048,0.428149402142
144,0.324462041259,0.182382661849,0.188668370247,0.436981528997
145,0.336210012436,0.179453589022,0.187700718641,0.436518281698
146,0.327962167561,0.176827475429,0.195741131902,0.442535609007
147,0.345977202058,0.176947362721,0.194025829434,0.439187139273
148,0.337195277214,0.177372116596,0.187810704112,0.435068547726
149,0.346727952361,0.174469582736,0.196184188128,0.42712661624
150,0.350228302181,0.169573254883,0.199213609099,0.424174398184
151,0.341188721359,0.175437157974,0.192048341036,0.431724876165
152,0.359137497842,0.170689024031,0.174090966582,0.437403053045
153,0.352702833712,0.170686479658,0.197457045317,0.435718476772
154,0.349534064531,0.171408891678,0.195601403713,0.441994488239
155,0.360827110708,0.171622149646,0.188589215279,0.438023686409
156,0.351540125906,0.166710149497,0.205705732107,0.442086279392
157,0.373469434679,0.165968708694,0.193863719702,0.434171795845
158,0.364867076278,0.166562788188,0.195321142673,0.428857624531
159,0.368214651942,0.163430124521,0.201736196876,0.442087113857
160,0.373549766839,0.164679840207,0.181644767523,0.43703943491
161,0.3702609092,0.164080068469,0.202574208379,0.437411755323
162,0.381102755666,0.158880457282,0.190879121423,0.436356842518
163,0.388610564172,0.155517064035,0.191864401102,0.447573661804
164,0.394867308438,0.155973058194,0.198196023703,0.43627423048
165,0.390740722418,0.157331187278,0.182822287083,0.458985954523
166,0.391371265054,0.155475649983,0.195118442178,0.426720499992
167,0.396855778992,0.15445099026,0.188758611679,0.434913784266
168,0.392391309142,0.156589794904,0.200245440006,0.429728895426
169,0.396009884775,0.153840277344,0.189618825912,0.432765841484
170,0.39706864208,0.15571397543,0.195738181472,0.434756219387
171,0.400787048042,0.151405088603,0.186046749353,0.433716714382
172,0.405868984759,0.151952188462,0.180779546499,0.451659083366
173,0.404509671032,0.149441681802,0.200215294957,0.436674416065
174,0.422171726823,0.147921118885,0.186562284827,0.447917312384
175,0.399001158774,0.153412507847,0.199692457914,0.441826432943
176,0.396739862859,0.153967689723,0.200427353382,0.443012982607
177,0.408606395125,0.150875601918,0.193186670542,0.451203972101
178,0.41265912354,0.147632621229,0.194565653801,0.454684644938
179,0.406074106693,0.152362246066,0.194560170174,0.464737296104
180,0.393711447716,0.159498363733,0.140120029449,0.495672285557
181,0.348692692816,0.170188549906,0.206846311688,0.459699928761
182,0.352761149406,0.175029587001,0.171823918819,0.521793305874
183,0.367289535701,0.168672271073,0.190833106637,0.532839238644
184,0.376128003001,0.162417966872,0.181982323527,0.510891258717
185,0.358182638884,0.165608357638,0.209111794829,0.498583227396
186,0.401349961758,0.159234467894,0.173974737525,0.534111380577
187,0.381186440587,0.155848715454,0.202786907554,0.519141256809
188,0.411138370633,0.150047950447,0.193634748459,0.512568950653
189,0.416628338397,0.145357467234,0.197118833661,0.503250420094
190,0.435203582048,0.14234187454,0.189989522099,0.514634728432
191,0.439294405282,0.139930125326,0.187454685569,0.501906335354
192,0.437082931399,0.140827145427,0.194635868073,0.502808868885
193,0.438138589263,0.139089651406,0.192636102438,0.486275732517
194,0.435874052346,0.141670454293,0.193163320422,0.488779574633
195,0.443347096443,0.137366704643,0.186886504292,0.509518623352
196,0.437819033861,0.140661776066,0.199129581451,0.47428047657
197,0.425385728478,0.143583331257,0.19058957696,0.51961171627
198,0.428185395896,0.149362415075,0.161394253373,0.547872304916
199,0.387733288109,0.150114901364,0.208555683494,0.563046813011
200,0.427782125771,0.149266224355,0.178140252829,0.517294228077
201,0.422199323773,0.144879963249,0.200505450368,0.500954389572
202,0.432933539152,0.139831891283,0.186456054449,0.52344506979
203,0.451243616641,0.13746069558,0.202929899096,0.485225051641
204,0.453238546848,0.134225804359,0.195718020201,0.50162166357
205,0.459768824279,0.135496597737,0.19985550642,0.500725865364
206,0.450683385134,0.131986483932,0.198395982385,0.497959822416
207,0.475839331746,0.130614053458,0.205434665084,0.502181053162
208,0.469950690866,0.128463728353,0.195992916822,0.491001695395
209,0.480627089739,0.12820067443,0.203043550253,0.497248351574
210,0.469028897583,0.128800116479,0.198574319482,0.509075522423
