epoch,jaccard,loss,val_jaccard,val_loss
0,0.0638604294509,0.75755699724,0.0584835391492,0.703036218882
1,0.0632203491405,0.688952304423,0.0576907871291,0.679419234395
2,0.0631458207499,0.673961844295,0.0581991160288,0.669792443514
3,0.0636503826827,0.665710493922,0.0587478708476,0.661680340767
4,0.064089825144,0.657922703773,0.0590674430132,0.653691515326
5,0.0649467052426,0.650243196636,0.0603884104639,0.646052315831
6,0.0657203646842,0.643050067127,0.0607912875712,0.638769999146
7,0.0661850676406,0.636515695602,0.0612878147513,0.63230882585
8,0.0668330113403,0.629464048892,0.0615973612294,0.625163450837
9,0.0671028357465,0.622641794384,0.0620706789196,0.619174182415
10,0.0675636078231,0.616205554456,0.0616380674765,0.612641766667
11,0.067626448581,0.610653139651,0.062148289755,0.609774291515
12,0.0673658244777,0.605514910072,0.0618025194854,0.601022899151
13,0.0681803000625,0.598252225667,0.0625897049904,0.594359531999
14,0.0683996137232,0.5922184214,0.0624346835539,0.588595032692
15,0.0686865551397,0.58601121977,0.0624905396253,0.582687154412
16,0.0692211701535,0.580064900219,0.0623290501535,0.576572924852
17,0.0695337115321,0.575630068779,0.0630393540487,0.574077948928
18,0.0684155744966,0.570142522454,0.062504789792,0.566937178373
19,0.0695712994784,0.563874486834,0.0635127192363,0.560367181897
20,0.0700033907779,0.558021102101,0.0632620109245,0.554634317756
21,0.0701743159443,0.552387069911,0.0650012297556,0.548622503877
22,0.0707906596363,0.547008179128,0.0647744592279,0.543251469731
23,0.0708551281132,0.541623145342,0.0656332885846,0.538004204631
24,0.0714245110285,0.536325775087,0.0662817088887,0.5328643471
25,0.0717068971135,0.530911441892,0.0665309093893,0.527719065547
26,0.0720155434683,0.526601478457,0.0674386164173,0.526524037123
27,0.0727279093117,0.52132345736,0.0653312290087,0.519009187818
28,0.0728940200061,0.515764724463,0.0668519185856,0.513092517853
29,0.0732928174548,0.511258963495,0.0663065398112,0.50811624527
30,0.0736991241574,0.506544582546,0.0654878523201,0.50314360857
31,0.073911734391,0.501405259594,0.0677273413166,0.498036339879
32,0.0741632308345,0.496967040002,0.0672783106565,0.493698485196
33,0.0744272675365,0.492659628391,0.069480041042,0.490062899888
34,0.0749155534431,0.488611342385,0.0703343115747,0.485185012221
35,0.0758914868347,0.483060935512,0.0684135314077,0.480033941567
36,0.0760524626821,0.478673296049,0.0703453700989,0.475698277354
37,0.0764278050046,0.474450860173,0.0696386601776,0.471544921398
38,0.0766591867432,0.470036346465,0.0720287002623,0.467119365931
39,0.0773949229624,0.465677000582,0.0720285270363,0.462885431945
40,0.0723305605352,0.467949761078,0.063201546669,0.465375676751
41,0.0704705710523,0.464134534821,0.0658305482939,0.459676869214
42,0.0725887939334,0.458682687953,0.0675692819059,0.454854555428
43,0.0733279946726,0.454334011301,0.0677062245086,0.450025439262
44,0.0749649028294,0.449663864449,0.0687598772347,0.445348456502
45,0.0763437971473,0.444684218615,0.0673828283325,0.441492401063
46,0.077081938507,0.440850017592,0.0712614487857,0.437189050019
47,0.0771483210847,0.43700645119,0.0695714075118,0.433727286756
48,0.0783539100084,0.432568674907,0.0733489450067,0.429212532938
49,0.0786485895514,0.429517790675,0.0710496380925,0.42580152303
50,0.0778692809399,0.426318733022,0.0726683959365,0.422887682915
51,0.0791258392856,0.422357689589,0.0711127482355,0.418470539153
52,0.0805028751493,0.418272500858,0.0738183166832,0.414775706828
53,0.0804944755509,0.414226515219,0.0768216717988,0.411565229297
54,0.0816724640317,0.41099024564,0.0755618866533,0.408177763224
55,0.0817716186866,0.407910671085,0.0760489031672,0.404904022813
56,0.0830975044519,0.4043050576,0.0727034006268,0.401634663343
57,0.082357768435,0.401340955868,0.0746332202107,0.397860839963
58,0.0824438999407,0.398135589436,0.0770285371691,0.394720822573
59,0.0829410878941,0.395209219307,0.0765193551779,0.391428150237
60,0.084112848388,0.39203255251,0.0731072798371,0.38850030303
61,0.0844067162834,0.388256242499,0.0797638539225,0.385378032923
62,0.085679736454,0.384800167754,0.0780432689935,0.381372980773
63,0.0872341464274,0.381323084235,0.0774982962757,0.378579199314
64,0.0860985098407,0.379256336018,0.0800679922104,0.375889331102
65,0.0872225747444,0.375786572695,0.0786283221096,0.372957438231
66,0.0880564381368,0.372725633904,0.0782566852868,0.369717888534
67,0.0872169276699,0.370976615697,0.0723121613264,0.3697315678
68,0.0858631837182,0.369826262817,0.0801465082914,0.365297064185
69,0.0868212291971,0.366228638217,0.0814219694585,0.363162301481
70,0.0900841094553,0.362520353869,0.0774911381304,0.359910704195
71,0.0888939583674,0.359750585631,0.0825919490308,0.356957472861
72,0.0902368840761,0.357094436884,0.0823640543967,0.354045860469
73,0.0905374814756,0.354371171445,0.0852088164538,0.352197572589
74,0.0903183063492,0.352241670713,0.0835668705404,0.349357403815
75,0.0904997917823,0.349152687937,0.0837532989681,0.346804626286
76,0.0926753459498,0.345892321318,0.0867681801319,0.343794755638
77,0.0916816364042,0.343520242721,0.0835600085557,0.341480173171
78,0.0901187937707,0.340505475178,0.0896345321089,0.340623192489
79,0.0904042790644,0.340734895319,0.0800301544368,0.338910661638
80,0.0875448342413,0.338244460523,0.0866879187524,0.334832414985
81,0.090356325265,0.335228007287,0.0788126811385,0.33213647455
82,0.0904106204398,0.331666223705,0.0847412459552,0.328227803111
83,0.0918598147109,0.328728761524,0.0821074638516,0.327523127198
84,0.0919011607766,0.326858945191,0.0847286917269,0.324311643839
85,0.0920796007849,0.3241849076,0.088699195534,0.321361109614
86,0.0948328045197,0.32116773352,0.0876177120954,0.319029130042
87,0.0928552933037,0.320002904162,0.0907130856067,0.317080184817
88,0.096107815858,0.316214546561,0.0898181069642,0.314290821552
89,0.09681264963,0.313695631921,0.0873906575143,0.311519898474
90,0.0974392290227,0.311667038128,0.0890586730093,0.309236712754
91,0.0980226588435,0.309073083103,0.0917264632881,0.307690396905
92,0.09815668175,0.307218849659,0.092721696943,0.305572845042
93,0.0992171661928,0.305042117834,0.0929373595864,0.303711734712
94,0.100688050035,0.303135853261,0.0908167101443,0.301696300507
95,0.100370705593,0.300993021578,0.0942834876478,0.298975236714
96,0.100663412828,0.299215784296,0.0931662097573,0.297017648816
97,0.100771302357,0.297424485907,0.0954088103026,0.29609837383
98,0.101891977713,0.296011092141,0.0951405540109,0.293658435345
99,0.101873259526,0.294067488983,0.0965027846396,0.29188297689
100,0.103234773967,0.291425345466,0.0966235548258,0.290800273418
101,0.10404230468,0.28971952945,0.0968165323138,0.288610778749
102,0.103263844736,0.288422113284,0.100380899385,0.287239126861
103,0.104181064758,0.286470079795,0.101790415123,0.285274975002
104,0.106654509436,0.284392820671,0.09697175771,0.282989822328
105,0.106008395553,0.283154113218,0.0994884539396,0.282024353743
106,0.106703988742,0.281451595947,0.0979804825038,0.279864691198
107,0.106302436441,0.279715601355,0.100224614143,0.27831928432
108,0.107189724687,0.277913551778,0.0994988791645,0.27649319917
109,0.107990063727,0.277090005577,0.0973011385649,0.274702169001
110,0.108059101738,0.275043144822,0.0978057608008,0.273399293423
111,0.108140462544,0.273224737495,0.0999947935343,0.271888449788
112,0.109826683532,0.271477479488,0.101747537032,0.269811443985
113,0.108857989777,0.270276639611,0.106870220974,0.270006455481
114,0.112123040948,0.268865354359,0.10085207969,0.267122022808
115,0.111029254273,0.267145175487,0.103492392227,0.266760505736
116,0.111958427355,0.265248097479,0.105684351176,0.265083372593
117,0.113123182673,0.263499757275,0.106916027144,0.263179168105
118,0.113460273948,0.263120189309,0.103964328766,0.261984869838
119,0.113551725633,0.261291919276,0.105729781091,0.260044790804
120,0.11357226409,0.260001829825,0.106847982854,0.258870467544
121,0.115213718731,0.258140761405,0.107715848833,0.257510691881
122,0.116411124356,0.25664626155,0.107712689787,0.255580313504
123,0.116704416927,0.255226629786,0.110945029184,0.254832074046
124,0.117612580769,0.254062411375,0.106558119878,0.253060445189
125,0.117301058955,0.252813080326,0.108876636252,0.25162570551
126,0.118647081777,0.2512023421,0.108911508694,0.250288404524
127,0.119152376894,0.250401774421,0.110257748514,0.249580316246
128,0.118175590876,0.249248957261,0.110969958827,0.248634066433
129,0.118585804943,0.247760467231,0.116900498047,0.248226739466
130,0.121377743315,0.246525434777,0.112142283469,0.245163165033
131,0.121959491167,0.244929135777,0.112433824688,0.243805065751
132,0.121949484106,0.244160773233,0.111050890759,0.242181252688
133,0.122248248663,0.242109684274,0.117268186063,0.242660168558
134,0.122017252725,0.241930370219,0.121766516939,0.242614805698
135,0.124154232442,0.240567574278,0.112452393398,0.239901296794
136,0.123510854319,0.239025158808,0.116749996319,0.238776870072
137,0.12616635114,0.238438594155,0.111303566024,0.238093283027
138,0.125321013387,0.237049077637,0.113306291401,0.235885147005
139,0.125889446586,0.235535967164,0.11629175581,0.235012471676
140,0.126629288308,0.234598466195,0.118146244437,0.234022706747
141,0.128188198432,0.233182750642,0.116775739938,0.232575248927
142,0.12651982531,0.232610920444,0.122514910996,0.232270028442
143,0.130541951396,0.230607815087,0.122712902725,0.231074985117
144,0.12976750033,0.230065735988,0.120536634699,0.230152789503
145,0.132039423566,0.228403585032,0.117621071637,0.227575570345
146,0.129973696545,0.228189913556,0.116744745523,0.227421771735
147,0.133064838592,0.226432697847,0.120632750914,0.226052705199
148,0.131921927445,0.225833430886,0.123620390892,0.225630048662
149,0.132135076448,0.224713174626,0.128819137812,0.226573519409
150,0.134749616962,0.223828516901,0.122185556218,0.224594581872
151,0.132604307029,0.223658116534,0.124722654,0.223112799227
152,0.134312094655,0.22185111139,0.125151082873,0.221496351063
153,0.136328555178,0.221101561561,0.123633168638,0.220486998558
154,0.136119642761,0.220243465155,0.124724319205,0.220867823809
155,0.134060334414,0.219763194211,0.131833080202,0.220473576337
156,0.137264993973,0.218705622479,0.129155011848,0.219455398619
157,0.137911464553,0.217810487375,0.124884428456,0.217073380947
158,0.137442834675,0.216520556249,0.127130113542,0.216572549194
159,0.137820285279,0.216260123067,0.132019780576,0.217175044119
160,0.140421704389,0.214634227566,0.129769800231,0.214160550386
161,0.138645255007,0.213913567364,0.133757181466,0.214583363384
162,0.140459880233,0.213369388133,0.132048131898,0.214114252478
163,0.142332422547,0.212416637689,0.125360630453,0.21150053665
164,0.140492731705,0.211821548641,0.130906818435,0.211643140763
165,0.1436366532,0.21049010288,0.131104914472,0.209952447563
166,0.141999176238,0.210522885434,0.130314206704,0.209907118231
167,0.142683138605,0.209405880421,0.134643375874,0.209447097033
168,0.14117801562,0.209274828434,0.13634550944,0.209686826915
169,0.144430683926,0.207757528871,0.13157674484,0.207813538611
170,0.146292402409,0.206185646355,0.135030966252,0.206641919911
171,0.1454067952,0.206780462526,0.132408805192,0.207132361829
172,0.145939595066,0.205544746481,0.133614659309,0.205436225981
173,0.146565034054,0.204171812162,0.137022458017,0.204816889018
174,0.148943243548,0.203391538002,0.135773006827,0.20385510847
175,0.150210686959,0.20259085577,0.133469216526,0.202820558101
176,0.149204881862,0.201787178405,0.139488186687,0.202583879232
177,0.15003243275,0.201062796637,0.14380812645,0.203201316297
178,0.149573853239,0.201500843279,0.140214927495,0.20184994489
179,0.152172246017,0.19990239758,0.137940529734,0.20071644336
180,0.150498959236,0.198729892261,0.146870020777,0.20090091601
181,0.152088503353,0.198242845945,0.146070871502,0.199658300728
182,0.154289199971,0.197422686033,0.146615166217,0.199537765235
183,0.1559570143,0.197107022628,0.140805330127,0.197757899761
184,0.154973207973,0.195950182155,0.139936372638,0.196436308324
185,0.155574745499,0.195404215716,0.139967501163,0.195889543742
186,0.155502352864,0.194769331254,0.138400193304,0.195107724518
187,0.156881529838,0.19438312389,0.140911892056,0.19518892467
188,0.156370613724,0.193959921598,0.138816423714,0.194268841296
189,0.157778008841,0.192700760439,0.145717922598,0.194188233465
190,0.158996455371,0.192667185329,0.139877084643,0.193644899875
191,0.155995781533,0.19285578467,0.1449588947,0.192619696259
192,0.160684775561,0.1913151443,0.141362767667,0.192205358297
193,0.158504943363,0.191364997998,0.142912149429,0.191427949816
194,0.157104685903,0.19102681987,0.155944403261,0.193797018379
195,0.162245808169,0.18934390787,0.150685481727,0.191283728927
196,0.162106474862,0.188320494257,0.150806851685,0.1900536865
197,0.164858288132,0.188162067905,0.147114634514,0.189314920455
198,0.161959209479,0.187611343339,0.147542517632,0.188779022545
199,0.162701756693,0.187162318267,0.151184108108,0.188556596637
200,0.164285914041,0.185949319042,0.155734710395,0.18805616349
201,0.166821678169,0.185560274869,0.150111038238,0.186421304941
202,0.166524952278,0.18501257617,0.148750867695,0.186519227922
203,0.166610375978,0.184206870385,0.150596287102,0.186304688454
204,0.168559126556,0.183788771741,0.147281754762,0.185064610094
205,0.166742225178,0.183323642239,0.157958000898,0.18505134806
206,0.168431527913,0.18322652299,0.152797076851,0.184387233108
207,0.168168745935,0.182995274663,0.149828244001,0.183921508491
208,0.168740360998,0.183142977767,0.150418344885,0.1841401048
209,0.168279909529,0.181349207647,0.156292177737,0.1834230721
210,0.170406287536,0.181033925153,0.153481725603,0.182163283229
211,0.171986903995,0.179641905241,0.158828575164,0.181727889925
212,0.171692037024,0.179870574735,0.159937854856,0.181310631335
213,0.173847472295,0.178850692697,0.159841421992,0.181177701801
214,0.174034410156,0.178321714513,0.161370500922,0.180581644177
215,0.176131206565,0.17730417382,0.160187717527,0.180716194212
216,0.175535300747,0.176811856218,0.164474312216,0.180655378848
217,0.176631201059,0.176987390034,0.163601908833,0.179233070463
218,0.176867099479,0.175856398419,0.163046576083,0.179085768759
219,0.179261393845,0.175173946656,0.162274375558,0.179164018482
220,0.178116073832,0.175372031517,0.159141663462,0.177778743207
221,0.176805697381,0.175689346157,0.162098884583,0.177160270512
222,0.17902597785,0.174101684242,0.159945253283,0.17682987079
223,0.17790527828,0.174346018583,0.160653084517,0.176169842482
224,0.179144250229,0.173905976117,0.163088753819,0.176222857088
225,0.182088483125,0.172345714644,0.169600307941,0.177122212946
226,0.182453949004,0.172404227778,0.161996029317,0.174503382295
227,0.183640023693,0.171743948013,0.163238797337,0.174999352545
228,0.181110427715,0.172058513388,0.162681169808,0.173835650086
229,0.183363883756,0.171616269276,0.158069208264,0.174085453153
230,0.183497903869,0.171467419714,0.157029483467,0.172811917961
231,0.180750022642,0.171112860553,0.170289963484,0.173895142972
232,0.187010854483,0.169249089435,0.165665905923,0.171989101917
233,0.185571527109,0.169288395904,0.162995323539,0.17203078419
234,0.185795106925,0.169309445657,0.174113921821,0.173122618347
235,0.186158610508,0.168757882901,0.167569112033,0.171403050423
236,0.187855003402,0.168166687712,0.169085387141,0.170517966151
237,0.187700534239,0.16805912368,0.167461756617,0.170556947589
238,0.188638983294,0.16687202733,0.169370178133,0.169760979712
239,0.189424025826,0.166164251976,0.178301561624,0.170954965055
240,0.190876884386,0.166251366027,0.17390357703,0.169435359538
241,0.193025346845,0.165269410238,0.171199139208,0.168708819896
242,0.190892358311,0.165047015995,0.175554636866,0.169591672719
243,0.192342178896,0.165901019238,0.167616844177,0.168030697852
244,0.193234139122,0.16452864185,0.176087342203,0.168405409902
245,0.19355333969,0.163927553222,0.175542369485,0.167541023344
246,0.194377512671,0.163638652302,0.180042289197,0.16824831441
247,0.195716354996,0.163193862885,0.177793961018,0.167755827308
248,0.191607743502,0.164641830139,0.17280523479,0.167147506028
249,0.194144604728,0.164073719643,0.168712858111,0.16652558744
250,0.191062229685,0.16433533933,0.177609410137,0.167229101062
251,0.193393287249,0.163417067379,0.175418376923,0.166336197406
252,0.194244983606,0.163169980049,0.173425354064,0.165692012757
253,0.198420664296,0.161543919705,0.174742683768,0.165449056774
254,0.197254429571,0.160974244587,0.181495066732,0.165627852082
255,0.200171558186,0.160305831581,0.180267706513,0.164687998593
256,0.20165476948,0.159688847139,0.176693502814,0.163376163691
257,0.201357978396,0.159668997861,0.18199224025,0.164361532778
258,0.199795599096,0.159251422621,0.182573139668,0.164438348264
259,0.204931116663,0.158615204506,0.179355185479,0.163184255362
260,0.200729680248,0.158664660528,0.181425336748,0.163293771446
261,0.204444148578,0.157889485359,0.18358457461,0.162142518908
262,0.204750453122,0.157872704789,0.179621554911,0.16194254905
263,0.203180825338,0.157532456331,0.187429048121,0.162889122963
264,0.203593183309,0.157557662576,0.18806110695,0.162267945707
265,0.205466988496,0.157095047645,0.177559588104,0.16057709232
266,0.206233704463,0.156859207898,0.184661194682,0.16178611666
267,0.203537655994,0.156671824865,0.194923438132,0.163695152849
268,0.208826852962,0.156297202222,0.182234868407,0.160908836871
269,0.206289361231,0.155483981594,0.186577998102,0.16033108905
270,0.208789453842,0.155207021162,0.189408712089,0.15969460085
271,0.211179767735,0.154301141389,0.185750365257,0.159689348191
272,0.210002515465,0.154187089764,0.186817549169,0.159672386944
273,0.210274826735,0.154557663016,0.182131052017,0.159357503057
274,0.210010695271,0.154109208845,0.185574375093,0.15870641917
275,0.208910657093,0.154275298119,0.183230791241,0.158262144774
276,0.212248555385,0.153584592044,0.188577484339,0.15802853182
277,0.211175187491,0.153002404608,0.196837622672,0.15891027078
278,0.214188456535,0.15248497203,0.187135539949,0.15738851577
279,0.214318784885,0.152030001394,0.18866269663,0.157473977655
280,0.214796455577,0.151961334981,0.190405517817,0.157238971442
281,0.216540740803,0.15094778873,0.193997997791,0.157719332725
282,0.218456652015,0.15058762487,0.189895685762,0.156957160681
283,0.216386856511,0.151085025631,0.189883749932,0.156212668866
284,0.21328984946,0.152070564218,0.188518550247,0.158180721104
285,0.217113228515,0.150908719748,0.18575502187,0.156143635511
286,0.215856378898,0.1507550776,0.192595604807,0.155873194337
287,0.217490456998,0.150070470758,0.196813367307,0.156372200698
288,0.218693722971,0.149620701559,0.199587985873,0.156404938549
289,0.221505016088,0.148584546521,0.196994964033,0.154678564519
290,0.216552907601,0.150230842642,0.193534970284,0.155625633895
291,0.221323094331,0.148999756202,0.195266786963,0.154616326094
292,0.220781791024,0.148449799977,0.19637382403,0.154325116426
293,0.221789366566,0.148391410708,0.185076974332,0.153808023781
294,0.221276069991,0.148514925502,0.194766353816,0.154399208724
295,0.220575552434,0.148230387829,0.202525153756,0.155216898769
296,0.223163151182,0.147425676696,0.197393491864,0.15434833616
297,0.224527294748,0.1471277643,0.200144834816,0.153521195054
298,0.222813394852,0.147907564417,0.203816607594,0.154425650835
299,0.225623262115,0.145951000042,0.204337969422,0.153710328043
300,0.225683093071,0.146344374865,0.199971169233,0.152204919606
301,0.225373638794,0.146781185642,0.203152876347,0.153384171426
302,0.22421864327,0.147124839015,0.194651320577,0.153716482222
303,0.225014991127,0.145859706216,0.20516775921,0.152581602335
304,0.227706682868,0.146129124798,0.203028801829,0.152379348874
305,0.228030105121,0.145126708783,0.195791367441,0.1516434066
306,0.22468210198,0.145805297419,0.204455647618,0.151545394212
307,0.230227629654,0.144041413441,0.208676844835,0.152156811208
308,0.230857650749,0.143902089447,0.208288535476,0.152043443173
309,0.233238295652,0.143334281631,0.207291182131,0.151542134583
310,0.230450353585,0.143743555993,0.206907130778,0.150869224221
311,0.233274018392,0.14331598673,0.204274110496,0.150222212076
312,0.234409142286,0.142321047373,0.207580912858,0.150205589831
313,0.232247133739,0.142952930182,0.2079635337,0.149790998548
314,0.223451589234,0.148544949479,0.168003641069,0.161209255457
315,0.195491285995,0.157401673496,0.173158977181,0.159461729228
316,0.206927889027,0.151614398696,0.200111269951,0.154382288456
317,0.220705631189,0.147219986655,0.19909325242,0.150501064956
318,0.228449579328,0.144543778617,0.199714604765,0.149606015533
319,0.230044361204,0.142851058394,0.210544709116,0.150730255991
320,0.235200882889,0.142392186448,0.205891948193,0.149306964129
321,0.233733923174,0.141811274923,0.209933195263,0.149382017553
322,0.235584173352,0.141345317475,0.214169897139,0.149311967194
323,0.234519782476,0.142174524721,0.208736974746,0.148726329207
324,0.23665241152,0.14156022016,0.201873507351,0.147977232933
325,0.230565492064,0.142518251203,0.20349952206,0.148193061352
326,0.240488396026,0.140150410123,0.204265818,0.147686384618
327,0.236835287884,0.140386733226,0.212715409696,0.147922191769
328,0.237367915921,0.139916138723,0.211960483342,0.147438000888
329,0.239217687398,0.139702916145,0.215197041631,0.147795122117
330,0.24017704092,0.140139005147,0.212913636118,0.147038444877
331,0.239980990998,0.139625567943,0.214561320841,0.147270511836
332,0.243009743281,0.138593604788,0.213907185942,0.146837729961
333,0.238543091342,0.139917567838,0.208087045699,0.147114790976
334,0.241020623595,0.139274547808,0.214873597026,0.146846618503
335,0.242050282657,0.138642854057,0.219025559723,0.148352481425
336,0.244455374777,0.13861324219,0.217730529606,0.147341266274
337,0.243660287932,0.138128780294,0.211507752538,0.147292617708
338,0.239163940772,0.138872712385,0.224338188767,0.149458318949
339,0.245713762939,0.138237045147,0.217586614192,0.146297071129
340,0.244075650349,0.137647746131,0.214149136096,0.14536767453
341,0.24351445958,0.137338456232,0.222481187433,0.147443447262
342,0.249444238842,0.136485297233,0.219908233732,0.145485442132
343,0.247158042155,0.136634149589,0.215314079076,0.145186629146
344,0.245478518307,0.136516822502,0.221814479679,0.145653326064
345,0.249978253618,0.135593643412,0.219308879226,0.144591782242
346,0.251791529357,0.135654005222,0.218448672444,0.144402276725
347,0.251916582696,0.135288800113,0.214018736035,0.143675602973
348,0.24471959006,0.136701675132,0.214819729328,0.143909022212
349,0.249820351601,0.135253610089,0.221748214215,0.144790429622
350,0.248583038338,0.135779817123,0.223494544625,0.144274581224
351,0.246723485179,0.136579212733,0.21729420498,0.143716376275
352,0.249379088171,0.135201661382,0.227886065841,0.145570851862
353,0.253323000856,0.135060495231,0.212819192559,0.143546704203
354,0.249505246989,0.135117468424,0.217539511621,0.143166869879
355,0.251923356205,0.134138455614,0.224862668663,0.144310880452
356,0.255938579328,0.133547538891,0.224813528359,0.143452759832
357,0.252140794881,0.134726186283,0.214589856565,0.143220409751
358,0.254243877716,0.13416536618,0.213493317366,0.142872013152
359,0.253789569251,0.134101977106,0.218121469021,0.143201671541
360,0.250644441694,0.134206924122,0.220051925629,0.141962978989
361,0.254124229774,0.133244540542,0.229448892176,0.143744874746
362,0.257165426388,0.133231488056,0.223493687809,0.142471127212
363,0.259407469071,0.13233009167,0.223088368773,0.142696451396
364,0.253439958207,0.133191997651,0.224642958492,0.142705023289
365,0.255822918378,0.133377389517,0.218200609088,0.142121039331
366,0.255236813799,0.132756098174,0.2274915874,0.142209857702
367,0.257371967658,0.133180418983,0.229076672345,0.142481449991
368,0.257856852375,0.132301469333,0.224042631686,0.141420509666
369,0.258677151985,0.131537775975,0.221476253122,0.141981862485
370,0.259621162899,0.131652416661,0.233382672071,0.143064457923
371,0.258720599115,0.132588334847,0.228154554963,0.142058182508
372,0.260246940888,0.131300535984,0.22736068815,0.1421892941
373,0.255806988105,0.131707016379,0.231732107699,0.142069928348
374,0.262278383598,0.131370762829,0.228298518807,0.141757182777
375,0.26452022139,0.130062466022,0.230053704232,0.141021069139
376,0.2621388603,0.130719624925,0.227887503803,0.14079497382
377,0.260909684934,0.130866017658,0.228975966573,0.14132206887
378,0.263516279869,0.130685336888,0.226046871394,0.140688855201
379,0.263854350895,0.129971452057,0.231300015002,0.140431091189
380,0.261233268306,0.130411192775,0.229737505317,0.139991618693
381,0.265689697117,0.129435724579,0.22926678881,0.139764398336
382,0.267253863625,0.129046904389,0.228870779276,0.140242062509
383,0.263370116241,0.129665100947,0.238333009183,0.14128831774
384,0.267611922696,0.129100061487,0.232098925859,0.140158060938
385,0.263323355466,0.12984037539,0.227547831833,0.139356710017
386,0.266884606332,0.128966746852,0.238320432603,0.141631584615
387,0.266342826188,0.129908333998,0.227532014251,0.141099996865
388,0.264360281639,0.12936155498,0.2309980914,0.1401020661
389,0.26619097963,0.128820473328,0.236078735441,0.140076674521
390,0.271348688751,0.127418466378,0.237220492214,0.139355242252
391,0.271499073133,0.127686124295,0.232932530344,0.139636863023
392,0.2688990077,0.12846944714,0.234052844346,0.139242380857
393,0.266077326611,0.128761528991,0.236855205148,0.139689814299
394,0.271637538448,0.127534711268,0.231899499893,0.139320269227
395,0.271782188676,0.127208048478,0.233855318278,0.139134105295
396,0.268032471649,0.128214262426,0.226887226105,0.139000114053
397,0.266517760232,0.128496515099,0.238269116729,0.13966473192
398,0.269556660205,0.128304710146,0.23208431527,0.139369558543
399,0.268486866727,0.127859324683,0.231469970196,0.138313554227
400,0.270928991958,0.127384955063,0.238320674747,0.139388557523
401,0.269792192616,0.127460080199,0.233753170818,0.138286612928
402,0.273279641755,0.126621995121,0.240368369967,0.139096997678
403,0.270540256053,0.127655132208,0.236454483122,0.140196368098
404,0.270815672353,0.127334672026,0.233119770885,0.137884415686
405,0.271846409887,0.126765782014,0.238316934556,0.138035196811
406,0.275828201324,0.126206009183,0.231610428542,0.137094143778
407,0.270347938873,0.12705571996,0.236328456551,0.138447817415
408,0.273725245148,0.126563378144,0.225810792297,0.138199701905
409,0.273589435965,0.125878207851,0.241904314607,0.138489402831
410,0.274478147738,0.126535936724,0.243340473622,0.139435376972
411,0.272422182374,0.126738047693,0.236509274691,0.137808479369
412,0.277827639133,0.12483770214,0.244158871472,0.138974066824
413,0.275044227019,0.125582792796,0.242564287037,0.138265423477
414,0.277454637922,0.124832661357,0.241366904229,0.137548498809
415,0.278748817742,0.125072564464,0.236167352647,0.137154601514
416,0.278304005042,0.124504458159,0.243471454829,0.13726343587
417,0.280066419393,0.124470254406,0.23688095063,0.136925857514
418,0.272243505344,0.125977318734,0.23524351418,0.137719023973
419,0.279573585838,0.125320119783,0.238480113447,0.138021014631
420,0.278091890737,0.12441179296,0.238916669041,0.136464182287
421,0.277620295994,0.124996954575,0.229478567839,0.136861294508
422,0.275868533179,0.125271690544,0.244388841093,0.138440489769
423,0.281188995577,0.124154236168,0.240357063711,0.136694222689
424,0.280253944919,0.123567208182,0.243386369199,0.137062106282
425,0.282955711707,0.12337658694,0.250244211406,0.13771340996
426,0.281845954247,0.123989176471,0.243281211704,0.137416247278
427,0.276025906205,0.125127156265,0.245864201337,0.13684245199
428,0.285401700065,0.122444423847,0.24230178073,0.135224446654
429,0.288755228743,0.121328702196,0.243858601898,0.13458959572
430,0.28601826448,0.121495076455,0.2473154217,0.134658183903
431,0.289904510602,0.120807861909,0.245323028415,0.134844582528
432,0.29067360051,0.120584686287,0.249172635376,0.134986780584
433,0.291879978031,0.120918851346,0.243620790541,0.134319813922
434,0.285965003073,0.122121280059,0.244898233563,0.134866304696
435,0.288300678134,0.121059429832,0.252554982901,0.135586526245
436,0.290139142424,0.120747110341,0.25213240087,0.135530596599
437,0.291531022638,0.120451755356,0.246384914964,0.134970413521
438,0.286177258939,0.121972386725,0.241272933781,0.134760299698
439,0.290016800165,0.120750904083,0.247746482491,0.135157028213
440,0.291043737903,0.120395005215,0.251272153109,0.135283272713
441,0.292595559731,0.120641883928,0.246617656201,0.134467022493
442,0.28876860626,0.120447410736,0.250281840563,0.134886730462
443,0.293882744387,0.11975244293,0.253754585981,0.13579941541
444,0.292688503861,0.120260201395,0.251104537398,0.135630510747
445,0.29484981671,0.11971275229,0.251880344003,0.135454745963
446,0.291537102312,0.120133427437,0.250174697489,0.134757554159
447,0.293478759006,0.119615882169,0.246756244451,0.134795419872
448,0.295251799747,0.119518455118,0.249766658992,0.134968794882
449,0.295483475551,0.119056364521,0.253034789115,0.135064125061
450,0.294964564964,0.119581637904,0.251272607595,0.134272042662
451,0.297509189695,0.119004967622,0.251355398446,0.133971473202
452,0.294943517074,0.119260438718,0.252100661397,0.134198341519
453,0.296610686928,0.118732694071,0.254267908633,0.134369669482
454,0.29604498297,0.118953427766,0.253039304167,0.134227098897
455,0.29628745839,0.11883197492,0.248518105596,0.133546845987
456,0.297701125965,0.118642102927,0.249669905752,0.133540999144
457,0.298099629581,0.117842683103,0.254063103348,0.13410516642
458,0.297936886549,0.118723671883,0.247400552034,0.133452534676
459,0.297797711566,0.11842628615,0.24740421772,0.133908223361
460,0.298170110211,0.11845553387,0.2558404468,0.134559642524
461,0.298226859421,0.118029383477,0.255312174559,0.133920228109
462,0.298305364326,0.118443488609,0.252635840327,0.133644569665
463,0.299823405221,0.117963247001,0.251809865236,0.133706614375
464,0.297601053491,0.118502714206,0.249156523496,0.133586574346
465,0.300666989759,0.117691639811,0.251547049731,0.133691012859
466,0.29781745933,0.118183372077,0.252780973911,0.133736642078
467,0.299608929083,0.117578183766,0.255197107792,0.134059671313
468,0.30011674203,0.117713226005,0.252502378076,0.13383182697
469,0.301757149398,0.117443590891,0.250731538981,0.133265066892
470,0.301322702318,0.117306853179,0.252414703369,0.13360285759
471,0.30200881511,0.117286830209,0.253684837371,0.133914286271
472,0.301100295037,0.117838107049,0.254393640906,0.133503645658
473,0.298820918426,0.117430123966,0.255422100425,0.133911836892
474,0.30351591669,0.117005646694,0.254931621253,0.133658580482
475,0.300154674798,0.117644936778,0.254622001201,0.133536724374
476,0.303881926462,0.116758258548,0.254657424986,0.133466400206
477,0.302634576336,0.117373787798,0.254387054592,0.133279545233
478,0.301767013967,0.117151088081,0.254210751504,0.133292723447
479,0.301056791097,0.117129614577,0.255827136338,0.13362634182
480,0.302008306608,0.117328376975,0.254331137985,0.133458266035
481,0.303176367655,0.117221144959,0.253995008767,0.13335759379
482,0.301097713411,0.117069005035,0.254137735814,0.133394500241
483,0.3048918657,0.11631691549,0.255856372416,0.13362968713
484,0.303369449452,0.117782743648,0.250975798815,0.133149504662
485,0.298984566703,0.117126625963,0.258577741683,0.134306360036
486,0.300652222708,0.117154157255,0.255791351199,0.133529100567
487,0.304697977379,0.116650672164,0.255989737809,0.13372464478
488,0.3019620087,0.117713163141,0.253856092691,0.133180405945
489,0.30282743834,0.116673385724,0.256034053862,0.133456943557
490,0.305595749989,0.116466401145,0.255566868931,0.133470850065
491,0.303987257183,0.116530197207,0.256321709603,0.133438834921
492,0.303065493703,0.116872183047,0.255053065717,0.133423140272
493,0.302394598722,0.117425340228,0.256108060479,0.133429825306
494,0.301571985707,0.116366807371,0.25681643188,0.133499439806
495,0.30716172792,0.11634339625,0.256701625884,0.133502501994
496,0.302202865481,0.116661475971,0.257244687527,0.133453952149
497,0.305846750736,0.116921297275,0.254545520991,0.133030317724
498,0.302353832871,0.117058874108,0.254727791995,0.133066751063
499,0.302239656448,0.116993277799,0.253719322383,0.132933449
500,0.301691967994,0.1170873316,0.255890838802,0.133201798424
501,0.305058380589,0.116233846173,0.255858264863,0.133187344298
502,0.303582463413,0.116784951184,0.256235968322,0.133309578523
503,0.303566711023,0.116733278614,0.254658792168,0.13302642107
504,0.301349127665,0.116323961876,0.25695746392,0.133290268481
505,0.306355480105,0.11654811725,0.255821544677,0.133083358407
506,0.302565420046,0.116755354218,0.253993831575,0.13291811198
507,0.304380476475,0.116097972728,0.257461190224,0.133482087404
508,0.304832302034,0.116222122684,0.254809737206,0.132909208536
509,0.304969282821,0.116455654148,0.25647835806,0.133082171902
510,0.30472175777,0.115991751198,0.256447982043,0.133169701323
511,0.306823564693,0.115807469003,0.256262008101,0.133189097047
512,0.304572766647,0.116243037861,0.257345490158,0.1332972534
513,0.306265262887,0.116205718834,0.256435777992,0.133024055511
514,0.30424617976,0.116164461244,0.257104177028,0.13311880827
515,0.306681768969,0.11646833783,0.254230946302,0.132808959112
516,0.305067781359,0.11598946061,0.256525427103,0.133170977235
517,0.303699852899,0.116577047389,0.255960833281,0.133122330531
518,0.301640741527,0.116748774424,0.255860280246,0.133077111095
519,0.306146277115,0.116409056354,0.255656540394,0.132979225367
520,0.303522627801,0.116347997915,0.257169052958,0.13324890472
521,0.306459488347,0.115978382528,0.256371509284,0.133132759482
522,0.305820845068,0.116615730338,0.256497047842,0.133081747219
523,0.304737014696,0.115683756769,0.255546949804,0.132920604199
524,0.305728407577,0.116504986305,0.25536679104,0.132918357849
525,0.303197689354,0.116041137837,0.25627316162,0.133069967851
526,0.305760197341,0.115980097093,0.257960654795,0.133308338001
527,0.306845711544,0.115822562482,0.256794974208,0.133037565276
528,0.304196391255,0.116040486377,0.257552910596,0.133071327582
529,0.305645871907,0.116711813491,0.257096774876,0.133028950542
530,0.306051813066,0.115601119585,0.256517924368,0.132914915681
531,0.306485187262,0.116060317028,0.256447292864,0.132980233058
532,0.304249567911,0.116151099559,0.256315879524,0.132962474599
533,0.30708957836,0.116178176366,0.255947101861,0.132865799591
534,0.30336297676,0.116043200251,0.255883000791,0.132844567299
535,0.30527923815,0.116401086096,0.256008278579,0.132875196636
536,0.304467834532,0.116185437888,0.257040157914,0.133103491738
537,0.304835194722,0.11651391862,0.256240341812,0.132979359478
538,0.303822608665,0.116426707711,0.257158361375,0.133072517812
539,0.30776369758,0.116352024954,0.254819665104,0.132650820538
540,0.30366232805,0.115976621863,0.256120465696,0.132840290666
541,0.306376727298,0.115701426752,0.256932847202,0.132964514196
542,0.306463005021,0.116039889399,0.256219118834,0.132875725627
543,0.305102329701,0.116050017998,0.257068689913,0.13299997896
544,0.306195527315,0.115762460046,0.257082536817,0.132949676365
545,0.307747349143,0.115863611922,0.256465498358,0.132845621556
546,0.304216271266,0.115971731022,0.256764851511,0.132899561897
547,0.305257763714,0.115634659771,0.256990272552,0.132926750928
548,0.30465824157,0.116564542521,0.257490225136,0.133030194789
549,0.304234171286,0.116962045897,0.256991267204,0.132941525429
550,0.307270992547,0.116110605188,0.255364365876,0.132709547877
