epoch,jaccard,loss
0,0.209102511406,0.81855994463
1,0.206688788533,0.814141118526
2,0.206596028805,0.812170064449
3,0.204130990803,0.80737310648
4,0.204490152001,0.802293872833
5,0.203446120583,0.793847715855
6,0.216937717795,0.788563513756
7,0.208606696129,0.782888948917
8,0.220887236297,0.775751674175
9,0.215105703473,0.772081029415
10,0.227577322721,0.762081813812
11,0.22511690706,0.756975412369
12,0.238603138924,0.742252182961
13,0.222828770149,0.743963313103
14,0.235830366611,0.72766764164
15,0.239669464529,0.721070981026
16,0.239033585787,0.713452482224
17,0.248921632767,0.702184939384
18,0.236020448804,0.708359611034
19,0.24867131412,0.697910237312
20,0.262278839946,0.672815477848
21,0.242354078218,0.688666427135
22,0.2445539698,0.685900437832
23,0.251497513056,0.666727972031
24,0.245653441548,0.679290401936
25,0.238412089346,0.676466548443
26,0.241876202077,0.668042576313
27,0.275924137235,0.627044320107
28,0.245812349021,0.66672437191
29,0.277854168415,0.618612575531
30,0.283163571358,0.608412122726
31,0.278966373205,0.610675811768
32,0.251427426189,0.646960139275
33,0.279905545712,0.599840319157
34,0.261797833443,0.620150887966
35,0.277521130443,0.599645245075
36,0.288553869724,0.583973240852
37,0.260754676163,0.630052042007
38,0.276377293468,0.608473539352
39,0.292633354664,0.583729040623
40,0.293122640252,0.576098227501
41,0.286066460609,0.587303674221
42,0.283571642637,0.586646032333
43,0.292195376754,0.579272186756
44,0.264401025325,0.616396665573
45,0.286517858505,0.588271737099
46,0.284159344435,0.579254686832
47,0.29838950336,0.571385741234
48,0.295563197136,0.563403236866
49,0.279696196318,0.583737933636
50,0.249904851057,0.63179101944
51,0.271752144489,0.605754840374
52,0.269163598642,0.61176366806
53,0.287737557292,0.578459537029
54,0.274255917966,0.602847290039
55,0.280153810978,0.587424874306
56,0.286942672729,0.581322693825
57,0.307985138893,0.550693559647
58,0.271440484375,0.603661727905
59,0.259244096745,0.6177277565
60,0.30769405067,0.549528980255
61,0.286828431487,0.572595846653
62,0.307115730643,0.543150317669
63,0.280988100171,0.582867312431
64,0.287836921215,0.567452812195
65,0.293175515532,0.56086640358
66,0.286493992805,0.575199627876
67,0.302122569084,0.557656359673
68,0.289113476872,0.570163702965
69,0.291894957423,0.576972568035
70,0.310916724801,0.538705670834
71,0.288391134143,0.576389861107
72,0.317108380795,0.533518564701
73,0.29552038908,0.560369777679
74,0.283913401332,0.582032299042
75,0.292179232836,0.558996868134
76,0.286511148885,0.57828861475
77,0.311848029494,0.533633220196
78,0.32272349596,0.523241329193
79,0.316520920396,0.534320914745
80,0.29706684947,0.555305922031
81,0.284186774492,0.57853615284
82,0.311844921112,0.537683010101
83,0.29181343019,0.565052783489
84,0.312407717109,0.540463936329
85,0.323552280664,0.5209826231
86,0.306043192744,0.547177517414
87,0.294716515392,0.571416592598
88,0.29127531935,0.577533632517
89,0.323398905993,0.525735521317
90,0.288079377916,0.581155049801
91,0.299074453115,0.555109035969
92,0.327941727638,0.518366241455
93,0.315464623272,0.536655902863
94,0.298554909229,0.558694410324
95,0.305997055769,0.546632355452
96,0.303617864847,0.549295723438
97,0.286275319755,0.570322358608
98,0.281628009677,0.58577144146
99,0.300762867928,0.544928884506
100,0.316335213184,0.530345195532
101,0.329992568493,0.5126478374
102,0.285541640222,0.574317401648
103,0.306689798832,0.542140376568
104,0.310031202435,0.532163578272
105,0.317686712742,0.530687665939
106,0.31268825829,0.532372152805
107,0.291714998335,0.566318547726
108,0.316637471318,0.528265476227
109,0.319480368495,0.527054321766
110,0.30283665657,0.550301229954
111,0.330280050635,0.510595607758
112,0.287705051526,0.578964304924
113,0.318124499917,0.521955871582
114,0.329795587063,0.510187739134
115,0.343749421835,0.492754435539
116,0.341000056267,0.496292555332
117,0.304647573829,0.548397231102
118,0.287621020432,0.578769212961
119,0.291646689549,0.574801647663
120,0.340477871895,0.501269072294
121,0.329174736142,0.509902954102
122,0.323361420631,0.523000609875
123,0.326680877805,0.520024853945
124,0.352327805758,0.482409739494
125,0.29787346106,0.565979754925
126,0.321692991257,0.518692290783
127,0.325311526656,0.521079796553
128,0.328051134944,0.515144377947
129,0.33291490078,0.509129422903
130,0.327858510613,0.518828892708
131,0.315718045831,0.531337141991
132,0.310088917613,0.536111497879
133,0.302435544133,0.559461474419
134,0.301689304411,0.549326550961
135,0.313778305054,0.53222849369
136,0.318772986531,0.526855891943
137,0.347326433659,0.488769835234
138,0.33468708396,0.508900523186
139,0.262278484832,0.615009868145
140,0.340481579304,0.49865399003
141,0.326955118775,0.517752742767
142,0.335427814722,0.504744851589
143,0.326908490062,0.51287509203
144,0.315313339233,0.530446022749
145,0.333573889732,0.504015350342
146,0.331918519735,0.505139112473
147,0.348160728812,0.486495286226
148,0.3249117136,0.517534512281
149,0.34984613359,0.489135748148
150,0.296056535095,0.565708804131
151,0.319429665059,0.53477871418
152,0.314119531214,0.542299717665
153,0.32868489325,0.51563475132
154,0.314640725963,0.54304780364
155,0.347764313221,0.484805071354
156,0.342036607862,0.495127046108
157,0.318990761042,0.534613221884
158,0.325319668651,0.514833676815
159,0.288735499233,0.573048168421
160,0.319982132316,0.522771316767
161,0.316638787438,0.539550191164
162,0.335499355197,0.507169270515
163,0.318840298802,0.5405575037
164,0.336937224865,0.505777561665
165,0.312881728821,0.544882953167
166,0.333675432205,0.505282616615
167,0.337568753958,0.499147182703
168,0.33461779058,0.511712098122
169,0.329236903787,0.518021869659
170,0.321882164478,0.527126216888
171,0.309963643551,0.533525443077
172,0.312995502353,0.53465359807
173,0.3179615587,0.527850985527
174,0.347720935941,0.488161373138
175,0.325468492508,0.516801899672
