epoch,jaccard,loss
0,0.0435228362679,0.793159413338
1,0.0453785669059,0.777184402943
2,0.0466142911464,0.758333384991
3,0.0461280114949,0.734979617596
4,0.0458712186664,0.707602095604
5,0.0450854759663,0.696382665634
6,0.0452112980187,0.688068139553
7,0.0451164290309,0.68724834919
8,0.0447234090418,0.678627490997
9,0.0444931991398,0.676981556416
10,0.0444397136569,0.674626016617
11,0.0446434680372,0.67004750967
12,0.044790174067,0.668215656281
13,0.0450670696795,0.662733125687
14,0.0452547937632,0.66015086174
15,0.0454280778766,0.665047347546
16,0.0446619667113,0.65599462986
17,0.0445651717484,0.655402445793
18,0.044611993432,0.65205745697
19,0.044482062012,0.649552536011
20,0.044734147191,0.646331465244
21,0.0446624305099,0.643911755085
22,0.0446666054428,0.641439700127
23,0.0449365474284,0.639283752441
24,0.0452259212732,0.637222266197
25,0.0454743146896,0.634910511971
26,0.0456668749452,0.6327242136
27,0.0458755195141,0.630347335339
28,0.0455538161099,0.629283094406
29,0.0459805190563,0.625449752808
30,0.045564673841,0.624488329887
31,0.0461108826101,0.620899426937
32,0.0461130257696,0.61940009594
33,0.04620058164,0.617668271065
34,0.0467306435108,0.614794135094
35,0.0463977329433,0.613542616367
36,0.0463361788541,0.611069726944
37,0.0462687384337,0.609680724144
38,0.0464058972895,0.607394123077
39,0.0464859172702,0.605134522915
40,0.0472662210464,0.60294533968
41,0.0467071168125,0.601030671597
42,0.0463513307273,0.599646377563
43,0.0470867238939,0.596722221375
44,0.0469577241689,0.595209574699
45,0.0481088012457,0.592261433601
46,0.0491214469075,0.590053141117
47,0.0491621173918,0.588020038605
48,0.0477090612054,0.588113307953
49,0.0470299035311,0.584902608395
50,0.0471898723394,0.583257579803
51,0.0482142597437,0.580581831932
52,0.0482118368149,0.579391610622
53,0.0482669651508,0.581705188751
54,0.046581087634,0.582017278671
55,0.0467788755894,0.577145898342
56,0.0466467481107,0.576176178455
57,0.0470081962645,0.572930014133
58,0.0462386064231,0.570711779594
59,0.0476936869323,0.56772300005
60,0.0469318985939,0.56673874855
61,0.0476032659411,0.564359951019
62,0.0469875492156,0.562535834312
63,0.0477703779936,0.559651315212
64,0.0482795815915,0.558848166466
65,0.0486925773323,0.556594407558
66,0.0475955285132,0.555401682854
67,0.0484304495156,0.552513301373
68,0.0480749703944,0.551285636425
69,0.0486931592226,0.54948810339
70,0.0489169385284,0.547446656227
71,0.0497249610722,0.544688022137
72,0.0496451131999,0.543519163132
73,0.0494962252676,0.541678249836
74,0.0492085874081,0.540327084064
75,0.0495971802622,0.538378238678
76,0.0482979800552,0.537534594536
77,0.0492954976857,0.533936953545
78,0.0493201330304,0.533643186092
79,0.0496982242912,0.532589435577
80,0.0498976945877,0.529673087597
81,0.0507379092276,0.527451002598
82,0.0500126115978,0.527864158154
83,0.0492915950716,0.524961030483
84,0.050495532155,0.521812307835
85,0.0514120981097,0.521016538143
86,0.0507216490805,0.519890487194
87,0.0501806110144,0.518310761452
88,0.0508050024509,0.516276204586
89,0.0507807377726,0.51452934742
90,0.0504231914878,0.514066779613
91,0.049060498178,0.511638629436
92,0.050618891418,0.509754240513
93,0.0528349839151,0.508177638054
94,0.051014829427,0.505801796913
95,0.0507845290005,0.505118691921
96,0.0514561399817,0.503157180548
97,0.0517300277948,0.501967585087
98,0.0510066770017,0.500149619579
99,0.05141460374,0.498309749365
100,0.0523395299911,0.497075098753
101,0.0503805920482,0.496245133877
102,0.0520452737808,0.494600743055
103,0.0515126176178,0.491953766346
104,0.0521062761545,0.490232777596
105,0.0528461977839,0.489122921228
106,0.0519983239472,0.487444639206
107,0.0537607133389,0.485622870922
108,0.052420232445,0.485299271345
109,0.0522760517895,0.483161509037
110,0.0543649032712,0.48178665638
111,0.0526323407888,0.480233031511
112,0.0511308345944,0.479686886072
113,0.0535404443741,0.476532131433
114,0.0531312733889,0.475051188469
115,0.0536605522037,0.47312784791
116,0.0543652005494,0.471351200342
117,0.0540070071816,0.471687525511
118,0.0502527445555,0.472631347179
119,0.0491599593312,0.471127974987
120,0.0534040696919,0.466842603683
121,0.0532492943108,0.466686189175
122,0.0529556766152,0.4636967659
123,0.052898286283,0.463314080238
124,0.054015082866,0.461225831509
125,0.05344793275,0.459506618977
126,0.0523991405964,0.458251643181
127,0.0520685382187,0.458146172762
128,0.0524474404752,0.45880946517
129,0.0524341665208,0.454841572046
130,0.0519590117037,0.453190535307
131,0.0548691183329,0.450641977787
132,0.0554825343192,0.447680968046
133,0.0554823182523,0.446983641386
134,0.0540701523423,0.44461696744
135,0.0544033497572,0.447520470619
136,0.055171225965,0.446979874372
137,0.0521932706237,0.443009889126
138,0.0514175508171,0.445503228903
139,0.0527710288763,0.442121374607
140,0.0541212528944,0.441322976351
141,0.0545697256923,0.437211793661
142,0.0523691810668,0.438203424215
143,0.0521340638399,0.435243409872
144,0.0557047180831,0.43175188899
145,0.0543172702193,0.433581072092
