epoch,jaccard,loss,val_jaccard,val_loss
0,0.0660868025743,0.702481871614,0.0526622531698,0.676843300462
1,0.0738459023384,0.638637957665,0.0559047527986,0.640747366473
2,0.0729085142572,0.614818730033,0.0527502212626,0.612892397679
3,0.0729939567274,0.58828894794,0.0486604108883,0.589439683594
4,0.073737510677,0.563103503906,0.0606996781723,0.569537241012
5,0.0786428484015,0.538080367904,0.0603958339489,0.553222706076
6,0.0746950385453,0.526168993459,0.0580228957035,0.52055002423
7,0.0783893727689,0.500065657955,0.0630515291898,0.507582590915
8,0.0816199255447,0.484258220173,0.0637537128609,0.484418937005
9,0.0862143089141,0.463667210478,0.0624279349092,0.476436991245
10,0.0837706500153,0.452501183519,0.0616594091368,0.450039930642
11,0.0815089630486,0.440087127571,0.0584984696183,0.43708972726
12,0.0869135260826,0.421587228202,0.0694206903808,0.431142511778
13,0.092909131258,0.400210876877,0.0638202065647,0.406807094347
14,0.0940714093737,0.388699641595,0.0731023086686,0.387818820775
15,0.0952299056029,0.379253781759,0.0787755228048,0.390490788966
16,0.0992834013964,0.365392531913,0.0695565617992,0.371898893733
17,0.102895073076,0.3562227201,0.0563889997922,0.372663753107
18,0.102132749133,0.343767347817,0.079979444941,0.347286670469
19,0.106223942059,0.331806533612,0.0707489301797,0.332914748229
20,0.101324487372,0.327908197848,0.0785420473813,0.323581594508
21,0.106278559369,0.316557398782,0.0769442486186,0.317412239034
22,0.116026977468,0.301418831142,0.0777767936908,0.304068715777
23,0.115139566316,0.293360670599,0.0659882076042,0.305009962991
24,0.112430486612,0.287564076483,0.0876090102222,0.286114475224
25,0.120503472449,0.27663642168,0.0910939631592,0.280828442425
26,0.117619307565,0.272749908555,0.0841827373916,0.273740471341
27,0.120590622639,0.268203772318,0.0805190351095,0.273817646084
28,0.113188626889,0.268740382905,0.0987744936926,0.28389941901
29,0.116757512604,0.262617441897,0.0932644790232,0.265038819052
30,0.121205000046,0.24924824874,0.100953931405,0.25389539171
31,0.122275717278,0.244329843097,0.101356638218,0.243001596304
32,0.131288345695,0.233815542207,0.100881839941,0.239951934665
33,0.133927901341,0.229850837244,0.0944361975053,0.23054374475
34,0.130319235455,0.225401567438,0.0992420603936,0.223927633138
35,0.1419270769,0.214939943013,0.0988777737624,0.217699297937
36,0.140206320329,0.211386043865,0.104371943514,0.209234882146
37,0.157442899428,0.201110229469,0.120561170421,0.205520631978
38,0.150715455304,0.199395038761,0.115511851582,0.200489814859
39,0.152775049679,0.196425460852,0.113427884176,0.197182063712
40,0.156147054735,0.189525506817,0.118698840422,0.193176441127
41,0.156093612527,0.187089170401,0.12457985932,0.185867886525
42,0.166500160081,0.183811449088,0.11061873148,0.19046337693
43,0.159912570434,0.180454494288,0.128509582212,0.181957792724
44,0.165356569106,0.174556141576,0.11736216752,0.173976309132
45,0.164784784841,0.174721850226,0.120695721064,0.172026246786
46,0.154048504684,0.177007771742,0.117980706233,0.169264379423
47,0.172457299421,0.166950723013,0.123858670308,0.163474249886
48,0.187523173166,0.157621793449,0.130869222871,0.160026397789
49,0.163884138489,0.16203348052,0.137491775689,0.156615111278
50,0.177592416777,0.155109745952,0.132227599518,0.154124162626
51,0.174087149316,0.155121225864,0.13959717724,0.152202807367
52,0.186052040406,0.149008120195,0.14167445801,0.146575371269
53,0.201433599999,0.142056446093,0.141807643347,0.143359728856
54,0.195034935558,0.141046658445,0.149532252986,0.141031601233
55,0.204079466408,0.137761942469,0.14761827814,0.138677773532
56,0.201099391903,0.137648905126,0.141275045948,0.13834532944
57,0.212403726655,0.131746310024,0.150196851812,0.132735727588
58,0.21195310592,0.132420417494,0.165302670289,0.133838009788
59,0.220875735505,0.12885894827,0.164533048579,0.131153503666
60,0.204410966647,0.12945199328,0.163701264497,0.130792995333
61,0.22057746922,0.125895758088,0.157537138148,0.125178231858
62,0.226611537595,0.122036382843,0.168398308712,0.122828937951
63,0.16574733746,0.160349357587,0.115407462206,0.15168113925
64,0.149251674103,0.15740111155,0.116306771821,0.140866693575
65,0.178142755303,0.140767718164,0.133168584379,0.131742180325
66,0.182380302168,0.133919081579,0.156821153395,0.12768816168
67,0.196779349023,0.129097727486,0.154368255749,0.121672578622
68,0.208587738479,0.122713955406,0.149791467075,0.117849419941
69,0.223862406032,0.119321710932,0.15267192829,0.119585670647
70,0.221727831905,0.114795654582,0.167481449073,0.112876828411
71,0.23472165742,0.111232218977,0.172463080388,0.110734194168
72,0.22728100057,0.112356426767,0.177447024622,0.10946386971
73,0.225505666794,0.11120344111,0.182145250152,0.110940608778
74,0.237830068491,0.106997018537,0.170054780102,0.105869148858
75,0.241080083095,0.105524282473,0.17033323841,0.103990603122
76,0.227484976762,0.105210790984,0.13930160574,0.146657459671
77,0.151636220758,0.144164148145,0.141856375717,0.112212245585
78,0.220518789665,0.115740843261,0.179846424546,0.119375764276
79,0.232341310203,0.108289200526,0.180428761764,0.100497244275
80,0.231567961816,0.104470225051,0.177353192255,0.0991520386888
81,0.248175197432,0.101495215813,0.172053284048,0.0982662751339
82,0.231234093237,0.103284295075,0.164959679326,0.102983727702
83,0.258007607466,0.0957038329484,0.193400353674,0.0962158804759
84,0.265528683513,0.0951305243831,0.189271377108,0.0934856222011
85,0.259380305551,0.0933905388587,0.192640664199,0.093186746235
86,0.266248011824,0.0926090221709,0.18588758967,0.0906207620283
87,0.275098265625,0.0900271464712,0.180584779275,0.0909304311499
88,0.264658334049,0.0891515003661,0.206733467885,0.0886699346011
89,0.251305708707,0.0931094473658,0.190945320588,0.0884196271072
90,0.28358863192,0.087551011489,0.193833098876,0.0886160053196
91,0.28327157605,0.089416648118,0.154713547951,0.105604861921
92,0.246685585601,0.0972329262071,0.184211071016,0.0890862030792
93,0.243945947389,0.0934514507938,0.204952108713,0.085062887636
94,0.276245360436,0.0863665274273,0.20503836488,0.0829150126665
95,0.24541041439,0.105645993295,0.133946835487,0.111542812898
96,0.2226818439,0.10821005222,0.161939948821,0.0950699303648
97,0.24205860014,0.0989542475973,0.184718639801,0.0886883253697
98,0.268290279504,0.089717255762,0.194972891451,0.0843452000408
99,0.209023932865,0.105614303396,0.174267600613,0.0902683101012
100,0.245731281359,0.0996088081111,0.186237116742,0.0863821836538
101,0.256324250946,0.0899614716808,0.189786841743,0.08231112879
102,0.266793326642,0.0856226693409,0.216895537498,0.080534521665
103,0.275443429953,0.0850978884846,0.213661336357,0.0788805074408
104,0.27758131602,0.0869172658915,0.215192017063,0.0808341345983
105,0.2883386322,0.0823868385588,0.216131449664,0.0770536452765
106,0.283761713136,0.0807718689768,0.217908077121,0.075984377414
107,0.309286671238,0.077265162809,0.226160723897,0.0748651293106
108,0.291115182216,0.0777976098829,0.216275091266,0.0743995244266
109,0.275902044075,0.0790568088683,0.221325809499,0.0735286322888
110,0.294648141331,0.0754372812808,0.219800440991,0.073254281946
111,0.318366243098,0.0755011256641,0.217792198802,0.0726979078026
112,0.289711748891,0.082097771291,0.188923763454,0.0785296644317
113,0.295253123865,0.0775701391439,0.230948866059,0.071826440515
114,0.334137029922,0.0726129250028,0.2324888116,0.0701006095624
115,0.299844831667,0.076674530211,0.23262687636,0.0731885502464
116,0.317273379128,0.0731432870604,0.236315207481,0.0693941887585
117,0.305135488513,0.0721974228867,0.243002775834,0.0667785352562
118,0.295777300335,0.0719445362114,0.235827609666,0.0672655699309
119,0.310572949709,0.0711313091004,0.254191357422,0.0652749958681
120,0.32163949487,0.0706045476791,0.247718022269,0.0648625314352
121,0.329619190717,0.0693991900278,0.243354020234,0.0647317724361
122,0.330837383945,0.0690013059558,0.242975227012,0.0667174569389
123,0.339572844824,0.066937030293,0.259954943131,0.0635675984668
124,0.333257465413,0.0708176682417,0.252939119523,0.0634238523489
125,0.326234455386,0.0679497562994,0.253385465365,0.0616692799958
126,0.320419823059,0.0686946971557,0.261718727217,0.0624632241088
127,0.329689666972,0.0656726853564,0.256102829164,0.0615174425475
128,0.321104382251,0.0702168113337,0.238702649509,0.0636462019756
129,0.323213867223,0.0666827070527,0.263566650521,0.0612456148374
130,0.324178798185,0.0735548229243,0.257092890766,0.0651712522376
131,0.321101633051,0.0689270784004,0.254657934649,0.0605679416622
132,0.336548767289,0.0666137956298,0.246496038182,0.0644292547076
133,0.341418137283,0.0658102766969,0.262931702666,0.0593580963032
134,0.348134952403,0.0630680091607,0.266141589554,0.0585041834565
135,0.340858601354,0.0647219935647,0.258820923581,0.0584181730228
136,0.344838097631,0.0636580818906,0.262337670924,0.0599762209458
137,0.348986620645,0.063162314025,0.275016963943,0.0567218005599
138,0.338713267875,0.072396536501,0.201747265534,0.162240018137
139,0.279348308956,0.0896350646821,0.232852828995,0.0730618443631
140,0.286283623631,0.0742331997205,0.234462844654,0.0669362489425
141,0.326932223305,0.0707396834086,0.220720572392,0.0672617515083
142,0.346342138264,0.0664730165512,0.253231055176,0.060871036665
143,0.326866782519,0.069783835242,0.257891383963,0.0603075039107
144,0.332878659857,0.0650906592894,0.250008090406,0.0595470629632
145,0.360678568878,0.0630426412592,0.262592297547,0.0582327655575
146,0.346039180364,0.0714223070357,0.249545823915,0.0643299980438
147,0.335324497792,0.0679794535614,0.260356657386,0.0610142048099
148,0.350132535933,0.0692522185496,0.268312844796,0.0599356031162
149,0.323647313482,0.0652072308227,0.262760273968,0.0585916403215
150,0.36197109083,0.0618030733715,0.271116716405,0.0580789998348
151,0.384433979947,0.0596472160676,0.252278824024,0.0590072766063
152,0.35202234576,0.0618738348667,0.282204342254,0.0568327979126
153,0.359659298121,0.0611155597995,0.279310948036,0.0564988360275
154,0.346734176205,0.0644250653971,0.282793857521,0.055966910033
155,0.386172385986,0.0593103869961,0.276986550699,0.0581013875781
156,0.373785466866,0.0580225394179,0.287839842825,0.0550504193816
157,0.365077399425,0.0601544205028,0.264030637342,0.0576905071212
158,0.373405168901,0.059723579289,0.288815628489,0.0554628444952
159,0.359075072165,0.0594108539562,0.285880657565,0.0544829960854
160,0.375012109298,0.0578467211185,0.292449011295,0.0526702410716
161,0.370916750181,0.0574421030469,0.284178906952,0.0527934410784
162,0.354186572234,0.0570088107712,0.288626444222,0.0525197280222
163,0.355193762401,0.0607773018284,0.295873612399,0.051953983464
164,0.366222427213,0.0585016840352,0.291828324555,0.0520262768259
165,0.351760996756,0.059197575821,0.292484710627,0.0518289757019
166,0.384076526352,0.0556709701374,0.306417027462,0.0502464454621
167,0.414642763248,0.0557327190808,0.304879059468,0.0497407439107
168,0.368462813511,0.0563376554324,0.311312776451,0.0493776943767
169,0.380273426156,0.0569205629245,0.320567345478,0.0494807386276
170,0.419740989908,0.0531152530143,0.295393815444,0.0504280369641
171,0.391982671815,0.0563047145887,0.306779857923,0.0505803424603
172,0.361298409037,0.0560404601364,0.303926539346,0.050734285207
173,0.370873054854,0.0561900175033,0.295194149762,0.0519640668936
174,0.408580013092,0.0551359684278,0.292168565093,0.0537650295737
175,0.367036548544,0.0621497212694,0.24843448771,0.0606238995679
176,0.352817308568,0.0615743428397,0.297415063292,0.0546497794421
177,0.391509715013,0.0562599155371,0.315064513017,0.0500099450292
178,0.387865084418,0.0555168675044,0.308235081011,0.0490986697696
179,0.278358969221,0.0925254288416,0.170498048659,0.102944683022
180,0.269603427106,0.0859063272723,0.224726044897,0.0630713170249
181,0.337090082763,0.0689808390676,0.233660771184,0.0595682847634
182,0.37746426595,0.0606959792427,0.299188620887,0.0546664422727
183,0.367776326906,0.0607060315804,0.294479704459,0.0534563138353
184,0.384078393668,0.0576601728188,0.298668620565,0.0527240696538
185,0.379137360484,0.0566786356234,0.307951907147,0.0510713299009
186,0.37444907884,0.0550380610646,0.317160123496,0.0501414255705
187,0.40964068803,0.0544880556229,0.323942138507,0.0492966216552
188,0.378789921349,0.056715736291,0.31868850203,0.0494315776887
189,0.401797353391,0.0546833814587,0.324678449087,0.0485646023735
190,0.415777034276,0.0542016444334,0.321997929339,0.0488705510215
191,0.387803838296,0.0542818991324,0.326875536481,0.0480782839295
192,0.381377815747,0.0536949691685,0.335904897089,0.0474421677063
193,0.411879238519,0.05442833313,0.32933767785,0.0479770514939
194,0.42213373705,0.0513975790953,0.337470189926,0.0473264906323
195,0.43128819332,0.0509460927345,0.329890088106,0.0471354060282
196,0.414743946172,0.0508222877263,0.333583594193,0.0466756697278
197,0.412138241434,0.0502946283847,0.333629246161,0.0466439022275
198,0.385887198788,0.0559405646681,0.332076075256,0.0467269013025
199,0.410521962166,0.050542853898,0.337453604263,0.0465903778095
200,0.416217633967,0.052693120974,0.321796177519,0.0475778937835
201,0.409725443538,0.051714391573,0.336419106198,0.0458156379609
202,0.415632178068,0.0510681223733,0.341959363364,0.0464426272811
203,0.408391221003,0.0502480474086,0.335162914669,0.0459176648001
204,0.398566740463,0.0509236471083,0.336440276887,0.0454255601071
205,0.413742024065,0.0530851114935,0.327064955763,0.0464656120748
206,0.416070939917,0.0516767234434,0.339105526123,0.0452895185881
207,0.394378215663,0.0505365129883,0.348336596623,0.0452662880271
208,0.432515183041,0.0506724108082,0.322357739735,0.0476674303209
209,0.374826835284,0.0554451790029,0.350346107889,0.0448600931559
210,0.379649908806,0.0513306830186,0.342707256993,0.0450535801647
211,0.43269276342,0.0528848181443,0.339775872375,0.0448509487323
212,0.400169970849,0.0500898642573,0.34872807265,0.0451250111946
213,0.437769947576,0.0490689859546,0.346502129337,0.0446832932503
214,0.443481337768,0.0488589598726,0.340538114579,0.0450873518857
215,0.443983092063,0.0481682016801,0.335393060081,0.0457233783818
216,0.439940641943,0.0481208364408,0.342479782892,0.0448664920696
217,0.439534382618,0.0484253932328,0.348120226086,0.0448909772967
218,0.43566765575,0.0488059626928,0.353557212394,0.0432405668253
219,0.448720193939,0.0494038546816,0.359364045737,0.0444655910105
220,0.427061896132,0.0490325950265,0.349764470816,0.0451456905575
221,0.461375452609,0.0471578712145,0.348034025833,0.0449840825022
222,0.42583211846,0.0478925806506,0.359759688137,0.0444093309634
223,0.441379130438,0.0473417618419,0.353582356915,0.0440315081505
224,0.413058239179,0.0499878610269,0.354158229234,0.0442436903686
225,0.436077100685,0.047155123795,0.353898302583,0.0448390652018
226,0.457203855735,0.0467577284524,0.349175884649,0.0448554406612
227,0.444168107186,0.0460926964879,0.359944522643,0.0434971630602
228,0.42949161315,0.0487698169174,0.35625911784,0.0439830903779
229,0.416157003783,0.0505864006431,0.36221275211,0.0444115818536
230,0.46397051258,0.0474955596639,0.364359388132,0.0429193546879
231,0.468925658092,0.0459254451383,0.357827998839,0.0437225097994
232,0.428928100125,0.0473697780667,0.358195237088,0.0436000900372
233,0.432956757379,0.0474952295817,0.354758918701,0.0439423105563
234,0.405771813537,0.0511336978704,0.358865856077,0.0429521364131
235,0.435046339752,0.0465194137695,0.351276099681,0.0445372016839
236,0.423181296355,0.0472895837246,0.346445094078,0.0446855114278
237,0.434374990078,0.0471971408428,0.350060948444,0.0432260013768
238,0.451364176643,0.0471759583049,0.347600855835,0.0436370565003
239,0.437566973474,0.0458901398099,0.358482382264,0.0433216698439
240,0.433388316769,0.0517332145335,0.321684676991,0.0516965291463
241,0.383021000567,0.0552738976056,0.350285101218,0.049729543025
242,0.414174536802,0.0514664750081,0.351507297657,0.0449989699846
243,0.429721792631,0.0481569816609,0.375807475326,0.0440134894307
244,0.436219783711,0.0471997580025,0.352413943539,0.0446668431541
245,0.438757117112,0.046625496336,0.356553466212,0.0447746342688
246,0.426979712051,0.0463725840673,0.336981870651,0.0462701629876
247,0.435917058177,0.0456915121848,0.360242782874,0.043398394715
248,0.470026857504,0.0456813022924,0.35535657372,0.0449981890706
249,0.456288224219,0.0448707055945,0.360925063571,0.0442298079142
250,0.444716361253,0.0457170669419,0.361877105734,0.0444404351292
251,0.469450421936,0.0444129150218,0.368104748288,0.0437804349349
252,0.484995739124,0.0437033204004,0.353214219434,0.044813778426
253,0.498552473432,0.0442066631602,0.355973133361,0.0442585305427
254,0.443080174019,0.0458228190859,0.335817828609,0.0468088722264
255,0.46132930269,0.0437275747625,0.35785363757,0.0440485987347
256,0.440609531824,0.0455851842148,0.360926080608,0.0445725541067
257,0.491786567828,0.0462048456449,0.359868536138,0.0447228391131
258,0.476359065262,0.0434240812901,0.366793088131,0.0439186753938
259,0.474777166423,0.0429876742598,0.36128256791,0.0444792005728
260,0.475644510884,0.0433425298498,0.367203963748,0.0440081800625
261,0.482833203985,0.0428788717836,0.365847301755,0.0438325875875
262,0.474459232342,0.0435875325571,0.358852359592,0.0450322640827
263,0.475400210443,0.0453975826609,0.373590626368,0.0435182841102
264,0.458206061193,0.043952349251,0.358739004967,0.0444659142522
265,0.451372025523,0.0486102683756,0.371667591749,0.0430949748406
266,0.469060955956,0.0441898434208,0.362455253427,0.0441522596084
267,0.497781074039,0.0424652627866,0.368801069506,0.0439380593161
268,0.475660769546,0.0424395056818,0.368946413852,0.0439157226792
269,0.459530116025,0.0430971009728,0.362580411243,0.0440942138957
270,0.489036979261,0.0425840152177,0.364223980079,0.0444004055171
271,0.438223257314,0.0441526638953,0.369645080405,0.0444962602633
272,0.464802441998,0.0428206179954,0.36784229023,0.0440428619768
273,0.479063397609,0.0429593623938,0.37189491802,0.0439639380347
274,0.447442525152,0.0445693765516,0.365627655339,0.0445143857214
275,0.445633858762,0.0437513638037,0.370871124533,0.0436670113268
276,0.447400422722,0.042777058158,0.378839617053,0.0432231938175
277,0.493452206565,0.0423357178314,0.363847501085,0.0450585797807
278,0.416360919393,0.0462907352485,0.356870179048,0.0444580230105
279,0.456369856314,0.0418477691083,0.357863846124,0.0446224890329
280,0.440962641605,0.0423671953344,0.359969001,0.0441928579094
281,0.477151863687,0.0422019923213,0.370046402808,0.0436259150883
282,0.458969810102,0.0424506665798,0.370375987563,0.0454846943248
283,0.470506446035,0.0414835680276,0.3663139613,0.0456199662804
284,0.483322165156,0.0416675227372,0.378141443371,0.0445277128601
285,0.464424295228,0.041883881768,0.375766356452,0.0441646278923
286,0.473517158118,0.0415335326509,0.379429957065,0.0439863601932
287,0.476831090323,0.0415827580907,0.37452042031,0.044334645354
288,0.501498265801,0.0406208569184,0.372486473405,0.0442899713307
289,0.479772719158,0.0409111611706,0.378433530781,0.0437590130459
290,0.49215441102,0.040949765754,0.378947712747,0.043379923969
291,0.498762162263,0.0409164536619,0.368599579671,0.0447889747957
292,0.505747783049,0.0401103504701,0.375844313483,0.0442334713807
293,0.456953837805,0.0416721153485,0.370075063793,0.0444496525088
294,0.478469747193,0.0427593182987,0.367569313285,0.043980656279
295,0.499079525263,0.0403378260537,0.365328952483,0.0448841055622
296,0.49894506581,0.0401738620757,0.366459278463,0.0449278601009
297,0.47313454355,0.0417304498752,0.369312681591,0.0440786907129
298,0.458967446587,0.0406746965332,0.370434352837,0.0445069960697
299,0.469717324499,0.0410568557518,0.366570096965,0.044511834938
300,0.469530277963,0.0422005138736,0.369883978716,0.0442935080937
301,0.480113869376,0.0408978175479,0.366720156529,0.0442625848082
302,0.46109523459,0.0399900319485,0.369373701054,0.0453187875173
303,0.49185581574,0.0405349081669,0.372125352373,0.0448022855198
304,0.475492850492,0.0402521620093,0.376169705649,0.0448888745668
305,0.491689173892,0.0427652408029,0.365043388343,0.044968989605
306,0.472082711492,0.0406209058397,0.366967918022,0.0456668651241
307,0.481979333883,0.0394353471213,0.376749336931,0.0444387722164
308,0.51270643525,0.0396916087484,0.379607294097,0.0438384100271
309,0.490810614807,0.0406661199119,0.378543012392,0.0441726015633
310,0.481698005841,0.0393681172998,0.376636559226,0.0447156514711
311,0.471459310934,0.0406918004961,0.377378654095,0.0446919807364
312,0.476857549471,0.0398944294564,0.367036998954,0.0448375348496
313,0.498057711321,0.0391534506702,0.3711930382,0.0455686484638
314,0.456346760591,0.0412736113022,0.361756935823,0.0449736195515
315,0.498616814992,0.0393603991341,0.37277727625,0.0451699642654
316,0.501173070903,0.0387802017459,0.377675682068,0.0441317740479
317,0.475973183668,0.0408721271132,0.354917836523,0.0470789267783
318,0.505750786912,0.0391182436142,0.377864028527,0.0444758360536
319,0.509471238297,0.0385642198828,0.375839705766,0.0443056173754
320,0.525858078819,0.0385179089275,0.37287066291,0.0456363488338
321,0.50954781941,0.0386513845923,0.37821835793,0.044755242845
322,0.478089942026,0.03790155997,0.368315463018,0.0455270201346
323,0.521682865367,0.0381752001032,0.369058890828,0.0459023591175
324,0.505597028241,0.037764192317,0.374360722601,0.0453324578993
325,0.502933430658,0.0381407957846,0.379317196801,0.0446693630583
326,0.472119048538,0.0381386593665,0.372808055474,0.0457913836435
327,0.48436246571,0.0392900911393,0.374464117009,0.0454631230896
328,0.520634793341,0.0380808815468,0.378024452197,0.0451551897277
329,0.494454476208,0.0377672468133,0.382717661085,0.045324173705
330,0.483406250905,0.0379532598443,0.371132089853,0.045888232773
331,0.495964513702,0.0376262962281,0.383967718297,0.0450539375743
332,0.518548082746,0.0385920190288,0.375931720573,0.0454558786878
333,0.446042883118,0.0390573897166,0.378452909436,0.0455035910854
334,0.50557394255,0.0379954910336,0.37996012403,0.0450120389723
335,0.495994944287,0.0383891863928,0.384662565202,0.0446170943833
336,0.499498210088,0.0374358215083,0.376956912853,0.0465093417806
337,0.532456023319,0.0369533224819,0.380326040171,0.0456807648079
338,0.506013922031,0.0378532697124,0.376367135783,0.0459707174305
339,0.486293840638,0.0409508878813,0.38433123669,0.0461271306121
340,0.470072020264,0.0387244193922,0.383889318447,0.0452525518267
341,0.49918550762,0.0371434200877,0.387185250913,0.0461373641592
342,0.525053114982,0.0375802537802,0.383096747473,0.0454156625638
343,0.471724756067,0.0391827824597,0.373245407667,0.046185128529
344,0.516868659022,0.0388087765672,0.382394436736,0.0452483057816
345,0.510250962532,0.036158929373,0.383545856223,0.0450649034901
346,0.509150748788,0.0363118109616,0.386378591291,0.0451379216029
347,0.465008789078,0.0373074069816,0.386224516807,0.0457041804766
348,0.483293228836,0.0368343810014,0.382032750687,0.0456588850429
349,0.517118663261,0.0365863600835,0.387238432859,0.0454289455229
350,0.525941895903,0.0370535882136,0.385606991476,0.0457845430064
351,0.543782541262,0.0353292474935,0.391174984046,0.0451509140767
352,0.508553972745,0.0357028029214,0.385823489201,0.0457277302412
353,0.540933730188,0.0356148302895,0.389858548075,0.0458502929469
354,0.496215496481,0.0367340456354,0.379661032535,0.0462361848549
355,0.517641579833,0.0360306259961,0.384076731929,0.0454783413297
356,0.528180083061,0.0416968741741,0.37845399445,0.0465380169189
357,0.52170323092,0.0349607228104,0.384217491235,0.0453144878556
358,0.539717194024,0.0347460145489,0.386440555614,0.0456282455416
359,0.546713765122,0.0348257789066,0.388279039793,0.0452479277519
360,0.507964388904,0.0347683091845,0.388155786251,0.0455936808939
361,0.552059699904,0.0350953685478,0.382011104135,0.0468956661716
362,0.494290615056,0.0358375491968,0.390247601927,0.0463669225355
363,0.49832755475,0.037552858667,0.3890717547,0.0461564824
364,0.521205338296,0.0364366297861,0.383378768456,0.0463062354393
365,0.536987923404,0.0359662242968,0.388900269001,0.0455564602453
366,0.528361300521,0.0351554519371,0.382460691491,0.0464563984933
367,0.543277818325,0.0342894692887,0.387524472417,0.0459927272896
368,0.534182983119,0.0346872055581,0.390494826848,0.0460991233413
369,0.525633205443,0.0354617912537,0.386893813293,0.0465754149627
370,0.507581027914,0.0386073977436,0.391215638356,0.045574882075
371,0.483817212512,0.0351796713658,0.390750299533,0.0465857210584
372,0.511090456942,0.0345262819901,0.386824228968,0.0467478449063
373,0.509143218206,0.0373545240503,0.372136204263,0.0475610902286
374,0.517816573905,0.0347202924582,0.381755399048,0.0472515543224
375,0.504450278858,0.0354836741821,0.388177250807,0.0464209482307
376,0.540400454107,0.0347304553993,0.381438487979,0.0467374634827
377,0.481622997944,0.035497618472,0.389446006133,0.0467591467022
378,0.530401803197,0.0340787240644,0.389346752958,0.0463670105673
379,0.484829605494,0.0362016686794,0.389469448328,0.0467345365323
380,0.54459525131,0.0338943779845,0.386997034097,0.0466781526775
381,0.524520345377,0.034313995409,0.388098954556,0.0467861410943
382,0.48586005741,0.0338584627383,0.383405278155,0.0472115412413
383,0.522187319761,0.0340212111881,0.386172838133,0.046356062725
384,0.547474488791,0.0341008833627,0.386779903034,0.0471515055251
385,0.500396805753,0.0338636340591,0.388780484953,0.0468244527292
386,0.54087624563,0.0346772403797,0.390197916693,0.046526126469
387,0.498493917983,0.0342036434449,0.387955199918,0.046476919284
388,0.538455587953,0.0336727566408,0.39115381768,0.0466175374895
389,0.54159777611,0.0344845325095,0.387784755249,0.0464548834789
390,0.555325593316,0.0335787295615,0.384263664288,0.0470713123577
391,0.528906131971,0.0336623633495,0.38517034806,0.0468778850336
392,0.506056311543,0.0344263930232,0.384939572412,0.0469717798842
393,0.520940913158,0.0339624371039,0.383897258953,0.0468155504641
394,0.515646040943,0.0333085334591,0.388953303212,0.0469182506058
395,0.50136345791,0.034930414753,0.387751362532,0.0469262849874
396,0.496207437135,0.0332981061298,0.387169768625,0.0470993549243
397,0.494579658309,0.0355558222106,0.391937734044,0.0469663426338
398,0.519958022442,0.0336886153538,0.385072370476,0.0471546347908
399,0.54154400879,0.0339863007136,0.386611941336,0.0472206627164
400,0.551198460294,0.0334450041589,0.386377542713,0.0469021875761
401,0.502645825497,0.0339379120672,0.38721066546,0.0471227005837
402,0.510829284693,0.0342808547967,0.388564783301,0.0469788116461
403,0.533531816842,0.0338606548567,0.38607004553,0.0469608797284
404,0.57640337867,0.0329549224743,0.38821754701,0.0470501403979
405,0.483779356065,0.0344432102194,0.388647759732,0.0470295351843
406,0.543764479145,0.033420334185,0.387411673551,0.0471037224925
407,0.538766813326,0.0331796289941,0.388782143817,0.0469568291592
408,0.522250018436,0.0346668924366,0.389568990713,0.0472087776361
409,0.539267594792,0.0347309265769,0.388798666459,0.0470735443159
410,0.539736928414,0.0333700242739,0.387240847993,0.0470490878943
411,0.496384682022,0.0367394950008,0.386675986309,0.0470817610112
412,0.514784919237,0.033332127039,0.389381681442,0.0469741281704
413,0.479937419042,0.0331612055262,0.387411413649,0.0471816397985
414,0.561097892386,0.0341996573664,0.387704905279,0.0471577209391
415,0.498847946399,0.0337102529772,0.388630080857,0.0472227031423
416,0.538334038449,0.0332642207639,0.388527983983,0.0470584015566
417,0.547606356458,0.0327598896737,0.387375532471,0.0473161383634
418,0.539146755497,0.0340873216852,0.38962481099,0.0468880015542
419,0.505403323399,0.0340650920631,0.389854272418,0.0469992609505
420,0.511303940548,0.0332590411865,0.39049024111,0.0470088930524
421,0.53888019162,0.0328923517104,0.389751802602,0.0469086358571
422,0.504652029284,0.034446154945,0.388593932505,0.0472252170948
423,0.531394380935,0.0332483835787,0.391015891055,0.0474682381828
424,0.517734464647,0.0396929898013,0.382943695105,0.0472676942954
425,0.507425810244,0.0334973780958,0.38691258893,0.0470373369462
426,0.512483530129,0.0333252553022,0.387724495398,0.0470663817905
427,0.524759380637,0.0336624675323,0.38728112824,0.0473869152411
428,0.51220672364,0.0331305641,0.388466071847,0.0471835723802
429,0.555127809729,0.0339820139701,0.385685910711,0.047365874816
430,0.542619515208,0.0333598775144,0.388356695423,0.0472038642692
431,0.513416415262,0.0340626223747,0.387263717594,0.0474810233572
432,0.560216435748,0.032500913492,0.38761583236,0.0471640705146
433,0.570909333872,0.0338337064022,0.38790696009,0.047088476691
434,0.510324687057,0.0331323811731,0.388734907545,0.0471110509607
435,0.552848020083,0.0340953173044,0.3875211056,0.0473820897023
436,0.523543411487,0.0337411048195,0.386143966261,0.0474949360214
437,0.529859899832,0.0329290674283,0.387603884978,0.0473194719889
438,0.511653152532,0.0344465176593,0.387507136995,0.0473343560516
439,0.528616592087,0.0329720153957,0.388044047715,0.0474210644534
440,0.495083305044,0.0338550346026,0.388359567238,0.0473985278368
441,0.551736881639,0.0325448596044,0.387971840042,0.0476001494462
442,0.512758421846,0.0342958449261,0.387439688744,0.0474898600223
443,0.555166753416,0.0327256889745,0.389097817728,0.0474241794946
444,0.559258278706,0.0324905477822,0.389806537423,0.0472881627138
445,0.540986858754,0.0381457196781,0.388570504605,0.046954201789
446,0.541523708026,0.0333941059474,0.390118029003,0.0470728610089
447,0.520014777766,0.0333852090407,0.389597149369,0.0472848150093
448,0.534623712277,0.0346789604698,0.387824854814,0.0474359427244
449,0.549853605512,0.033314591399,0.388696866527,0.0474499014672
450,0.541124754391,0.0332546161953,0.388984545631,0.0474759363424
451,0.508503268332,0.032429491116,0.390307967858,0.0474415561621
452,0.518353621433,0.0327333951942,0.389988574096,0.0473550410316
453,0.533525829653,0.0342321904251,0.388114167003,0.0474306957694
454,0.525131583623,0.0352923977905,0.386237784549,0.0475266244539
455,0.522701696618,0.0326928082012,0.387506225297,0.0472956765734
456,0.516483495845,0.0335419499763,0.389032374855,0.0472455831623
457,0.555758663554,0.0341390518185,0.387470366526,0.0474791110391
458,0.504078573496,0.0329154764589,0.389241364273,0.0472951091142
459,0.523635219104,0.0350534551275,0.388968219337,0.0473503835456
460,0.516860600138,0.0329667123644,0.389139524264,0.0472822093579
461,0.517723666683,0.0335402162746,0.389337755849,0.0473000059064
462,0.563366191529,0.0324656138591,0.389335390373,0.0473498542196
463,0.53018638049,0.0336130529714,0.389247133153,0.047398428389
464,0.506275239295,0.0329622238821,0.389172721556,0.0474443753119
465,0.536201079822,0.0336270734148,0.388872124302,0.0474334712344
466,0.525223730685,0.0330152370645,0.388699407769,0.0474247633756
467,0.559810617576,0.0321124819501,0.389408947973,0.0474006029544
468,0.553962379318,0.0325510474638,0.390558271305,0.0473529703886
