epoch,jaccard,loss,val_jaccard,val_loss
0,0.0892074662261,0.527518449351,0.121274655685,0.464793138206
1,0.120332409162,0.456077301875,0.144754523411,0.440050460398
2,0.138018661644,0.43041247502,0.161588123068,0.417308673263
3,0.147112632636,0.418028997257,0.155188709497,0.411598518491
4,0.145716284402,0.407974123955,0.167718784884,0.397712156177
5,0.15385943139,0.398619975895,0.154304798692,0.396833397448
6,0.155671974178,0.388945233077,0.171930314973,0.380421631038
7,0.160072823055,0.380532853305,0.172582970932,0.374623082578
8,0.160304038785,0.373702265322,0.173858175054,0.368697956204
9,0.167577934451,0.365536589175,0.167083086446,0.364109173417
10,0.164452990983,0.360908092931,0.1793851275,0.354715012014
11,0.170383068733,0.352638153359,0.173899009824,0.350437365472
12,0.173412091564,0.345659714192,0.178972715512,0.344233199954
13,0.17333948845,0.340991051868,0.193459047005,0.334634877741
14,0.179008712992,0.334813041613,0.180015746504,0.334698282182
15,0.182121052407,0.328580314294,0.184118680656,0.328201025724
16,0.183285653591,0.321968063712,0.197750549763,0.318762391806
17,0.18366652634,0.317278850824,0.206736363471,0.311404041946
18,0.190237068571,0.312733888626,0.194299282506,0.310198687017
19,0.195797565393,0.305235423148,0.203941486776,0.303187057376
20,0.191961282399,0.302060252056,0.212473336607,0.298008531332
21,0.199777160771,0.29683563672,0.199806712568,0.29665838182
22,0.198589628562,0.291624188423,0.214401181787,0.289210915565
23,0.203012649436,0.286521116272,0.219934634864,0.283952750266
24,0.204016845208,0.285831229761,0.203180428594,0.286034397781
25,0.193767572287,0.286778964102,0.218764670193,0.280304200947
26,0.207154762931,0.276160728186,0.231617800891,0.273055762053
27,0.213535117917,0.271675173193,0.235144227743,0.268213562667
28,0.216540353373,0.266611380503,0.231998059899,0.264901019633
29,0.214568596333,0.26509374287,0.229337483644,0.262066166848
30,0.216330617666,0.260202951729,0.237812343985,0.257549680769
31,0.222434991971,0.255511296913,0.245211686939,0.253042016178
32,0.22174053546,0.253466775641,0.246237579733,0.250632822514
33,0.230194668286,0.248387508094,0.238498467952,0.248177185655
34,0.226538475137,0.246368122287,0.248960964382,0.245497576892
35,0.231911477633,0.243136362173,0.253410484642,0.240463744849
36,0.2340083085,0.238955077715,0.247200604528,0.239012345672
37,0.236327425111,0.235625470057,0.257212955505,0.234496679157
38,0.233885365538,0.235997342505,0.265322756022,0.232438985258
39,0.241137991194,0.232007413171,0.244458898902,0.234005842358
40,0.234240964986,0.232312820852,0.237637903541,0.235620532185
41,0.23981540557,0.229448144324,0.245469067246,0.232145696878
42,0.247328331694,0.22355579678,0.249029636383,0.227187354118
43,0.246744065545,0.221022246405,0.258519355208,0.221824601293
44,0.255953654647,0.2167389635,0.26415764913,0.218056552112
45,0.256611206569,0.21424387861,0.282613445073,0.21380988881
46,0.258904922754,0.211993812583,0.284985776991,0.211355388165
47,0.256042631343,0.21074281726,0.273201316595,0.212611902505
48,0.261963878758,0.207354245707,0.284958641976,0.206704139709
49,0.265794774517,0.204517185688,0.278998214751,0.206635106355
50,0.2681658566,0.202351614833,0.274431843311,0.204681690782
51,0.264708969276,0.201598255895,0.273379463702,0.210901189595
52,0.267517170869,0.201234477572,0.279222019017,0.203164089471
53,0.268619307317,0.200157879852,0.274485189468,0.202364832163
54,0.271577483043,0.195422139019,0.295108728111,0.195116087794
55,0.277435393538,0.192630304955,0.29939365387,0.193338535726
56,0.284254718572,0.189596849494,0.290981888771,0.192183628678
57,0.277940229513,0.189078193158,0.304577864707,0.188813611865
58,0.28628414683,0.186194548383,0.309146791697,0.186623062938
59,0.292091467418,0.183830532245,0.308804221451,0.184838641435
60,0.281989943236,0.183712655678,0.309664301574,0.18412546441
61,0.289276775904,0.181332708336,0.312840424478,0.182176105678
62,0.293626110069,0.179863383994,0.312865968794,0.180287979543
63,0.29835822247,0.177226608619,0.320300083607,0.178579401225
64,0.299464086071,0.176059023477,0.321838125587,0.176893413067
65,0.300925370306,0.174663947895,0.319152504206,0.175460785627
66,0.303523547947,0.172698205337,0.313144080341,0.174909662455
67,0.305461398326,0.170911028981,0.326100304723,0.17201333493
68,0.309281919152,0.169622779824,0.324702125043,0.170841693878
69,0.311608540826,0.167857283726,0.321346461773,0.170396681875
70,0.310625019483,0.166835834272,0.336426869035,0.167352825403
71,0.309908208903,0.165401397273,0.330429911613,0.166479758918
72,0.31705892086,0.163679649122,0.329840488732,0.165907800198
73,0.314917114563,0.163135686889,0.346160024405,0.163836598396
74,0.313621345907,0.161873398349,0.342800624669,0.162444774061
75,0.316687657498,0.160481128842,0.355477247387,0.160897802562
76,0.318192280829,0.159629742615,0.329711426049,0.161725375801
77,0.325722894631,0.15737316478,0.336352858692,0.160334043205
78,0.330184987746,0.15602774173,0.354619797319,0.158401407301
79,0.331258678809,0.155282805674,0.353963017464,0.156325180084
80,0.335161877796,0.15369396843,0.344634551555,0.155890256166
81,0.328107742593,0.153206564952,0.365094609559,0.153955288231
82,0.339815685526,0.151336835697,0.354844816029,0.15384022519
83,0.340459086932,0.150063978508,0.358424007893,0.152552966028
84,0.339156298898,0.149552550167,0.367187440395,0.151252154261
85,0.342893816531,0.14823186025,0.353011824191,0.150798145682
86,0.337340203114,0.147549511865,0.349143780768,0.151265088469
87,0.344909663312,0.146800255869,0.372915141284,0.147883241996
88,0.348850160837,0.144868531264,0.363024368882,0.147274594754
89,0.336374998093,0.14775569411,0.366551682353,0.147768124938
90,0.346967933699,0.145530272275,0.356182694435,0.148616094142
91,0.349623396993,0.143190348521,0.357129923999,0.147838611156
92,0.341265409254,0.143962722272,0.374685786664,0.146682497114
93,0.339798520319,0.148996836506,0.362046442926,0.151102397591
94,0.335528205149,0.147718134336,0.355441607535,0.14893209748
95,0.348946709186,0.143276902847,0.371504962444,0.145823936909
96,0.344642052427,0.143701074645,0.377746254206,0.144210373983
97,0.344029519707,0.145143358968,0.379892110825,0.144360980019
98,0.346096164547,0.143481345382,0.371843375266,0.145481266081
99,0.359938872978,0.139472288545,0.375623904169,0.14161426574
100,0.353937491775,0.138554391917,0.388283289969,0.141450826079
101,0.338532446418,0.141797480173,0.393248535693,0.140675101429
102,0.356673402712,0.138663073536,0.402529478073,0.139800533652
103,0.36205824092,0.136360510252,0.397145010531,0.137782061473
104,0.369338999502,0.133763077203,0.390595220029,0.135978333652
105,0.374553523026,0.131895628758,0.395905159414,0.134584661573
106,0.377757057548,0.130912510678,0.39590267837,0.134054079652
107,0.379598184489,0.129980270285,0.393640048802,0.133597381413
108,0.377422729507,0.12970357528,0.402155041695,0.132489683107
109,0.379163704813,0.1288482612,0.401201888919,0.131933068857
110,0.378482248634,0.128018908203,0.415882714093,0.131545450538
111,0.387831969187,0.127191341948,0.404603533447,0.130510689691
112,0.385615278035,0.126823767088,0.414402663708,0.130465731025
113,0.38594920747,0.126345846336,0.407948233187,0.129293894395
114,0.348714551888,0.138318720274,0.329609081149,0.155216764659
115,0.339423457161,0.148620675318,0.350428253412,0.149167506024
116,0.36160884425,0.136565614957,0.350318692625,0.152265345678
117,0.370082681999,0.132685157005,0.393972598016,0.138527551666
118,0.375400451943,0.132799354382,0.372115381062,0.138798722997
119,0.358765890822,0.134060919285,0.388592928648,0.135943347588
120,0.370202410966,0.130000170786,0.392098687589,0.135113203898
121,0.389275703579,0.126736776903,0.393418043852,0.131097558886
122,0.385583569296,0.125582929701,0.410238467157,0.129261588678
123,0.386749245226,0.123601989355,0.412525363266,0.127515155822
124,0.398246819153,0.122803016566,0.40498431772,0.127040984109
125,0.389993494377,0.121856614482,0.42170253396,0.125009940937
126,0.398615309969,0.122191750444,0.410274386406,0.12800315395
127,0.372100632638,0.128777480219,0.421985834837,0.132207995281
128,0.393193328753,0.126215908676,0.409734785557,0.126486891881
129,0.406197234988,0.120674231555,0.421921692789,0.124224904925
130,0.40087758936,0.120219097473,0.42046765238,0.123808197677
131,0.405113961548,0.118504378479,0.414590023458,0.122995203361
132,0.405292931944,0.117934777401,0.421250686049,0.121866896749
133,0.410266015679,0.11719678482,0.429109878838,0.120648801327
134,0.395213060547,0.117516687606,0.416385680437,0.123481046408
135,0.404967602342,0.117148381658,0.425859585404,0.120465386659
136,0.410324743018,0.116427704692,0.429130494595,0.118835948408
137,0.411653540097,0.115355343558,0.424957826734,0.119772955775
138,0.411943039857,0.114875297993,0.434123888612,0.118255928159
139,0.413212727755,0.114318089094,0.446967698634,0.117343612015
140,0.423222737387,0.113419248722,0.444333158433,0.116916447878
141,0.425714505836,0.112635231111,0.441866800189,0.116865471005
142,0.418527184054,0.112496524584,0.449780285358,0.115868704394
143,0.428560052067,0.111644507386,0.443104505539,0.115638058633
144,0.424120493233,0.111785490531,0.434894368052,0.116261962801
145,0.427309406921,0.111306166276,0.440897233784,0.115336935967
146,0.429677125067,0.110200696625,0.445749849081,0.114665661007
147,0.425838349387,0.110469687264,0.453337773681,0.113936362788
148,0.429338054731,0.109642336611,0.447146728635,0.11397513561
149,0.422407897189,0.109533119481,0.445420280099,0.114320121706
150,0.417337464169,0.109762969892,0.447505787015,0.113285191357
151,0.439316907898,0.108130695764,0.452593795955,0.112389221787
152,0.443354627118,0.107761143241,0.457196563482,0.111847091466
153,0.435153033584,0.107695714105,0.455498196185,0.111522670835
154,0.432938223705,0.107314221561,0.459416680038,0.111000563949
155,0.444586757571,0.106514889281,0.462822631001,0.110837008804
156,0.434240758419,0.106887067202,0.468025043607,0.110661581159
157,0.447972670197,0.105866749305,0.467048034072,0.110140578821
158,0.444871976972,0.106097514741,0.461051046848,0.110294157639
159,0.427215975244,0.106665410334,0.473212949932,0.110205141827
160,0.441028642468,0.105947066098,0.465024143457,0.109104711562
161,0.447940884158,0.104790484067,0.465795524418,0.108828496188
162,0.447668010369,0.104030441493,0.471107117832,0.108094947413
163,0.437703547999,0.105323644355,0.452142857015,0.109797228128
164,0.439734470099,0.104742219672,0.461016818881,0.10936646536
165,0.43782758154,0.107736474834,0.460226498544,0.110475262627
166,0.446089331061,0.104544225615,0.467452049255,0.108710551634
167,0.449131952599,0.103504246101,0.46654741466,0.107693610713
168,0.454826222733,0.102527205832,0.460465416312,0.108048241585
169,0.451604120433,0.102099926211,0.476028218865,0.106242148206
170,0.457770798355,0.10170395067,0.479433380067,0.106186876073
171,0.461254492402,0.101212287322,0.481026314199,0.105690451339
172,0.459638966247,0.100973299937,0.481362916529,0.105543106794
173,0.462922625244,0.100373461377,0.480885222554,0.105170145631
174,0.460488421842,0.10020800354,0.482683829963,0.104920051992
175,0.46474519372,0.0995821310207,0.481867529452,0.104619771242
176,0.462198613212,0.0996903425548,0.482442483306,0.104367151856
177,0.448034120724,0.10046567861,0.473452500999,0.104684717953
178,0.436057293322,0.100599708734,0.479438997805,0.105439197272
179,0.45691309683,0.102608177811,0.4797629565,0.107289668173
180,0.459060482681,0.101783363614,0.478779792786,0.106223000214
181,0.465608984232,0.0995698664337,0.490792557597,0.104300592095
182,0.469332609326,0.0989828142338,0.478037707508,0.104362342507
183,0.473487978801,0.097928583622,0.482460707426,0.103664183989
184,0.46926211752,0.098145753378,0.484811320901,0.102718479931
185,0.465323850513,0.0974672953598,0.483465239406,0.102610295638
186,0.466734763235,0.0970175333787,0.493018373847,0.101867958903
187,0.469872029498,0.0969121069647,0.490292005241,0.102352973074
188,0.465906590223,0.0966116271447,0.488552778959,0.102381156757
189,0.480721071362,0.0962382503785,0.495376557112,0.101025244221
190,0.472085606307,0.0965024484321,0.49493394047,0.101213345304
191,0.479828309268,0.0956996860914,0.4986666888,0.100410504267
192,0.48343151994,0.0950898271985,0.493063114583,0.100724836811
193,0.482830319554,0.0948979235254,0.494762569666,0.100601358339
194,0.479735946283,0.0945262464229,0.50058285147,0.09962576814
195,0.488928887993,0.0942654488608,0.496092237532,0.100254436955
196,0.481143077835,0.0939888996072,0.495447009802,0.100471789017
197,0.469180113636,0.094451145269,0.510085679591,0.0990771129727
198,0.486322695389,0.0945752074476,0.495127543807,0.100676158443
199,0.479348704219,0.0940315113403,0.509100206196,0.0994429904968
200,0.47548016347,0.0940278780181,0.504022367299,0.0989698637277
201,0.482596881688,0.0941198896617,0.488201767206,0.100693682209
202,0.473506348208,0.0945993300993,0.508940391243,0.0986772701144
203,0.4900203906,0.0931392842904,0.498938657343,0.0993169136345
204,0.475373700261,0.0934460412245,0.518499583006,0.0982668586075
205,0.484670480713,0.0940603765193,0.504912406206,0.0988589674234
206,0.494035735726,0.0928021853324,0.497831784189,0.0993955973536
207,0.489631976932,0.0926313896198,0.518757142127,0.0976096503437
208,0.495363237336,0.0921758867335,0.509916700423,0.0970623977482
209,0.497818697244,0.0914355171844,0.508588574827,0.096766911447
210,0.499084262177,0.0909320046194,0.51219407469,0.0964158736169
211,0.49847285077,0.0907207399141,0.515553466976,0.0962207280099
212,0.503688309342,0.0907065395731,0.507689960301,0.0962743200362
213,0.5012178123,0.0910969253164,0.506455987692,0.0971930362284
214,0.482727279887,0.0923157637008,0.516739264131,0.096969710663
215,0.503464160487,0.0909201260656,0.511923775077,0.0961839351803
216,0.491042388603,0.0904319703113,0.515883073211,0.0954443048686
217,0.4978731554,0.0896339402534,0.523196198046,0.0953091485426
218,0.501396624371,0.0896346908994,0.518159247935,0.0951446741819
219,0.50591031462,0.0891178050078,0.521414957941,0.0945152956992
220,0.510612551123,0.0888064582832,0.517211869359,0.0944583006203
221,0.498845119029,0.0888839666732,0.515610031784,0.095060669817
222,0.496686153114,0.08877692651,0.523613005877,0.0939751844853
223,0.502236571163,0.0885319055524,0.518318608403,0.0945306196809
224,0.507033705711,0.0881178462878,0.524497516453,0.0938927838579
225,0.501612475142,0.0884726315271,0.532460801303,0.0943328980356
226,0.503695121035,0.0889868906233,0.516294442117,0.0951516423374
227,0.501690244302,0.0885906452313,0.523975752294,0.0937155820429
228,0.503271756694,0.0880393269472,0.521250762045,0.0938933864236
229,0.512658486143,0.0876446308102,0.528782494366,0.0937580745667
230,0.510161798447,0.0873265215196,0.525172956288,0.0932883024216
231,0.512889187783,0.0869984116871,0.523568145931,0.0935487002134
232,0.518763775006,0.0867930040695,0.528055913746,0.0932590141892
233,0.513566028327,0.0866490278859,0.534844666719,0.0923559274524
234,0.51245135814,0.0862060512882,0.524775385857,0.0928398547694
235,0.516600962728,0.0859418148175,0.532912239432,0.0922358976677
236,0.513769507408,0.0865441428032,0.522162675858,0.0935573717579
237,0.518352046609,0.0863276931923,0.53194976598,0.0918966438621
238,0.515776783228,0.0861420659348,0.533923350275,0.0917562898248
239,0.511584321037,0.0864035382401,0.542721182108,0.0922801792622
240,0.525376373902,0.0857601906173,0.525886550546,0.0927275968716
241,0.513872275129,0.0858490047976,0.54413896054,0.0916466647759
242,0.519419822842,0.0856791057158,0.529780514538,0.0921719549224
243,0.52935872972,0.0846452787519,0.533305540681,0.0916790217161
244,0.510659789667,0.0852158099879,0.544808678329,0.0911485608667
245,0.520173642784,0.084435953293,0.539480902255,0.0902756545693
246,0.533759217709,0.0842642302159,0.530302919447,0.0915450137109
247,0.522473365068,0.0845356490463,0.542456820607,0.0907098446041
248,0.51963721402,0.0847779957112,0.542014360428,0.0906394096091
249,0.527382137254,0.0842256215401,0.529848054051,0.0914970533922
250,0.529386172071,0.083556296071,0.545083336532,0.089918741025
251,0.521235853434,0.0834529122803,0.542672216892,0.0898730857298
252,0.515852971002,0.0833833531942,0.533940814435,0.09148916509
253,0.500750763342,0.0919381687418,0.485532745719,0.110478131101
254,0.498587423936,0.091933962889,0.522643707693,0.0965406615287
255,0.498300900683,0.0898826459888,0.516149520874,0.0972831845284
256,0.519523587078,0.0871695540845,0.531264021993,0.0930528175086
257,0.508261665702,0.0873648151755,0.54468652606,0.0927510308102
258,0.51626954414,0.0874766698107,0.522091671824,0.0924569051713
259,0.515028474852,0.0856198247056,0.542739905417,0.0911640953273
260,0.524299917743,0.0841350636911,0.549241825938,0.0891613680869
261,0.539910078049,0.0833266777918,0.548652254045,0.0891501959413
262,0.541057590395,0.0823207639623,0.547035627067,0.0889699552208
263,0.510625595227,0.0831508028787,0.538078434765,0.0902243051678
264,0.527668872848,0.0834314706735,0.544661439955,0.0891146752983
265,0.536691721529,0.081931034103,0.545514911413,0.0889545138925
266,0.531170152128,0.0819833930582,0.555822089314,0.0882544731721
267,0.528990522027,0.0819530922454,0.546445176005,0.0879359738901
268,0.544928770512,0.0809517218731,0.554349854589,0.0878371214494
269,0.544615117833,0.0809076472651,0.553591027856,0.0876556150615
270,0.534136630595,0.0808792903554,0.552468761802,0.0879498915747
271,0.53251782991,0.0807197068352,0.558198228478,0.0874265851453
272,0.537550656125,0.0808182763867,0.543117888272,0.0888465186581
273,0.536810949445,0.0804426113609,0.558857887983,0.0872605489567
274,0.539612388238,0.0800172123127,0.559141635895,0.0873095206916
275,0.540014829487,0.0798998244572,0.555737704039,0.0871729142964
276,0.540610369295,0.0794325806201,0.56239643693,0.0868695778772
277,0.546026103199,0.0793252435979,0.557689025998,0.0868526715785
278,0.550016902387,0.0790231120773,0.557807981968,0.0869624866173
279,0.546246079728,0.0791896670125,0.561158329248,0.0864987988025
280,0.536927154288,0.0794838669244,0.551929667592,0.0876753237098
281,0.540757827461,0.0795524057467,0.560790672898,0.0863994006068
282,0.540585471317,0.0789841653313,0.565990269184,0.086023462005
283,0.543665161356,0.0791728789918,0.557231888175,0.0866372259334
284,0.552095085382,0.0783960560802,0.558584079146,0.0862893369049
285,0.556131467223,0.0782084686216,0.568858668208,0.0861707888544
285,0.541777692735,0.0809837267734,0.56324274838,0.0869985278696
286,0.553223742172,0.0790219772607,0.555441319942,0.0864704931155
