epoch,jaccard,loss,val_jaccard,val_loss
0,0.00237711744823,0.797439841124,0.000973618002973,0.797731582075
1,0.0023137204296,0.797769982081,0.000973575052171,0.797728590667
2,0.00229661158042,0.797554772634,0.000973534159925,0.797725643031
3,0.00232446262271,0.797599619398,0.000973489856221,0.797722269781
4,0.00229860929169,0.797782745499,0.000973430793209,0.797719071619
5,0.00232841039381,0.797402548102,0.000973376277187,0.7977158539
6,0.00225503973416,0.797612173053,0.000973338733814,0.797712478787
7,0.00229006321825,0.797534160889,0.000973298367825,0.797709601931
8,0.0022678594744,0.797950641467,0.000973243615874,0.797706321813
9,0.00234762400148,0.797280867512,0.000973203506021,0.797703400254
10,0.00236009489719,0.797884527307,0.000973158921425,0.797700603493
11,0.00228911402449,0.797357247426,0.000973125583414,0.797697237693
12,0.00234550555559,0.797717355765,0.000973077664099,0.79769441206
13,0.00232518115497,0.797461210535,0.000973036161241,0.797691125423
14,0.00231136327322,0.797661561232,0.000972995395784,0.797688223422
15,0.00228931544762,0.797727179069,0.000972947496024,0.797684688121
16,0.0023032120779,0.797564848111,0.000972905786682,0.797681597993
17,0.00235182519828,0.797566643128,0.000972867915948,0.797678614967
18,0.00223388366668,0.797698081686,0.000972820198683,0.797675218433
19,0.0022836230587,0.798125827542,0.000972774610176,0.79767228663
20,0.00225515271695,0.797412009193,0.00097272438552,0.797668698244
21,0.00227203463195,0.797897448907,0.000972675974651,0.797665598802
22,0.00239026532839,0.797458934096,0.000972662601981,0.797664447688
23,0.00228805480149,0.797629507688,0.000972648101168,0.797663394362
24,0.00231266570042,0.797574572838,0.000972633467825,0.797661905177
25,0.0022906698289,0.797541862497,0.000972617363885,0.797660989687
26,0.0022563304167,0.797990531876,0.000972603271777,0.797659995034
27,0.00223076761358,0.797503192837,0.000972582959605,0.797658671625
28,0.00229597171154,0.797468957993,0.000972564669411,0.797657341696
29,0.0023015879449,0.797518024078,0.00097254900237,0.797656491399
30,0.00228317533986,0.797547205136,0.000972533742782,0.797655125149
31,0.00237797030436,0.797663541941,0.000972514679802,0.797654170543
32,0.00226990508628,0.79764859493,0.00097249985825,0.797652967274
33,0.00232259553986,0.797600782835,0.000972482947105,0.797651918605
34,0.00230564541471,0.797761748617,0.000972466131742,0.797650658526
35,0.00228822687999,0.797625509592,0.000972451673704,0.797649594024
36,0.00231233833179,0.797670307068,0.000972432271396,0.797648623586
37,0.00225018059343,0.797761768103,0.000972413417031,0.797647145577
38,0.00226464648372,0.797947585583,0.000972394415498,0.79764600005
39,0.00220848264252,0.797823627408,0.000972377310404,0.797645533457
40,0.00228521109809,0.797638018544,0.000972356043633,0.797644534148
41,0.00222257532757,0.797833109131,0.000972339011383,0.79764325358
42,0.00228279699265,0.797503635287,0.00097232140962,0.797641763464
43,0.00224485876806,0.797718150111,0.000972304971327,0.797640630975
44,0.00225667555056,0.797556874844,0.000972297320203,0.797640436329
45,0.00227112917128,0.797462868003,0.000972293140308,0.797639884986
46,0.0022992412836,0.797758516211,0.000972286246224,0.797639477998
47,0.00229974811705,0.797711321941,0.000972283671246,0.797639050521
48,0.00232075277916,0.797377832807,0.000972280611649,0.797639097087
49,0.00236489511532,0.797646851494,0.000972275224342,0.797638758086
50,0.00229064918592,0.797604708717,0.000972270054007,0.797638255171
51,0.00233057350463,0.797459462514,0.000972265061165,0.797637863085
