epoch,jaccard,loss,val_jaccard,val_loss
0,9.57890868869e-05,0.798071876168,6.35179684423e-05,0.799304573797
1,9.81272735142e-05,0.798275773342,6.35168780718e-05,0.799300262704
2,9.64468214918e-05,0.798350790372,6.35154809174e-05,0.799296278507
3,0.000100248158945,0.798512568841,6.35152991038e-05,0.799291942269
4,9.68183847782e-05,0.798479422927,6.35136909466e-05,0.799288038164
5,9.80207280288e-05,0.798455076722,6.3510879329e-05,0.799283737317
6,9.81207772384e-05,0.798363133119,6.35113274257e-05,0.799279637635
7,9.61713719265e-05,0.798343403981,6.35115014518e-05,0.799275169149
8,0.000101175504719,0.798328989973,6.35091150798e-05,0.799270995893
9,0.000101381369649,0.798489315005,6.35051660254e-05,0.799266982824
10,9.48779466293e-05,0.798197543392,6.35009282917e-05,0.799262324348
11,9.78357580047e-05,0.798398459187,6.35028898444e-05,0.799258029088
12,9.64162753077e-05,0.798383131623,6.35022770155e-05,0.799253644422
13,9.69882772691e-05,0.798482721815,6.35034612912e-05,0.799249361269
14,9.79997723264e-05,0.798429959095,6.35077864217e-05,0.799244620837
15,9.5959551275e-05,0.798315659165,6.35083359271e-05,0.799240605906
16,9.87033355998e-05,0.798360786759,6.35047703952e-05,0.799236107618
17,9.75803736065e-05,0.798368464296,6.35074786715e-05,0.799231641926
18,0.000100616787117,0.798265890433,6.35083175098e-05,0.799227164127
19,9.90889119259e-05,0.798377587245,6.35072495356e-05,0.799222205766
20,9.66368058751e-05,0.798498308429,6.35064054961e-05,0.799217700958
21,9.73279024597e-05,0.79814388431,6.35049529194e-05,0.799213041551
22,9.35828149452e-05,0.798120748538,6.35056556177e-05,0.799211240374
23,9.7716183658e-05,0.798250842553,6.35059973035e-05,0.799209128134
24,9.68879979924e-05,0.798217630157,6.35055367297e-05,0.799207128584
25,9.94775555577e-05,0.798297445361,6.35057313332e-05,0.799205066636
26,9.89806734511e-05,0.798379820127,6.35054210818e-05,0.799203480594
27,9.80183522188e-05,0.798380725659,6.35041368753e-05,0.799201680347
28,9.7704216002e-05,0.7983196607,6.35025836289e-05,0.799199367873
29,9.79132682914e-05,0.798369387021,6.35016067179e-05,0.799197143875
30,9.653385968e-05,0.79799404855,6.35031399838e-05,0.79919518996
31,9.8013922315e-05,0.798314107152,6.35042428314e-05,0.799193205312
32,0.000102198528601,0.798318041059,6.35062897345e-05,0.799191247672
33,9.76225477853e-05,0.798345907376,6.3505601247e-05,0.799189194106
34,9.77791957946e-05,0.798321279196,6.35055996838e-05,0.799187115394
35,9.30973343692e-05,0.798405941862,6.35061295498e-05,0.799185097218
36,9.46153468598e-05,0.798240281068,6.35041922123e-05,0.799182863906
37,9.75131410996e-05,0.798203430497,6.35038271639e-05,0.799180973321
38,9.54413377748e-05,0.798335131544,6.35061558683e-05,0.799178896472
39,9.94290412914e-05,0.7982322012,6.35053695248e-05,0.799176484346
40,9.55801639905e-05,0.798270598054,6.35035391099e-05,0.79917440284
41,9.44270733761e-05,0.798308896331,6.35015065598e-05,0.799172315747
42,9.60229449797e-05,0.798323453619,6.35030490628e-05,0.799170372076
43,9.81844005205e-05,0.798277119031,6.35022481674e-05,0.79916839581
44,9.57966397157e-05,0.798134568792,6.35021244193e-05,0.799167330377
45,9.84115591704e-05,0.798158749938,6.35023069435e-05,0.799166356213
46,9.53564553339e-05,0.798186713686,6.35027714395e-05,0.799165531062
47,9.7367358019e-05,0.79829704303,6.3502558703e-05,0.799164592288
48,9.75033755402e-05,0.798279370253,6.35022530844e-05,0.799163633958
49,9.71950170284e-05,0.798010506309,6.35027946032e-05,0.799162450247
50,9.67038058661e-05,0.798338175966,6.35029052205e-05,0.799161816947
51,9.59159204705e-05,0.798357369808,6.35027596729e-05,0.799160433002
