epoch,jaccard,loss,val_jaccard,val_loss
0,0.100080039352,0.709173411131,0.141466364264,13.7738685608
1,0.0950318742543,0.598051220179,0.121838696301,0.732111752033
2,0.0935695581138,0.572289079428,0.120562553406,0.701999843121
3,0.093071013689,0.550384357572,0.119197800756,0.671034097672
4,0.0915435217321,0.527962699533,0.117759935558,0.64118540287
5,0.0910687819123,0.507730215788,0.116253763437,0.613319456577
6,0.0890027377754,0.489013619721,0.114693768322,0.588140070438
7,0.0887137316167,0.472650237381,0.113108843565,0.565839409828
8,0.0877282768488,0.458204686642,0.111513189971,0.546347260475
9,0.0865167994052,0.446369148791,0.10990165174,0.529294312
10,0.0855395067483,0.435837514699,0.108286805451,0.51446056366
11,0.0849343761802,0.426230728626,0.106706105173,0.501628756523
12,0.0868630260229,0.417335614562,0.106692187488,0.492667168379
13,0.0921806208789,0.411021150649,0.103292167187,0.481279760599
14,0.094482794404,0.403360828757,0.10217731446,0.475198954344
15,0.0927215609699,0.396819509566,0.0999344587326,0.471928745508
16,0.101311462,0.390993721783,0.0975640416145,0.462402641773
17,0.107612209395,0.379300408065,0.0957850962877,0.454423159361
18,0.113988896832,0.372147455812,0.0938778221607,0.44877576828
19,0.113424437121,0.36778049916,0.0920884236693,0.443646997213
20,0.101744830608,0.372930437326,0.0904650390148,0.438131004572
21,0.108553342521,0.36122443527,0.088060669601,0.435867190361
22,0.118751097471,0.353899225593,0.0924001559615,0.43346503377
23,0.11624052003,0.351302370429,0.0905380323529,0.43013432622
24,0.115495810285,0.347759336233,0.0814095661044,0.426160901785
25,0.120618421584,0.342824883759,0.079935953021,0.424122929573
26,0.124148136005,0.338775195181,0.0778397992253,0.423225224018
27,0.117642113939,0.340105175972,0.0767588019371,0.422847390175
28,0.124957097694,0.335709989071,0.0862185806036,0.419252544641
29,0.128041926771,0.332642652094,0.071355111897,0.425983130932
30,0.128073891625,0.33058283478,0.0694326907396,0.426874488592
31,0.124498004094,0.329411700368,0.0678210482001,0.427875101566
32,0.129926994443,0.325694948435,0.0655782297254,0.429235517979
33,0.13077586703,0.325528107584,0.0637523531914,0.430526465178
34,0.129100743681,0.322443924844,0.0621467940509,0.431784451008
35,0.134820602834,0.318256020546,0.0604551583529,0.433178812265
36,0.13546929881,0.315271794796,0.0589363202453,0.434485256672
37,0.139582261443,0.311341695487,0.0581139288843,0.434971868992
38,0.139696780592,0.311423197389,0.0619215369225,0.42889136076
39,0.140337569639,0.310730807483,0.0612331330776,0.429619193077
40,0.140306837857,0.307522930205,0.0608283355832,0.429322093725
41,0.136637970805,0.306543402374,0.051984321326,0.444286197424
42,0.144407186657,0.308329552412,0.059944242239,0.430397719145
43,0.134699970484,0.306565240026,0.0504411458969,0.44824001193
44,0.146055139601,0.305934906006,0.0475982055068,0.454257726669
45,0.127619909123,0.309264346957,0.0487934909761,0.452563375235
46,0.144591402262,0.308777824044,0.0443412400782,0.462677180767
47,0.135772943497,0.30960663408,0.0431856289506,0.466240048409
48,0.135755162686,0.310878433287,0.0421247929335,0.469792515039
49,0.133117150515,0.315272703767,0.045325037092,0.466523468494
50,0.121814735234,0.317822672427,0.0653491616249,0.448898345232
51,0.130051666871,0.31181333214,0.0419275872409,0.475733309984
52,0.142303150147,0.309799335897,0.054091501981,0.454712629318
53,0.140014838427,0.304607287049,0.0492777824402,0.460044592619
54,0.13866879046,0.304479770362,0.0458688959479,0.465859889984
55,0.144854955375,0.301470555365,0.0397784113884,0.482250094414
56,0.142660647631,0.301931671798,0.0353213660419,0.491848766804
57,0.144367638975,0.304508343339,0.0340462736785,0.49679005146
58,0.140008844435,0.302544526756,0.0335503965616,0.499596863985
59,0.141113888472,0.302155546844,0.0357257202268,0.495333105326
60,0.145581521094,0.30173496902,0.0316841974854,0.506578624249
61,0.146035190672,0.298367001116,0.034565191716,0.499155431986
62,0.15522178635,0.294735327363,0.0346152484417,0.499480247498
63,0.144344564527,0.296059221029,0.0341249369085,0.500501275063
64,0.15553471446,0.293540537357,0.0388274602592,0.488680332899
65,0.14988848567,0.29330585897,0.0365860685706,0.495460152626
66,0.155497413129,0.292343109846,0.0409212335944,0.485130727291
67,0.137790367007,0.304292473942,0.0463237017393,0.470187783241
68,0.144793661311,0.297044932842,0.0332167223096,0.505012869835
69,0.149325929582,0.295225292444,0.0307340547442,0.514670491219
70,0.153372228146,0.296336889267,0.0293944124132,0.51988619566
71,0.151339158416,0.294498555362,0.035553753376,0.511555492878
72,0.150894530118,0.294077128172,0.027533268556,0.533458650112
73,0.157241970301,0.290909282863,0.0373593010008,0.512956976891
74,0.151465278119,0.291298955679,0.036712128669,0.510024011135
75,0.156310733408,0.291523270309,0.0516387224197,0.469344168901
76,0.15166220814,0.289207436144,0.0497503466904,0.470446020365
77,0.156345143914,0.292506251484,0.0495316199958,0.463771879673
78,0.146918587387,0.291273310781,0.0553440265357,0.459653884172
79,0.160226237029,0.290035098791,0.0530641749501,0.456715404987
80,0.156981203705,0.286840781569,0.0441243611276,0.47808110714
81,0.161251813173,0.284143716097,0.0429068431258,0.480895727873
82,0.162713564932,0.28239493072,0.0423171631992,0.481164574623
83,0.164211314172,0.284569803625,0.0485318005085,0.464967042208
84,0.157664187253,0.28393022716,0.0476165041327,0.460386812687
85,0.16118934378,0.281454563141,0.0420887731016,0.479066967964
86,0.167911395431,0.282830268145,0.0567424036562,0.437932819128
87,0.153857201338,0.288671184331,0.0504162497818,0.455454140902
88,0.161163941026,0.286811828613,0.0442017950118,0.481576949358
89,0.149556318298,0.292149659246,0.0286701265723,0.548191726208
90,0.152884308249,0.28923650831,0.017601294443,0.586365461349
91,0.163997624069,0.28744032234,0.0164428520948,0.593144178391
92,0.153422020376,0.286115407944,0.0227339565754,0.56400346756
93,0.162654120475,0.285063683987,0.0177483577281,0.588136732578
94,0.160293310881,0.283802144229,0.0420858748257,0.495593369007
95,0.167174682021,0.28254994005,0.0232134908438,0.564338982105
96,0.159315075725,0.285834275186,0.0313289985061,0.533022105694
97,0.167350608855,0.283183515072,0.0177473798394,0.590207159519
98,0.157362636179,0.286121789366,0.0435949862003,0.499062746763
99,0.163223389536,0.283904090524,0.0231021717191,0.572459220886
100,0.158414788544,0.284821677953,0.0592353008687,0.456689089537
101,0.163569428027,0.280912213027,0.0492332540452,0.480563491583
102,0.1649386473,0.282698377967,0.0369716025889,0.520896494389
103,0.168004304171,0.279187127948,0.0508151464164,0.477220207453
104,0.168439451605,0.280634216964,0.0141495065764,0.618809461594
105,0.151160666719,0.292537733912,0.0607990920544,0.496231406927
106,0.15498489514,0.288296625018,0.070921882987,0.477419674397
107,0.165899410844,0.288488961756,0.0624957047403,0.492714047432
108,0.157634198666,0.285731673241,0.079673089087,0.439341753721
109,0.164173286408,0.285254195333,0.101584434509,0.386697888374
110,0.157750271261,0.284130558372,0.0862852036953,0.42681619525
111,0.170642495155,0.280488885939,0.113230757415,0.376870512962
112,0.155848305672,0.282806944102,0.0811526998878,0.441854298115
113,0.166970029473,0.286139208823,0.130587115884,0.356897652149
114,0.156607534736,0.280258871615,0.0424741953611,0.55632174015
115,0.161003537476,0.285284046084,0.0794546604156,0.483538329601
116,0.165269427001,0.279619541019,0.130783066154,0.44021204114
117,0.17106211558,0.279220327735,0.108879841864,0.428739607334
118,0.162457313389,0.279917493463,0.0621527209878,0.501176714897
119,0.159083530307,0.285783499479,0.0450862087309,0.523773431778
120,0.169568657875,0.284203290939,0.0879023224115,0.443894177675
121,0.159487813711,0.281649518758,0.0986083298922,0.479920268059
122,0.162888914347,0.283837530762,0.0861478298903,0.446057856083
123,0.163914978504,0.281629174948,0.150355160236,0.368121743202
124,0.16912515834,0.281171116978,0.1236776039,0.409996837378
125,0.16696036607,0.282882388681,0.113788604736,0.386658072472
126,0.165359973907,0.279950417578,0.103759169579,0.377174466848
127,0.174323819578,0.275682844222,0.0899924039841,0.403155565262
128,0.168281264603,0.276286911219,0.10177501291,0.383485853672
129,0.172818370163,0.275991369039,0.116087116301,0.369218915701
130,0.177044533193,0.273551832885,0.0907817929983,0.406063705683
131,0.173252481967,0.274808462709,0.0979288518429,0.388931781054
132,0.182170737535,0.272425398231,0.0964099317789,0.400580942631
133,0.16841930896,0.273197047412,0.0786373391747,0.427709370852
134,0.181361567229,0.274757057428,0.115301162004,0.375406444073
135,0.166418597102,0.276931405067,0.100665293634,0.422915637493
136,0.174122083932,0.273582544178,0.0791716054082,0.466523736715
137,0.18044617027,0.271123535931,0.0781614035368,0.446990460157
138,0.173806775361,0.275800563395,0.111092358828,0.390590697527
139,0.180867131799,0.273700032383,0.106790013611,0.402267217636
140,0.174844261259,0.271475572139,0.085765235126,0.418959140778
141,0.181883849204,0.272011149675,0.0975147113204,0.388727843761
142,0.168573815376,0.273424521089,0.0860216468573,0.487657099962
143,0.187107048929,0.27186672017,0.125067695975,0.387593686581
144,0.177060034126,0.271105650812,0.105122432113,0.418688207865
145,0.182278957218,0.270137373358,0.132984027267,0.384669333696
146,0.179625388235,0.271360781044,0.0885092169046,0.425200909376
147,0.17819589749,0.273320950568,0.111790589988,0.39907887578
148,0.177064117044,0.271316315979,0.0941722691059,0.403781563044
149,0.18049344793,0.270998045802,0.102140583098,0.401136487722
150,0.175053205341,0.277358986437,0.0943693444133,0.425031989813
151,0.164162840694,0.280385125428,0.0596062988043,0.534092187881
152,0.182393059134,0.272423036397,0.054173450917,0.552244842052
153,0.183157481253,0.271276019514,0.0648488551378,0.502062559128
154,0.171023763716,0.271755754948,0.0532207638025,0.519965112209
155,0.18084385246,0.273221440613,0.0772342830896,0.485996991396
156,0.184286020696,0.271526046097,0.110953971744,0.406261324883
157,0.175930023193,0.271399889141,0.101974241436,0.431562006474
158,0.184393484145,0.273732099682,0.111446470022,0.419401466846
159,0.174991518259,0.271386906505,0.106521464884,0.400799840689
160,0.188448488712,0.268586542457,0.110971577466,0.379172563553
161,0.184916190803,0.2687304914,0.115250483155,0.382072985172
162,0.185247413814,0.265642173588,0.0926930829883,0.416267246008
163,0.189060010016,0.266410116106,0.1133383587,0.385931998491
164,0.188403006643,0.264310140163,0.0891511514783,0.411253213882
165,0.185878485441,0.266261838377,0.110559612513,0.373940140009
166,0.192061968148,0.264225859195,0.106773212552,0.377616345882
167,0.180684585124,0.275141663849,0.121104992926,0.373743385077
168,0.181683856994,0.26789457351,0.0829834863544,0.434627711773
169,0.188486907631,0.269371125847,0.111525475979,0.386121243238
170,0.184604290873,0.266862086952,0.117682144046,0.397789776325
171,0.179218854755,0.272801134735,0.112337775528,0.409918397665
172,0.185679282993,0.270803660154,0.117112383246,0.384638220072
173,0.180446669459,0.269947003573,0.108349598944,0.423494637012
174,0.188329815865,0.273060254753,0.123803302646,0.373015969992
175,0.182976212353,0.271001998335,0.124325864017,0.377636104822
176,0.181993562728,0.266598988324,0.10938859731,0.407775163651
177,0.191637419164,0.26500460878,0.096413500607,0.418330252171
178,0.191930089146,0.263515867293,0.106641061604,0.401052057743
179,0.191516611725,0.262636814266,0.139463245869,0.360464066267
180,0.198587752879,0.263168334961,0.119874745607,0.369684606791
181,0.182897504419,0.267756234854,0.119852893054,0.393879115582
182,0.195523489267,0.266851343215,0.115642279387,0.369668334723
183,0.193426534534,0.262706249952,0.1159106493,0.385404407978
184,0.189634785056,0.260900069028,0.109620161355,0.388530105352
185,0.200594898313,0.261639803648,0.116983115673,0.376792490482
186,0.188610076904,0.264771755785,0.123308539391,0.379042059183
187,0.188119601458,0.261168729514,0.115909263492,0.37847673893
188,0.198363374919,0.261919531971,0.113820776343,0.37714779377
189,0.188214205205,0.269913744181,0.131649032235,0.356779396534
190,0.186109855771,0.268343046308,0.104892872274,0.378420680761
191,0.182694576681,0.272891979665,0.123832151294,0.372492432594
192,0.18112077564,0.269802361727,0.134977653623,0.358684629202
193,0.186796639115,0.267064668238,0.143207773566,0.360659480095
194,0.19105348736,0.266466476023,0.147352531552,0.36528262496
195,0.194453962147,0.269447937608,0.118746295571,0.39239770174
196,0.176033526659,0.272618278861,0.0870711952448,0.462203115225
197,0.190500784665,0.267654847354,0.130816355348,0.392803668976
198,0.191597245634,0.26716709137,0.152943342924,0.36250692606
199,0.185894008726,0.268137410283,0.145209401846,0.35402983427
200,0.194348808378,0.263906307518,0.14055852592,0.362439483404
201,0.199418142438,0.262907151133,0.125409454107,0.388556420803
202,0.188264042139,0.271965391934,0.131256982684,0.36465716362
