epoch,jaccard,loss,val_jaccard,val_loss
0,0.00183238504017,0.798285988661,0.00276389616485,0.799229002558
1,0.00176157389254,0.798516697609,0.00276453517023,0.799203283153
2,0.00179919016581,0.79833382712,0.00276544242163,0.799178350717
3,0.00178842390523,0.79829467833,0.0027659978511,0.799155883491
4,0.00180332449547,0.798253841125,0.00276671199464,0.799134016968
5,0.00176778675908,0.798309008663,0.0027673607463,0.799113270827
6,0.00180920979959,0.798209409301,0.00276817148489,0.799092364497
7,0.00177465567853,0.798238951426,0.00276893000174,0.799072282389
8,0.0017563776566,0.798182738515,0.00276936175533,0.79905346036
9,0.00177941002644,0.798317030072,0.0027701181576,0.799034513533
10,0.00177056693012,0.798312003796,0.00277081573137,0.799015167169
11,0.0017600186063,0.798351101004,0.00277138432102,0.798997166567
12,0.00180458966,0.798158882902,0.00277182605285,0.798979059793
13,0.00179909134686,0.798201834926,0.00277287409335,0.798959672451
14,0.00181463321115,0.798106199274,0.00277353564442,0.798941267654
15,0.00178294312221,0.798224496154,0.00277405443296,0.798923580907
16,0.00183722230682,0.797804754514,0.00277485556862,0.798904458061
17,0.00171417700459,0.798272297933,0.00277538768037,0.798887123354
18,0.00176823185397,0.79812786327,0.00277596565226,0.79886938259
19,0.00180728344038,0.798021795658,0.00277644574857,0.798851472326
20,0.00180284515272,0.797868256386,0.00277712562499,0.798833334818
21,0.00185605430432,0.797946030131,0.00277805539761,0.798815130256
22,0.00174946648524,0.798188104079,0.00277820184712,0.798807082698
23,0.0017658890186,0.798106497297,0.00277837694136,0.798798593692
24,0.00173941076733,0.797955343356,0.00277863410824,0.798790333793
25,0.00187803542527,0.797836756477,0.00277898326195,0.798781211488
26,0.00180047403263,0.797981927028,0.00277926574668,0.798772512004
27,0.00177018030067,0.79791508615,0.00277966380065,0.798764262348
28,0.00181336885299,0.797956068928,0.00277993221044,0.798755473457
29,0.00183207717027,0.79781820797,0.00278032976348,0.798746457323
30,0.00175422229561,0.798058394056,0.00278072142748,0.798737530597
31,0.00180916937643,0.797701283143,0.00278098990918,0.798728756607
32,0.00181327374496,0.798033855282,0.00278127935249,0.798720109276
33,0.001751896899,0.798032118724,0.00278154043937,0.798711916432
34,0.00182938126405,0.797948890007,0.00278186597811,0.798703258857
35,0.0018016474069,0.797947774713,0.00278222779477,0.79869443085
36,0.0018230297383,0.797603469629,0.00278253942989,0.798685421236
37,0.00181300149622,0.797934151613,0.00278283420346,0.798676989041
38,0.00180732040109,0.797782126528,0.00278336492784,0.798667781986
39,0.00177066723969,0.797991164602,0.00278375245614,0.798658942804
40,0.00176229990519,0.797919124365,0.00278409113517,0.798650086857
41,0.00181522808473,0.797989113973,0.00278463087861,0.79864101205
42,0.00176346235471,0.797913976587,0.00278514540244,0.798631693237
43,0.00181595298692,0.797735848106,0.0027858584987,0.798622197472
44,0.00186415481029,0.797545454823,0.00278601100254,0.798617758788
45,0.00184217071298,0.797752384956,0.00278608305661,0.79861294385
46,0.00183292965361,0.797955926794,0.00278626610651,0.798608531244
47,0.00172579871885,0.798059691603,0.00278633611626,0.798603635281
48,0.00177465995064,0.797642483161,0.00278649308328,0.798599363305
49,0.00184911475834,0.797593206167,0.00278668884593,0.798594678752
50,0.00183093365198,0.797724433816,0.00278697979118,0.798589490354
51,0.00178723691729,0.797801647049,0.00278715749826,0.798584952019
