epoch,jaccard,loss,val_jaccard,val_loss
0,0.0732762375847,0.543008940294,0.074693785049,0.489158026874
1,0.0733186684083,0.483577217907,0.0864671720192,0.468162089586
2,0.0942983799614,0.460948299617,0.104919862002,0.449348703027
3,0.102253632853,0.446268090978,0.10915257223,0.436953864992
4,0.109985013027,0.433991450816,0.114835362881,0.428438171744
5,0.111476127524,0.423981450498,0.114501852542,0.419430218637
6,0.112327249255,0.417041508481,0.116148499772,0.412333928049
7,0.116891480982,0.40835804306,0.11606917344,0.405345454812
8,0.116373202414,0.4027829431,0.120803540573,0.399408228695
9,0.11901028594,0.394095487893,0.123783575371,0.392830424011
10,0.121788796969,0.388604816049,0.121183810756,0.387385889888
11,0.12188153225,0.38237070106,0.123267833143,0.381984367967
12,0.125109369867,0.376566950232,0.122968776152,0.377081416547
13,0.123614466749,0.370539238676,0.127365412191,0.373668149114
14,0.124364335556,0.366764908656,0.132283998653,0.367645457387
15,0.129352979362,0.361546291038,0.127271246165,0.363437004387
16,0.124852672685,0.357590131462,0.131034607068,0.358386129141
17,0.126801399281,0.35198489204,0.127506747842,0.352224834263
18,0.134545546956,0.344908613712,0.128952067345,0.346810430288
19,0.130840394646,0.340381426737,0.141720317304,0.34323489666
20,0.134200572968,0.336874980479,0.131508177146,0.338547952473
21,0.137079406064,0.330880658701,0.13581257686,0.333865396678
22,0.136607266031,0.327765611932,0.132543038577,0.330644577742
23,0.134565149434,0.324709465727,0.141339186579,0.325521707535
24,0.13828105526,0.320171905681,0.141610087827,0.322031803429
25,0.14120029239,0.315383110195,0.140441995114,0.318762637675
26,0.142056077253,0.311021780595,0.140806771815,0.313580349088
27,0.144641581923,0.306918736547,0.142058625817,0.30977768451
28,0.14782327367,0.302596513182,0.145486105233,0.306430056691
29,0.149882388301,0.29846025072,0.146337078884,0.302644602954
30,0.148782650009,0.295906770974,0.148347707465,0.298891380429
31,0.152922562789,0.291540499777,0.151475969702,0.295026540756
32,0.154745826498,0.288129845634,0.156883075833,0.29295348376
33,0.154000767972,0.285504410043,0.154864162207,0.289278179407
34,0.155621347949,0.282932970673,0.154472786933,0.287098795176
35,0.15799864009,0.27906223014,0.159442080185,0.283251799643
36,0.15757171018,0.275929832831,0.162812905386,0.282708279788
37,0.160840884317,0.274519700557,0.148547634482,0.280861467123
38,0.158313957974,0.272261891514,0.161877604201,0.27577739954
39,0.15974737471,0.26936351601,0.150659805164,0.274259991944
40,0.157916281372,0.267870445736,0.164838960394,0.270628865808
41,0.1669337973,0.26253901422,0.167735142633,0.267323192209
42,0.170347489417,0.259215033613,0.167841874063,0.264432426542
43,0.168659710325,0.25659320876,0.171525131911,0.261954665184
44,0.173862241674,0.253488187678,0.163916092366,0.259265750647
45,0.175781432539,0.250986130908,0.17243545875,0.257246032357
46,0.173742424231,0.249971263111,0.164490461349,0.255045544356
47,0.172146743163,0.248794081621,0.180888397619,0.253705404699
48,0.175108355936,0.245821976103,0.178860886022,0.251405078918
49,0.173827802297,0.244783207774,0.17728392221,0.249407701194
50,0.18167568557,0.240681933239,0.173615075648,0.248542815447
51,0.181052614469,0.238898899406,0.176460791379,0.244745392352
52,0.184038205072,0.236429694109,0.174562757835,0.243208173662
53,0.183435355779,0.234409144148,0.184460073709,0.240778945386
54,0.184153045528,0.232919364236,0.17240264453,0.240086253732
55,0.183796749916,0.231258325279,0.182927081361,0.237138293684
56,0.188812639564,0.2286555022,0.190793924034,0.235313609242
57,0.192451510578,0.226911534555,0.184022400528,0.233464546502
58,0.187124265125,0.225671697408,0.178957678378,0.23181180656
59,0.193349964917,0.223220397718,0.186911245808,0.229971528053
60,0.19032984646,0.221858506091,0.188792513683,0.229162953794
61,0.195357835852,0.219998289831,0.196998640895,0.227734819055
62,0.194169037975,0.219096631743,0.189014703035,0.225793883204
63,0.198274512775,0.216455962509,0.198436331004,0.223525930196
64,0.199802902993,0.215043547563,0.181367268786,0.224580232054
65,0.181214282289,0.223059503362,0.172951264307,0.230695012957
66,0.187828795984,0.218555665575,0.187639333308,0.223869994283
67,0.197643577121,0.213981389999,0.190100278705,0.220194742084
68,0.201514361892,0.210835288279,0.195340514183,0.217821978033
69,0.20389622543,0.209029394202,0.188674224541,0.216885823756
70,0.200343823526,0.208485400304,0.193322855979,0.21544726193
71,0.202367133927,0.206320686266,0.204091399908,0.213421404362
72,0.209187362343,0.203785495833,0.206868894398,0.211479872465
73,0.207483253907,0.203277287073,0.212012566626,0.210756719112
74,0.20987602789,0.202442751266,0.197199564427,0.209581688046
75,0.210573225282,0.202134738676,0.211995530874,0.210940107703
76,0.213747210801,0.199716273695,0.208846464753,0.208148144186
77,0.21143864654,0.199552425183,0.193872667849,0.206727921963
78,0.215114734136,0.196814795025,0.211090683937,0.204572919756
79,0.217218291946,0.195077122189,0.214551147074,0.203717708588
80,0.223580629565,0.193421173841,0.211482942104,0.202342972159
81,0.2188042989,0.19439357426,0.207974895835,0.202669668943
82,0.220396955498,0.192557649687,0.212021276355,0.200501091778
83,0.222246161662,0.191202283837,0.204402931035,0.201172728091
84,0.222790516913,0.190019709058,0.220862861723,0.198658376932
85,0.221671162173,0.189263267443,0.22013118118,0.197746153921
86,0.22562736785,0.188111954369,0.216977655888,0.196397304535
87,0.223970087245,0.186798850074,0.229464910924,0.195751938969
88,0.231693592854,0.185430861078,0.221094507724,0.194078486413
89,0.227263441775,0.184904159047,0.213438089937,0.194043707103
90,0.232174126431,0.183279501274,0.220378287137,0.19246520102
91,0.234503949061,0.182391362265,0.213189881295,0.192838378251
92,0.229796704836,0.182234005071,0.221828620881,0.191844902933
93,0.233712672256,0.181275279261,0.222988624126,0.190280795097
94,0.239414663985,0.179123924114,0.225764133036,0.188985586166
95,0.239718992263,0.178537701257,0.225490823388,0.188269197941
96,0.238202034496,0.177871937864,0.230658426881,0.187470559031
97,0.241642100736,0.17693580687,0.228654175997,0.186739634722
98,0.238046145532,0.176634415984,0.228205386549,0.186934646219
99,0.240269487724,0.175567521248,0.231239050627,0.185465052724
100,0.241558244452,0.175242569298,0.237721141428,0.185382876545
101,0.244036337361,0.175048112869,0.225967817008,0.185385480523
102,0.242545739748,0.173609658144,0.228244528174,0.183669507504
103,0.250738617964,0.172001496889,0.227888826281,0.183309912682
104,0.244160505943,0.172324448824,0.236730508506,0.182076666504
105,0.249638679437,0.171524726786,0.229734152555,0.182664401829
106,0.250033050776,0.171464250423,0.214853871614,0.183607421815
107,0.250616815872,0.169920708984,0.241139516234,0.180322069675
108,0.253856359981,0.168529208284,0.237521566451,0.1789958179
109,0.251161053777,0.16786623653,0.235608004034,0.179091520607
110,0.256892930716,0.167123066261,0.239203821868,0.178244952112
111,0.252324701287,0.166803076863,0.23858005926,0.177210643888
112,0.261501593515,0.16503746435,0.236304290593,0.177586264908
113,0.255588771775,0.165439175442,0.250850826502,0.176336430013
114,0.256655084901,0.164915152825,0.248336914927,0.175227127969
115,0.259241643362,0.164293238893,0.239819839597,0.177184667438
116,0.258845465258,0.164048647042,0.245306808501,0.174841150641
117,0.257319255732,0.163692754693,0.257402762771,0.174509584904
118,0.257146398537,0.162919166498,0.25440621376,0.173662938178
119,0.260598333552,0.162647608202,0.236156839877,0.174776747823
120,0.258732671849,0.162176529411,0.234869774431,0.174838550389
121,0.259902874939,0.162634876091,0.25449212268,0.173000045121
122,0.269044645131,0.159929694608,0.248166650534,0.171565622091
123,0.266875227913,0.159346826375,0.266048923135,0.171867892146
124,0.268736232072,0.159394564107,0.252197280526,0.171258848161
125,0.271531132981,0.157887439709,0.258533321321,0.169903703034
126,0.274009442888,0.156863213517,0.257110826671,0.169146131724
127,0.269199775532,0.15699029807,0.264319732785,0.168847247958
128,0.268237484619,0.156622798182,0.255498595536,0.169289514422
129,0.270275960676,0.160247024614,0.211843818426,0.181901689619
130,0.248598467559,0.165773106273,0.246819615364,0.174600355327
131,0.260097449645,0.161090082023,0.247017960995,0.171696398407
132,0.26196929533,0.158867662307,0.2621447891,0.170199841261
133,0.261878367513,0.160050765611,0.246398825198,0.174390152097
134,0.274421999231,0.157255288679,0.251428484917,0.169424492866
135,0.276218088344,0.15491348831,0.262917440385,0.167336795479
136,0.277086371556,0.153637640644,0.260163594037,0.166472230107
137,0.278464894742,0.152599579189,0.266392666847,0.164970435202
138,0.274476521648,0.152792660985,0.260934699327,0.165175490081
139,0.276664847042,0.15201482689,0.262408349663,0.165065776557
140,0.27907315921,0.151905206963,0.270332187414,0.164492633194
141,0.282121603377,0.151673808694,0.254794195294,0.165733575821
142,0.28084248025,0.150655391626,0.258774992079,0.163789607584
143,0.28279918991,0.149587415159,0.268187344074,0.162727754563
144,0.288613928482,0.148825453129,0.271680314094,0.162049729377
145,0.289027497172,0.148316784296,0.270275190473,0.161674501374
146,0.2887703171,0.148067945149,0.274918578565,0.16120252572
147,0.287427010015,0.147916009184,0.267878439277,0.161754462868
148,0.288298968226,0.147528007161,0.273840654641,0.160650035366
149,0.292811380699,0.146733977366,0.276444811374,0.160135367885
150,0.293946140446,0.146763961762,0.282719064504,0.160741543397
151,0.292969804257,0.146238952409,0.274907290936,0.159957628697
152,0.290334459394,0.146613169461,0.271740652621,0.160158315673
153,0.294455716386,0.145705299918,0.273026369512,0.160214798525
154,0.299435605295,0.144762733486,0.279275596142,0.159159440547
155,0.299545316026,0.144265812356,0.28398065269,0.158912792802
156,0.296205728315,0.144741556142,0.28221378848,0.159184776247
157,0.298764842562,0.144154392183,0.272277995944,0.158519070596
158,0.289289598353,0.144988494925,0.275774206966,0.159245019779
159,0.296217275783,0.144774326123,0.274831529707,0.159295585006
160,0.298812965862,0.143637267873,0.276012610644,0.158162325621
161,0.300693841651,0.143023899291,0.269633442163,0.157841632143
162,0.294625501148,0.142759707756,0.289526198059,0.156733291224
163,0.297032594681,0.142309591174,0.283279798925,0.156548190862
164,0.304855686612,0.141760105733,0.271730914712,0.157778069377
165,0.297892926261,0.142364711035,0.295277953148,0.157761953771
166,0.301983863115,0.141996963881,0.275467477739,0.156895449385
167,0.30531430617,0.141330041457,0.28423441574,0.156522279605
168,0.299238428473,0.141638466157,0.301949750632,0.157401230186
169,0.307432197966,0.140859242063,0.280321557075,0.156166629866
170,0.308201596141,0.139510439709,0.289249099791,0.154954245314
171,0.309770179912,0.139661945868,0.273184094578,0.156054774299
172,0.309058846906,0.138936788309,0.275825995952,0.155338695273
173,0.310480934568,0.13880561525,0.291517682374,0.153943160549
174,0.31196160987,0.138000095263,0.288175754249,0.154025273398
175,0.315464420244,0.137441660743,0.28584035486,0.153256550431
176,0.316620277241,0.136923003942,0.290286071599,0.152598785236
177,0.317281885073,0.136797966436,0.286667760462,0.152833759785
178,0.306064712349,0.137444199529,0.285003390163,0.152815343812
179,0.313655884005,0.136839965824,0.291201375425,0.152783285826
180,0.310274268501,0.137511728331,0.290056265891,0.153334200382
181,0.311550389975,0.137459140737,0.285246629268,0.153741266578
182,0.317048044875,0.136798577383,0.295580908656,0.152099521831
183,0.309625251219,0.137025848031,0.282059691846,0.152940560132
184,0.309771546163,0.136419925839,0.290339723229,0.152347393334
185,0.317626275122,0.135286940262,0.299496266991,0.151290507987
186,0.317685469985,0.135667806957,0.295092612505,0.151490287855
187,0.312162361108,0.136213827878,0.287597421557,0.153515901417
188,0.318980988115,0.135138663463,0.302885707468,0.151205949485
189,0.317324779928,0.134965548292,0.295363117009,0.151275247335
190,0.316449841484,0.135736147873,0.296430103481,0.150833403692
191,0.324536204338,0.134625317529,0.295329276472,0.150266647339
192,0.323971992359,0.133722041268,0.295148272067,0.150100206956
193,0.324099421501,0.133143148385,0.303881749511,0.149677945301
194,0.327933004126,0.132639916148,0.305730976164,0.14938964881
195,0.325666367076,0.132225108333,0.302770681679,0.14845582284
196,0.328596774489,0.13195141498,0.293486397713,0.148774417117
197,0.326252933592,0.132333818823,0.306062731892,0.148911420256
198,0.330045102164,0.132189039141,0.294335320592,0.149630015716
199,0.324711129069,0.132535571698,0.289324767888,0.149866973981
200,0.328628826886,0.131794515066,0.298010088503,0.149484446272
201,0.331494256854,0.131005692761,0.304655507207,0.148722857237
202,0.328721009195,0.13084110897,0.307190995663,0.147489974275
203,0.330580731854,0.130816611461,0.308550026268,0.148182911798
204,0.335047844797,0.13072936004,0.306497775018,0.147725574672
205,0.331415763125,0.130393612199,0.303511541337,0.147892439738
206,0.332031896338,0.130210413132,0.304771732539,0.146972984076
207,0.335669742897,0.129590479191,0.306355662644,0.147271152586
208,0.335506085306,0.129142573103,0.300780076534,0.146642625332
209,0.334683777764,0.128953469917,0.288453679532,0.149826360866
210,0.336191250011,0.129766957834,0.295525319874,0.147924404591
211,0.332414373755,0.129832415376,0.313014388084,0.147727932781
212,0.333342859522,0.129375122953,0.310618817806,0.148251174018
213,0.338066399097,0.128630683292,0.307843185961,0.146731074899
214,0.339233567938,0.128074165434,0.307685930282,0.146910382435
215,0.339187214151,0.127561917063,0.306165635586,0.146343393251
216,0.340207194909,0.127812345512,0.313687600195,0.145895050839
217,0.343444259837,0.126946703531,0.31614330411,0.145715657622
218,0.341348526999,0.127188227139,0.307890165597,0.14510028623
219,0.340658558533,0.127007471863,0.311177797616,0.145000381395
220,0.339217375964,0.12720856024,0.308704026043,0.146309850737
221,0.343682024628,0.126857825555,0.297321338207,0.146831305698
222,0.337975546718,0.127386975102,0.313585340977,0.146003685892
223,0.338896339759,0.127383247018,0.306293509901,0.145622806624
224,0.33956450969,0.126467302442,0.320609927177,0.145538760349
225,0.346295587718,0.126046651974,0.307797204703,0.145462891087
226,0.341857817024,0.126655468252,0.317190282047,0.144870536402
227,0.342906301841,0.126842396334,0.311654739082,0.147341996431
228,0.339307820424,0.127552214544,0.317025929689,0.14618049562
229,0.342984465882,0.126198235899,0.320867992938,0.144473830238
230,0.350707441568,0.125056432094,0.312552303076,0.144780049101
231,0.342727977782,0.125175923109,0.308580968529,0.14515677467
232,0.341898196377,0.12533627497,0.304935328662,0.145518308505
233,0.343340776861,0.126614429057,0.301216877997,0.145301226526
234,0.344454515725,0.125038858503,0.317982569337,0.143683020025
235,0.344006929547,0.126064264681,0.324689142406,0.145118329674
236,0.342558832839,0.126035673078,0.295804295689,0.145712820813
237,0.347239142284,0.12510738289,0.3132526353,0.144404778257
238,0.349335663021,0.124336257577,0.325536668301,0.143313407898
239,0.343001397327,0.125288301613,0.323099657893,0.143250958994
240,0.349125137553,0.123843404464,0.319300219417,0.143638499081
241,0.353960517794,0.123122892343,0.315906554461,0.142697315663
242,0.355017108843,0.12271644501,0.330559417605,0.14380145818
243,0.343699554913,0.123196429573,0.32080616802,0.142617929727
244,0.344587059692,0.123395537026,0.316118061543,0.143408935517
245,0.356819814071,0.122348304372,0.324535854161,0.142646294087
246,0.349760627374,0.122493780684,0.326100468636,0.143867280334
247,0.337053008378,0.125981610734,0.309759244323,0.15017044358
248,0.338961785659,0.127281095833,0.309738434851,0.14616551064
249,0.348670575768,0.124607146485,0.317014448345,0.144942315295
