epoch,jaccard,loss,val_jaccard,val_loss
0,0.217790079821,0.783855063411,0.191384324776,0.748246757314
1,0.226952425931,0.747906895784,0.203045430626,0.719897977076
2,0.243782170941,0.710389698927,0.211702104039,0.698783063795
3,0.248475031859,0.699993660817,0.217224563456,0.685436112806
4,0.258002806724,0.681653468655,0.22230947928,0.673687401228
5,0.25273543619,0.684919909789,0.226521265044,0.664249276742
6,0.263261514603,0.668193779313,0.230386920373,0.656292935833
7,0.282046082573,0.63541255089,0.234263107629,0.648342148867
8,0.278274355456,0.633797463316,0.237235162259,0.642506524455
9,0.273116294039,0.641951710559,0.239263655332,0.639231581241
10,0.280779116525,0.63106342749,0.240601588439,0.636973264627
11,0.286430394527,0.62054794511,0.24273560185,0.632975545712
12,0.285940076267,0.620307474182,0.243985618673,0.631353205536
13,0.282684247005,0.619855947793,0.245369745815,0.628997890279
14,0.293180701907,0.60527692334,0.246591312005,0.626674300525
15,0.287409641884,0.612249964132,0.248558308995,0.622908327263
16,0.301035286483,0.594021216035,0.250276987533,0.619588154368
17,0.292036130544,0.603499407952,0.250851723083,0.618991205003
18,0.297731764352,0.592408203735,0.252405753955,0.616163361818
19,0.312591054799,0.570557423509,0.25429757525,0.612567723263
20,0.301996751044,0.587764748587,0.255803290591,0.609369019978
21,0.303766738202,0.579912374799,0.256740431122,0.607572849374
22,0.305562974957,0.579172711533,0.257608884949,0.60571114067
23,0.309468951987,0.574668170168,0.257236478651,0.606965345331
24,0.313883205303,0.568985284521,0.257726706001,0.606358460151
25,0.311999001763,0.570324361324,0.259169296833,0.603037183173
26,0.313252122925,0.565746040298,0.260058935977,0.601482233498
27,0.313875819591,0.564472209376,0.260849448121,0.600503874943
28,0.30816036324,0.575171977855,0.262122820348,0.597981487401
29,0.315560446425,0.563394807279,0.262417507127,0.596611755434
30,0.319778014033,0.553688425284,0.263445368351,0.594970807433
31,0.317668232026,0.557772804911,0.264851291316,0.592446126509
32,0.317711921539,0.554807664683,0.265795111704,0.590436969418
33,0.330637854864,0.536022036695,0.265852026129,0.5902078785
34,0.313951804803,0.56080782872,0.265570737878,0.59023740422
35,0.311736477806,0.565713285254,0.266683209526,0.58811825607
36,0.326413203192,0.54511335836,0.267731018432,0.586741204839
37,0.325614813194,0.545073978603,0.268306264764,0.585902540013
38,0.321165032542,0.550573008565,0.26808372779,0.586414329242
39,0.329945432498,0.53597202324,0.268674270403,0.585048947949
40,0.31103540705,0.56976010765,0.269119327576,0.583800341468
41,0.314386789107,0.558633912641,0.269485114874,0.583499335218
42,0.326547533683,0.53784068158,0.26990476507,0.582400766201
43,0.317836166513,0.551843943504,0.270421316334,0.581343362574
44,0.339023561432,0.525277401392,0.270910455765,0.579940679483
45,0.322966732237,0.543454533586,0.27094079582,0.580295116175
46,0.324807633366,0.544760285089,0.271295004054,0.580062673893
47,0.32596637237,0.542392948499,0.272201990645,0.577400434297
48,0.332675001598,0.528367629991,0.27259527184,0.576832732651
49,0.33497971361,0.525777566318,0.272068033783,0.579133497551
50,0.323672482507,0.543969443211,0.272356718413,0.578620886896
51,0.330575374988,0.536348703389,0.272612526726,0.577910621651
52,0.331747953249,0.535863319269,0.273454911739,0.57621581573
53,0.331494276158,0.530491250639,0.27441730541,0.574295126367
54,0.325554779908,0.539520639067,0.275068723247,0.573038208298
55,0.343096974244,0.515936426245,0.275922027838,0.570599980187
56,0.312345326145,0.55858084846,0.275555222811,0.571667786688
57,0.334275989578,0.528850423602,0.275521641452,0.57203531405
58,0.317338326447,0.554348575954,0.275904748154,0.570944554172
59,0.336647381445,0.524812256488,0.275963497931,0.571461904794
60,0.327717329471,0.534708961271,0.276008481847,0.571770187467
61,0.331513061217,0.532488334637,0.277030024143,0.569410344586
62,0.338697689322,0.520646635156,0.276959352845,0.569266259205
63,0.324646281456,0.544550154645,0.277541659648,0.567997419741
64,0.339925595057,0.518486485458,0.277749316776,0.567603043746
65,0.340108930731,0.519320032918,0.277376557165,0.568649809342
66,0.345458685277,0.508695117556,0.277465045041,0.568584413733
67,0.342516466207,0.513074163061,0.277871146333,0.568235019688
68,0.338791217809,0.518797994806,0.279487501561,0.56469792733
69,0.334683780655,0.524315250608,0.279155676432,0.56543613784
70,0.329372121296,0.531732982168,0.279831782977,0.56428323593
71,0.324745788979,0.539039709247,0.279208102352,0.565330630634
72,0.32763069827,0.536574670902,0.280132389613,0.563653878402
73,0.337604891652,0.521882029107,0.280182792406,0.563756488264
74,0.336302901614,0.52272182703,0.27997852352,0.564765861258
75,0.340866162639,0.51514958361,0.280785601843,0.562607628759
76,0.349351170572,0.503296428002,0.280730466528,0.562813937198
77,0.325627891425,0.539612352848,0.281198408058,0.562473605853
78,0.328091513955,0.535871659334,0.281060830933,0.56205479661
79,0.337060532372,0.519296898865,0.281056636195,0.562124290504
80,0.335419630193,0.521899554592,0.281166671771,0.562602196354
81,0.347709023953,0.50698813051,0.282029404709,0.560664509889
82,0.331873175119,0.527587009164,0.28239736554,0.559604647569
83,0.345119177066,0.508067861199,0.282947554404,0.558451388497
84,0.337167661988,0.520519683567,0.283225753871,0.557931363117
85,0.342707000728,0.511708450432,0.283685333556,0.55705935834
86,0.353854089795,0.497086178798,0.28263152629,0.558947387617
87,0.34850766566,0.505609112863,0.283528455876,0.556783169508
88,0.326482992196,0.533748956254,0.282609790131,0.559045416769
89,0.347516505658,0.506258049837,0.283142200923,0.558058713563
90,0.351076923239,0.499147842137,0.282801653012,0.558676753659
91,0.333810574379,0.522266696279,0.283024850946,0.559010695666
92,0.34563317837,0.507744480211,0.283495399095,0.558407390956
93,0.35153823174,0.499527687064,0.284126527249,0.556396201253
94,0.340088946331,0.511823497139,0.28367690272,0.557197441347
95,0.336305595719,0.518893563404,0.283946888697,0.556548920926
96,0.352245513708,0.495484846716,0.285018867367,0.55414227955
97,0.335110671162,0.520785237161,0.285023833589,0.554237171542
98,0.348846985735,0.497793504825,0.284888971166,0.554762125481
99,0.351755320033,0.495355223807,0.284837201901,0.555142928381
100,0.338995307622,0.51622096793,0.284210031398,0.55571613973
101,0.339225971857,0.517137500529,0.285065799119,0.554480927065
102,0.347308756587,0.503223123459,0.2848453935,0.555055956356
103,0.340895185304,0.512260263929,0.284529189387,0.555279725231
104,0.343946468598,0.50884213929,0.284814503332,0.554801773746
105,0.357336534713,0.489991040757,0.284804607662,0.55510207545
106,0.344412890384,0.50694721536,0.285710550876,0.553565626033
107,0.347045494029,0.502708724485,0.286390974709,0.552256280091
108,0.344590261413,0.506654210389,0.286345052001,0.552574487869
109,0.34015573742,0.512832803795,0.286832544748,0.551620939281
110,0.355079029687,0.491639223236,0.286982066939,0.551226474345
111,0.331446334933,0.526476633663,0.28752083669,0.550457582343
112,0.346648402172,0.504543273495,0.287178104042,0.550521933474
113,0.339868505383,0.513298372237,0.286334142219,0.552479055244
114,0.352183030784,0.499086817297,0.285997037772,0.553058440797
115,0.34730921983,0.501915598718,0.284590183367,0.55577295972
116,0.357083989507,0.487812956365,0.286442077526,0.552025165409
117,0.338990831926,0.514616451584,0.287068278785,0.550907139666
118,0.337391084528,0.518647565865,0.287393105102,0.550390541553
119,0.348218068946,0.498151250757,0.288236560881,0.548692010343
120,0.339701103171,0.510222544464,0.287981510981,0.549008282833
121,0.328611319029,0.527544880716,0.288424252576,0.548253115267
122,0.335791804847,0.517055228926,0.288186539065,0.548293811735
123,0.331566334507,0.521402252408,0.288175657461,0.54779064795
124,0.351070008014,0.499008245193,0.288032459607,0.548114038073
125,0.34388928822,0.505092486739,0.288490086831,0.547859535087
126,0.334083340464,0.519674180219,0.287953597574,0.548099813983
127,0.336950796817,0.515505233636,0.28858161241,0.547255008016
128,0.357603464742,0.486637955675,0.288571159655,0.547583245207
129,0.364869849815,0.475887827002,0.28894242714,0.547263348009
130,0.341218852156,0.514865456292,0.288830315993,0.547805594746
131,0.367053724348,0.473297205109,0.2896763873,0.545950617176
132,0.336551154799,0.514295835908,0.289618327075,0.545666975901
133,0.351400561846,0.493872134158,0.288856361103,0.547625144012
134,0.335684187184,0.516691360336,0.289776899089,0.545214825775
135,0.343297258492,0.504912931186,0.2902455432,0.544376853853
136,0.357577427836,0.484508246183,0.290083158741,0.544174619485
137,0.370478920352,0.466927203421,0.290129053597,0.544434842654
138,0.355993161909,0.48802972413,0.290807669823,0.543692058418
139,0.362812477451,0.475953263159,0.290072121145,0.545057674404
140,0.365458356016,0.475643952879,0.290400565118,0.543961116578
141,0.348611843391,0.498776716109,0.290213291033,0.544783480931
142,0.344685345783,0.50054909862,0.289735383755,0.546037901193
143,0.359868780398,0.484272118944,0.290236642352,0.545207096729
144,0.358342309587,0.483884802231,0.291113191436,0.543091465719
145,0.341548854549,0.507452259843,0.290758296544,0.543776955456
146,0.356248641073,0.487912441675,0.290422261511,0.544080530759
147,0.361765032258,0.479672925403,0.290565543081,0.544268275145
148,0.362342129963,0.47877427821,0.290249936287,0.544452410191
149,0.340456896083,0.508077449523,0.290150884295,0.544655991253
150,0.34857951374,0.497274629772,0.2902406681,0.543776665814
151,0.344756302591,0.501011980841,0.290586213391,0.543457663618
152,0.366889589529,0.469625216264,0.290339059361,0.544115791097
153,0.343849177629,0.502969437494,0.29000077443,0.545023770537
154,0.343698886216,0.505040278802,0.290708977164,0.544503543992
155,0.335761018732,0.514398371371,0.289970048323,0.544668811373
156,0.347173944853,0.500885559389,0.291628298757,0.541334272362
157,0.362836805133,0.475489854813,0.291091349702,0.541751234327
158,0.345497308487,0.498562164605,0.291598517605,0.5411656918
159,0.361462261576,0.477662732968,0.291466944757,0.541479044594
160,0.360633429731,0.478760384596,0.291705069407,0.540585776325
161,0.349484292854,0.495193780042,0.292308716543,0.539845596068
162,0.35201857269,0.491619418447,0.292958900027,0.538478238508
163,0.360724697648,0.478241300927,0.292943408835,0.538549805991
164,0.357370911622,0.483753973475,0.292597979216,0.539068736136
165,0.360917210151,0.475677213417,0.292788010491,0.538335133344
166,0.34750218265,0.496412892181,0.292936178039,0.538452707231
167,0.346236462787,0.496700784335,0.292919523966,0.53834933741
168,0.360490089748,0.477041804447,0.292800649313,0.538291102275
169,0.349730831171,0.494006173542,0.292940425244,0.538440133445
170,0.34079802001,0.503234552649,0.293091187422,0.538276046049
171,0.363662948467,0.473655128708,0.293147282141,0.538037665654
172,0.362622873714,0.473169684983,0.292933176496,0.53842663765
173,0.361970006373,0.477997117891,0.293259008335,0.537790760864
174,0.361672175188,0.475183269152,0.293323650391,0.537545802537
175,0.368329871681,0.467652239479,0.293286162951,0.5378381107
176,0.362824658345,0.475994793841,0.293214194559,0.537894926034
177,0.34859638619,0.492371494953,0.293698216555,0.536699016113
178,0.337014016765,0.510378218041,0.293421641534,0.537228016183
179,0.360273774463,0.476629162064,0.293257373642,0.537299911957
180,0.353469314866,0.488107229655,0.293320168665,0.537155616563
181,0.34965621164,0.493601365731,0.293225213907,0.537649067584
182,0.367343956203,0.467264824762,0.293238397494,0.537852776237
183,0.358213988597,0.481559301798,0.293200484878,0.538041736465
184,0.351352791149,0.489662984816,0.293215217713,0.537986746989
185,0.359791614709,0.479775123298,0.293014860791,0.538460153621
186,0.347626727004,0.495243491462,0.29309560621,0.538283008616
187,0.349909564084,0.492442971812,0.293169383977,0.538138001226
188,0.353686697038,0.485326474103,0.29343956548,0.53767217882
