epoch,jaccard,loss,val_jaccard,val_loss
0,0.0344857658224,0.729214841357,0.0266111148085,0.681922313757
1,0.0329356032531,0.660966798663,0.029655591381,0.658092291094
2,0.0325476043822,0.634416420872,0.0259982428252,0.623229712248
3,0.0324072620581,0.612057910516,0.0259464982955,0.601481962949
4,0.0328443821323,0.591574007502,0.0258999707585,0.580814320594
5,0.0321446099999,0.571868520517,0.0258456242009,0.561263371259
6,0.0321441904033,0.552939558258,0.0257911480585,0.542296048254
7,0.0319812377073,0.534997427693,0.0257394813234,0.524595128372
8,0.0319404460875,0.517843730175,0.0256857311178,0.507476612926
9,0.0318546184571,0.501586029163,0.0256307347154,0.491024048999
10,0.0317675574289,0.485825097332,0.0255725588795,0.47552587511
11,0.031684486285,0.470873322051,0.0255119051872,0.460423214827
12,0.0315142267097,0.45656025467,0.0254511556705,0.446111641824
13,0.0314644839113,0.442978469798,0.0253887935542,0.432435899973
14,0.0314690150195,0.429912304076,0.025325584269,0.419373117387
15,0.0310467472031,0.417481147326,0.0252811531682,0.409045780078
16,0.0312002678939,0.405665519719,0.0251946206699,0.394987402949
17,0.0310508763561,0.394462698354,0.0251266355335,0.383575248532
18,0.0310189919904,0.383573875404,0.0250574514357,0.372688462958
19,0.0308371435564,0.373246740836,0.0249874568399,0.36226768326
20,0.0308297279721,0.363225299578,0.0247491440969,0.361899393611
21,0.030670640867,0.353859794254,0.0248447309423,0.343785318546
22,0.0305975099954,0.344838262751,0.0247685138602,0.333694792818
23,0.0305244810163,0.33623609176,0.0246922948718,0.325079035014
24,0.0303418683336,0.328002881545,0.0246161905234,0.31674708426
25,0.030153613448,0.320116887299,0.0245382600697,0.308667495847
26,0.0301467293891,0.312475085832,0.0244785572577,0.301257361192
27,0.0299227511098,0.305389374495,0.0242594698066,0.303525074385
28,0.0299080159211,0.298491950792,0.0242892583046,0.286799441557
29,0.029885593551,0.292070419743,0.0242150155391,0.280158712994
30,0.0297115504598,0.285738959908,0.0241311836726,0.273760240991
31,0.029359632409,0.279665713987,0.0240459755878,0.267607643735
32,0.0291722680693,0.273888120571,0.0239642260567,0.261757320492
33,0.0292249961774,0.268355721465,0.0238922079589,0.256010918645
34,0.0290105350745,0.263138337204,0.0237837923341,0.2507497021
35,0.0290001162973,0.258115395904,0.0236981822818,0.245582503499
36,0.0288937779752,0.253506238357,0.0236063886114,0.240670223488
37,0.0286107365526,0.248862461115,0.0235149753426,0.235910089687
38,0.0286680524273,0.244483546855,0.0234225892491,0.231372187147
39,0.0284916412426,0.240163956697,0.0233295171347,0.226983217988
40,0.0284432268773,0.236076833537,0.0232317440968,0.223026564112
41,0.0282495151937,0.232228376258,0.0231112846377,0.221768857446
42,0.027908943092,0.228479183637,0.0230461892497,0.214976293035
43,0.0277944225639,0.224918343413,0.0229452376807,0.211815970484
44,0.0278930372666,0.221516687996,0.022852511087,0.207722891588
45,0.0275732282854,0.218227235171,0.0227545460948,0.204315525247
46,0.027553944741,0.215105661119,0.0226563694596,0.201058662264
47,0.0271330831187,0.212111234092,0.0225565522414,0.197908730479
48,0.027070607005,0.209283473113,0.0224579022033,0.194939657813
49,0.0269384388275,0.206497384952,0.022357404363,0.192050268408
50,0.0268504829862,0.203868309752,0.0222555285873,0.189252164681
51,0.0266564901238,0.201298450908,0.0221548040572,0.186608477961
52,0.0266130634118,0.198890596628,0.0220515265537,0.184027417563
53,0.0265503669462,0.196558924535,0.0219497938378,0.18158749002
54,0.0264593817947,0.194323983043,0.0218470232503,0.179234805051
55,0.0259119892457,0.192169498079,0.0217433759099,0.17697288841
56,0.0261067780666,0.190174658138,0.0216375231103,0.174746776
57,0.0257993923979,0.188181936311,0.021534934247,0.172689540545
58,0.0255771654282,0.186288872017,0.0214303865068,0.170677290997
59,0.0255259579012,0.184479036583,0.0213253787806,0.168745887699
60,0.0255410457388,0.182767893832,0.0212185563869,0.16685895226
61,0.0251223821229,0.181114666307,0.0211143314809,0.16509499657
62,0.0251125995912,0.17952919952,0.0210084053251,0.163376608398
63,0.0249460952607,0.178012664358,0.0209040109185,0.161751460284
64,0.0248519944188,0.176562956893,0.0207958624815,0.160135376034
65,0.0244134651461,0.175148743133,0.0206923906371,0.1586484937
66,0.0244848575945,0.173827982293,0.0205871539511,0.157196924323
67,0.024377074612,0.172558891659,0.020480430263,0.155784442788
68,0.0243700338313,0.171339897869,0.0203741638543,0.154431352275
69,0.0241365059673,0.170173413478,0.0202673244639,0.153123806464
70,0.0238989387155,0.169049856611,0.0201629917574,0.151897986536
71,0.0237385907139,0.167976501469,0.0200570457819,0.150707321125
72,0.0235891463772,0.166947046438,0.019951153794,0.149545297609
73,0.0232882588708,0.165964401255,0.0198477469094,0.148460764321
74,0.0233655025681,0.16504326649,0.0197475313471,0.147398995934
75,0.0232748519987,0.16414201976,0.0197014008154,0.147019667551
76,0.0229537350466,0.163286661729,0.0195324243541,0.145396186272
77,0.0227002168271,0.162471043089,0.0194300950243,0.144474449451
78,0.022651193059,0.161693849099,0.0194781878672,0.150050319382
79,0.0227215042911,0.16093885784,0.0193907921785,0.14924836799
80,0.0223122695998,0.160232028709,0.0192879102251,0.148413820541
81,0.022543840961,0.159554902321,0.019188939943,0.146537104854
82,0.0223603237761,0.158910045973,0.0189335076866,0.141165397596
83,0.0222435044841,0.158285799365,0.0188239605486,0.13966596208
84,0.022065191261,0.157702132486,0.0187217837374,0.138950926368
85,0.0215962486198,0.157141145319,0.0186176144343,0.138229930308
86,0.0215123138176,0.15660799352,0.0185201204295,0.137594863074
87,0.0215318731319,0.156099979981,0.0184247054422,0.13699426793
88,0.021240146177,0.15562618925,0.0183235225559,0.136378561612
89,0.0211602894213,0.155163070617,0.0182286148338,0.13582130766
90,0.0210832906797,0.154728815962,0.0181318081013,0.135272804648
91,0.0209374330723,0.154309122322,0.0180373143812,0.134755405015
92,0.0209903987125,0.153920705788,0.0179407499236,0.13424421323
93,0.0205390855195,0.153550468815,0.0178474147688,0.133767057676
94,0.020574872579,0.153188788977,0.0177580350428,0.133324839524
95,0.0205821530679,0.152855193386,0.0176705761405,0.132905905484
96,0.0203210428366,0.152537484868,0.0175812147645,0.132491512806
97,0.0203791780961,0.152239065761,0.0174889323534,0.132078117109
98,0.0199573963003,0.151953604789,0.0174054063682,0.131715930649
99,0.0200685864379,0.151687425705,0.0173169688642,0.131345159374
100,0.0198672467287,0.151433672899,0.0172327152686,0.13100273232
101,0.0196358334775,0.151196036058,0.0171888564801,0.131422114675
102,0.0197240323491,0.150973245215,0.0170823862572,0.130614383146
103,0.0197890235756,0.150757888045,0.0169973062293,0.130465823459
104,0.0195547135171,0.150556446841,0.0169328032498,0.130417946028
105,0.0193084285398,0.150373137914,0.0168208626274,0.12948072108
106,0.0194228555864,0.150189567644,0.0167483473779,0.129384089378
107,0.0191624215983,0.150026018516,0.0166739559791,0.128995330539
108,0.0190138235384,0.149876159401,0.0165926213231,0.128738872008
109,0.0190408463196,0.149723617503,0.0165307136922,0.128548945184
110,0.018838285164,0.149593275327,0.0164511332841,0.128312483896
111,0.0188827421158,0.149464454215,0.0163813968247,0.128111326601
112,0.0187715597254,0.149344778405,0.0163128546847,0.127919921069
113,0.0186036031228,0.149235855788,0.0162485417241,0.127744974103
114,0.0186837376498,0.149130366599,0.0161855568294,0.12757852464
115,0.0184006283525,0.149037044782,0.0161153739318,0.127398454119
116,0.0186267258205,0.148947103451,0.0160568649881,0.12725268933
117,0.018235133934,0.148863546694,0.0159957237775,0.127104336396
118,0.0182126745976,0.148792461564,0.0159365555737,0.126964814961
119,0.0183212960569,0.148716720967,0.0158784227096,0.126831552247
120,0.018025749954,0.148650241586,0.0158225303167,0.126706529525
121,0.0179990941766,0.148590257678,0.0157688895852,0.126589971595
122,0.0177958856713,0.148535896379,0.0157116382179,0.126468553673
123,0.0176957599066,0.148485935365,0.0156559607276,0.126354026259
124,0.0177017620389,0.148439473114,0.0156065308111,0.126254908508
125,0.0177006397772,0.148398153627,0.0155575262179,0.126158969826
126,0.0174873817909,0.148357002924,0.0155187417695,0.126084994758
127,0.0175180276766,0.148320696603,0.015472181607,0.125998041593
128,0.0176108354129,0.148286280007,0.0154267717735,0.125915117213
129,0.0173329934746,0.14826237439,0.0153831159405,0.125837334781
130,0.0174944824002,0.14822849925,0.0153448062047,0.12577073439
131,0.0174226067118,0.148207173611,0.0153090281092,0.125709481887
132,0.0172761674442,0.148181560664,0.0152727594104,0.125648826361
133,0.0172985557538,0.148164009317,0.0152225497004,0.125567067647
134,0.0175393782735,0.148144419233,0.0152029679448,0.125535647618
135,0.0173021676287,0.148126996194,0.0151659912808,0.125477468711
136,0.0168831908466,0.148116267788,0.0151354104746,0.125430186628
137,0.0172265061992,0.14810104095,0.0151057620678,0.125385353807
138,0.0170783778527,0.148089003892,0.0150668995193,0.125327728107
139,0.0168318545374,0.148081323275,0.0150447326014,0.125295423088
140,0.0168825889167,0.148070309741,0.0150245420955,0.125266389688
141,0.0170021659623,0.148061013422,0.0149890383764,0.125216299202
142,0.0169022944577,0.148055655452,0.0149729076948,0.125193835585
143,0.0171041109134,0.14804720678,0.0149484328285,0.125160369556
144,0.01690292816,0.148042397144,0.0149205992493,0.125122779282
145,0.0170292716491,0.148037199504,0.0149097363319,0.125108346343
146,0.0167725008035,0.14803247383,0.0148955436889,0.125089401728
147,0.0166246904589,0.148030743504,0.0148880083143,0.12507957709
148,0.017079470124,0.14802851356,0.0148774304689,0.12506587652
149,0.0167381893664,0.148026207175,0.0148695687822,0.125055546989
150,0.016873710744,0.148024840137,0.0148624828289,0.125046623405
151,0.0168920168832,0.148023130659,0.0148546805285,0.125036538346
152,0.0168698893439,0.148021375187,0.0148478691553,0.125027695554
153,0.0165177868733,0.148023710013,0.0148359018203,0.125012770412
154,0.0166324843236,0.148020032722,0.0148227831232,0.124996158876
155,0.0165938987092,0.148016829044,0.0148218535905,0.124995050137
156,0.016657131939,0.148017846478,0.01481249067,0.124983316055
157,0.0168689493932,0.148015344945,0.0148049314885,0.124973954284
158,0.0166782921935,0.148014866174,0.0148009240802,0.124969078111
159,0.0165643114597,0.148013769864,0.0147958496673,0.124962731148
160,0.016686928154,0.148015708591,0.0147850450739,0.124949620804
161,0.0169048799703,0.148015285126,0.0147848566121,0.124949352816
162,0.0164710233669,0.148011858647,0.0147761788685,0.124938656925
163,0.0163350795181,0.148011813227,0.0147697235952,0.124930984108
164,0.0166147223029,0.148013072017,0.0147667984274,0.124927563942
165,0.0165523887755,0.148009818979,0.0147509745148,0.124908397207
166,0.016567233341,0.148007988213,0.0147484094632,0.124905418023
167,0.0167638480556,0.148010951825,0.0147391413338,0.124894283828
168,0.0165847323907,0.148007970733,0.0147395534004,0.124894947396
169,0.0163034248399,0.148006909455,0.0147399811831,0.124895455898
170,0.0168285108297,0.148007413731,0.0147313716589,0.124885213329
171,0.016550252532,0.148006579695,0.0147365429584,0.124891280895
172,0.0168569538599,0.148006155227,0.0147293692717,0.124882923439
173,0.0167519638691,0.148005735057,0.0147260876693,0.12487904157
174,0.0166843749869,0.148005568709,0.0147265096457,0.124879638781
175,0.0165274780817,0.148006217697,0.0147184792731,0.124870250816
