epoch,jaccard,loss,val_jaccard,val_loss
0,0.0976121444255,1.58977863193,0.130869865417,2.13585591316
1,0.0981160588562,1.20579501987,0.13326151669,1.53565073013
2,0.0962568912655,1.05180904269,0.131666168571,1.29417526722
3,0.0956307779998,0.936330795288,0.128319218755,1.11411821842
4,0.0947634465992,0.841763079166,0.12317185849,0.960120916367
5,0.0939219556749,0.766959160566,0.121094167233,0.881108522415
6,0.0928801614791,0.709615811706,0.120131291449,0.83210259676
7,0.0930351074785,0.665461108088,0.119194954634,0.796423435211
8,0.0920736454427,0.630489885807,0.118310719728,0.767384171486
9,0.0919711235911,0.601861953735,0.117547869682,0.741625607014
10,0.0911907982081,0.578231602907,0.116965658963,0.716905236244
11,0.0919179935008,0.55778722465,0.116807445884,0.693729400635
12,0.092237746343,0.541642487049,0.116962641478,0.662212610245
13,0.0909454934299,0.527938574553,0.116232655942,0.645505845547
14,0.0911639537662,0.516350060701,0.115792788565,0.633921146393
15,0.0914061702788,0.505508750677,0.115203425288,0.620518386364
16,0.0934802722186,0.4935060516,0.115052364767,0.61195152998
17,0.0957684591413,0.481828771532,0.114217355847,0.596595585346
18,0.0993291065097,0.470081493258,0.113677546382,0.585593879223
19,0.104610135779,0.459383480251,0.112975217402,0.574105381966
20,0.107953216881,0.450561836362,0.111657947302,0.561718225479
21,0.108339538798,0.445254541934,0.110368900001,0.55182236433
22,0.111483994871,0.43785354495,0.109842509031,0.546324849129
23,0.111610140651,0.435481280088,0.109808847308,0.542676091194
24,0.111572876573,0.430723786354,0.110451884568,0.543580234051
25,0.114100666717,0.42254602164,0.109141692519,0.532692432404
26,0.115392902866,0.418026290834,0.108697451651,0.527427911758
27,0.11311674118,0.414065517485,0.107774272561,0.519932031631
28,0.11498731561,0.409851022065,0.108474828303,0.52203309536
29,0.113699473441,0.405059240758,0.107861958444,0.519330739975
30,0.119386509061,0.400990769267,0.107061602175,0.515440881252
31,0.116173448041,0.402450844646,0.105092741549,0.50271242857
32,0.115581298247,0.392668247223,0.106250837445,0.50463616848
33,0.123851390556,0.389312960207,0.106498457491,0.503733158112
34,0.117369025946,0.385690875351,0.105197399855,0.495908766985
35,0.12165395543,0.379723004997,0.105324946344,0.496599197388
36,0.129664603621,0.374643325806,0.10554472357,0.495396018028
37,0.126183841377,0.370191693306,0.104326836765,0.487009853125
38,0.133561627939,0.365483991802,0.103080354631,0.479336589575
39,0.127851815894,0.362129107118,0.101738020778,0.471842497587
40,0.12314350903,0.364837750793,0.101856142282,0.471673369408
41,0.130652686581,0.362925089896,0.0998024642467,0.464703738689
42,0.121651856229,0.362001508474,0.100636087358,0.466651260853
43,0.136790949851,0.356136262417,0.0976311936975,0.458566606045
44,0.13174312748,0.352657534182,0.09561021626,0.451831042767
45,0.136713497341,0.349097587168,0.0963342860341,0.451114863157
46,0.137091411278,0.346392303705,0.0959338322282,0.448437124491
47,0.131497588009,0.346972957253,0.0960541442037,0.448446840048
48,0.136271538213,0.344562403858,0.0963243544102,0.448003143072
49,0.132356496528,0.340456306934,0.0978558510542,0.450682640076
50,0.144764471799,0.338579654694,0.0954763293266,0.443920195103
51,0.13488458097,0.336963772774,0.0950037166476,0.44273224473
52,0.132748521864,0.339334227145,0.0943794101477,0.439782112837
53,0.14110609144,0.335726119578,0.0925768613815,0.436539113522
54,0.141373809427,0.331837184727,0.0882048308849,0.42883130908
55,0.141344115138,0.330566935241,0.0886325165629,0.428881645203
56,0.139719638973,0.327537328005,0.0906409472227,0.430572986603
57,0.145876120776,0.326902933419,0.0873626023531,0.427035927773
58,0.136375434697,0.326709359884,0.084010116756,0.425313472748
59,0.14618595317,0.322921648622,0.0840848460793,0.424314647913
60,0.142272599041,0.324270963669,0.0818579420447,0.423029482365
61,0.141842752695,0.324843138456,0.0841586887836,0.424133181572
62,0.139108456671,0.324797570705,0.0839518681169,0.423555731773
63,0.144749116153,0.320159010589,0.082936540246,0.421526759863
64,0.139074660838,0.322409547865,0.085750259459,0.422749131918
65,0.145876087248,0.322740249336,0.0794390663505,0.422640442848
66,0.133299024776,0.325510442257,0.0617838688195,0.436731010675
67,0.137144543231,0.329323709011,0.0589206926525,0.445435285568
68,0.139441709965,0.334521964192,0.0579806789756,0.450187951326
69,0.125514611602,0.339037120342,0.0571499317884,0.45265635848
70,0.141341306269,0.333297565579,0.0562066584826,0.45405548811
71,0.141194233671,0.331932082772,0.0556185692549,0.454717576504
72,0.136466961354,0.327261760831,0.0543671324849,0.456207752228
73,0.145306296647,0.324620783329,0.0631665736437,0.441640198231
74,0.142297063023,0.325336292386,0.0529068522155,0.458092033863
75,0.146654769778,0.321880765259,0.0515418089926,0.461533516645
76,0.153467938304,0.320779077709,0.0505999960005,0.463262468576
77,0.146399963647,0.319691739976,0.0497905313969,0.464615643024
78,0.154223717749,0.318588040769,0.0592889301479,0.44474157691
79,0.150378495455,0.316377155483,0.056465420872,0.447636514902
80,0.152220666409,0.314166732132,0.0631622299552,0.435580164194
81,0.154832545668,0.311029389501,0.0567355044186,0.443980157375
82,0.150258108974,0.308642201126,0.0621646381915,0.433784037828
83,0.156973239034,0.306800320745,0.0642341151834,0.429718881845
84,0.155488263816,0.308441869915,0.0648911446333,0.428317576647
85,0.144083518535,0.311349868774,0.0545070283115,0.447094529867
86,0.146553616971,0.316731646657,0.0655824169517,0.432008296251
87,0.148391865194,0.316083729267,0.0663444250822,0.431645691395
88,0.143340408802,0.311202056706,0.064917512238,0.431534290314
89,0.159233681858,0.309074774384,0.0691274181008,0.425798743963
90,0.145577952266,0.309378825128,0.0711632221937,0.423236042261
91,0.151083752513,0.306481271982,0.0691624730825,0.423296153545
92,0.141383666545,0.310250803828,0.0737434476614,0.418889969587
93,0.157768893987,0.307175509632,0.0797448903322,0.414352834225
94,0.146914996207,0.308520913124,0.0668578222394,0.425596654415
95,0.150174021721,0.306568466127,0.0614204965532,0.433497101068
96,0.150709692389,0.30808596313,0.0689981356263,0.423303633928
97,0.147862777114,0.305036358535,0.06797208637,0.423452883959
98,0.15886168927,0.301283560693,0.0700854882598,0.419043064117
99,0.152367778122,0.300439171493,0.0624018646777,0.427895635366
100,0.159385502338,0.298824131489,0.0626159533858,0.42706912756
101,0.161452624947,0.299008272588,0.066918246448,0.420821249485
102,0.151585873216,0.297282144427,0.0585314780474,0.433797240257
103,0.165659435093,0.292586199939,0.0644988641143,0.423574447632
104,0.161097306758,0.295399338007,0.0713946446776,0.414677679539
105,0.153526838869,0.297231301665,0.0686134472489,0.418592989445
106,0.16710517928,0.294899024069,0.0656477361917,0.422970861197
107,0.157535936683,0.295008510351,0.0676605254412,0.420259267092
108,0.167223669589,0.294352099299,0.0716243609786,0.415434658527
109,0.15560907498,0.297350123525,0.0672392249107,0.420743077993
110,0.160258445889,0.29453703016,0.0705946683884,0.417530983686
111,0.163112424314,0.294892646372,0.0715735703707,0.416247665882
112,0.164402704686,0.295034192502,0.0729404911399,0.415280908346
113,0.152888081968,0.297806985676,0.0710805431008,0.41589730978
114,0.164016246796,0.296999536455,0.0635912641883,0.425608813763
115,0.157151225954,0.300197415054,0.0520477108657,0.448939412832
116,0.149187423289,0.300284028053,0.0705241039395,0.419154107571
117,0.15537853539,0.301559127867,0.0779304727912,0.413373857737
118,0.159376118332,0.299215994775,0.0569422729313,0.442742198706
119,0.156004153192,0.298496611416,0.0730837509036,0.418815344572
120,0.161246098578,0.297578670084,0.0639008581638,0.43027228117
121,0.165497422218,0.298861734569,0.0784976780415,0.413358092308
122,0.154053203762,0.295338951051,0.0657551884651,0.424938112497
123,0.168905965984,0.295960456133,0.0675287023187,0.420881092548
124,0.15850346908,0.29360704869,0.0636930465698,0.426273703575
125,0.161173850298,0.2923380211,0.0634483024478,0.426714032888
126,0.166693873703,0.291860058904,0.0661205127835,0.420739322901
127,0.158757317811,0.291042543948,0.0716786906123,0.410465925932
128,0.159996125847,0.289177618921,0.0677935630083,0.414938151836
129,0.169528387487,0.28709512949,0.0700132325292,0.411583811045
130,0.167392428964,0.287530191243,0.0729222372174,0.408732533455
131,0.163861189038,0.28440425545,0.0618389956653,0.425174355507
132,0.17172293365,0.28494201228,0.0600884445012,0.42792981863
133,0.169256988913,0.284107811749,0.0646027848125,0.420018732548
134,0.159348379821,0.290585685521,0.085453607142,0.396546930075
135,0.155504170805,0.287932783365,0.0647107735276,0.419860750437
136,0.177059266716,0.286200605333,0.0613363794982,0.429017037153
137,0.155404359102,0.288885712624,0.0580146685243,0.433762520552
138,0.15926155448,0.291064545512,0.061905182898,0.424690842628
139,0.164469271898,0.291170738637,0.0498842000961,0.451052695513
140,0.159683585167,0.288766011596,0.0673010200262,0.421902269125
141,0.1639582403,0.293338052928,0.076845690608,0.406816989183
142,0.163191862404,0.288322627544,0.0694421976805,0.414358615875
143,0.171477448195,0.283240266144,0.0642101168633,0.423195898533
144,0.166403841227,0.284725375473,0.0701196044683,0.413536012173
145,0.17861886695,0.281007692218,0.0582502558827,0.432076752186
146,0.152602016926,0.289692908525,0.0756931006908,0.405296802521
147,0.170962870121,0.284479558468,0.0748239383101,0.408599972725
148,0.165935441852,0.28595970571,0.0742442086339,0.409866094589
149,0.161923885345,0.283985704184,0.0687596052885,0.418324053288
150,0.175809424371,0.284298188984,0.066454321146,0.421055287123
151,0.162467755377,0.286017023027,0.0589429289103,0.436830997467
152,0.168895270675,0.285638172179,0.0612143203616,0.431870520115
153,0.161302052438,0.283649198711,0.0452597625554,0.466179817915
154,0.179484002292,0.281478963792,0.0548555143178,0.449424624443
155,0.168789766729,0.281296595931,0.0548674054444,0.444881170988
156,0.173429973423,0.279958069324,0.0532080158591,0.447023332119
157,0.179920241237,0.279781810939,0.053527045995,0.44683393836
158,0.167927984148,0.281827263534,0.0457143001258,0.4704836905
159,0.175833534449,0.281166821718,0.0433745905757,0.478882163763
160,0.171844482422,0.282018858939,0.0628840103745,0.427382349968
161,0.170645873994,0.280242152512,0.0555647425354,0.44020986557
162,0.179506044835,0.280897572637,0.0551691390574,0.441304534674
163,0.171692017466,0.279738277197,0.0653008148074,0.426175862551
164,0.177429635078,0.277796462178,0.0513765104115,0.45084220171
165,0.177548926324,0.277545362711,0.0665706917644,0.421813905239
166,0.166109196842,0.281639881432,0.0557558573782,0.440683543682
167,0.181952234358,0.277968630195,0.0706894695759,0.418239474297
168,0.16800160706,0.279256246984,0.0495252087712,0.457787781954
169,0.180563896894,0.280228052288,0.06067539379,0.443491369486
170,0.161902017891,0.286370843649,0.0398059412837,0.497215181589
171,0.169575221837,0.287479408085,0.10296753794,0.390946447849
172,0.165029242635,0.288630284369,0.0800692215562,0.458162367344
173,0.159090872854,0.291368301958,0.132104128599,0.367924064398
174,0.171448722482,0.290641538799,0.0640545189381,0.511968255043
175,0.145140405744,0.298100158572,0.110442444682,0.405530929565
176,0.146563578397,0.297466002405,0.141490101814,0.386636972427
177,0.147660003975,0.32358931005,0.127781406045,0.411770313978
178,0.124104397371,0.330078266561,0.0862683579326,0.621725440025
179,0.125190369785,0.338394001126,0.015458682552,0.644494175911
180,0.126118648797,0.33866481483,0.0218142867088,0.704444587231
181,0.1415733248,0.332115769386,0.0151449777186,0.655004918575
182,0.125065954402,0.33329603076,0.0155900185928,0.640209138393
183,0.149748727679,0.327477157116,0.127695217729,0.654703021049
184,0.13561860472,0.323209121823,0.0615601651371,0.660493612289
185,0.149639450014,0.318385824561,0.0799000039697,0.646586060524
186,0.151663620025,0.31201647222,0.0793733522296,0.769403636456
187,0.153187289834,0.307913422585,0.0759750530124,0.77224034071
188,0.153939560056,0.304524816573,0.0934451967478,0.811972260475
189,0.16177527979,0.303121216595,0.127001315355,0.856627821922
190,0.144369464368,0.310127794743,0.149397432804,0.674187541008
191,0.162379391491,0.30456893146,0.152946323156,0.657254934311
192,0.154646024108,0.306769549847,0.153435736895,0.577700197697
193,0.15515453741,0.302331015468,0.150588035583,0.703424334526
194,0.158277761191,0.297047287226,0.156470909715,0.555998504162
195,0.159047320485,0.295403674245,0.161973968148,0.517923235893
196,0.153779435903,0.293450243771,0.166144281626,0.429526299238
197,0.165040165186,0.290579035878,0.167525783181,0.421507269144
198,0.167965721339,0.293001905084,0.155247092247,0.42719244957
199,0.16285411641,0.293181635439,0.152660802007,0.402322351933
200,0.164433058351,0.2926261127,0.148739397526,0.385900855064
201,0.169524498284,0.291609108448,0.147175386548,0.391998678446
202,0.157023370266,0.290586084127,0.127199605107,0.391603499651
203,0.174454610795,0.288123235106,0.119868025184,0.39230287075
204,0.165067769587,0.286647252738,0.120060749352,0.399610638618
205,0.174368988723,0.286599453539,0.107424966991,0.394478827715
206,0.156547863036,0.28960390389,0.114160060883,0.400434195995
207,0.175337456167,0.285875715315,0.0903789550066,0.409447878599
208,0.165006451309,0.283580847085,0.110554456711,0.397142440081
209,0.167899228632,0.284334030002,0.105035237968,0.39656367898
210,0.168116763234,0.286343496293,0.106067538261,0.406346648932
211,0.175117429346,0.283154539764,0.090273745358,0.40330862999
212,0.159861899912,0.283928718418,0.0847096294165,0.407321751118
213,0.176334090531,0.285422418267,0.0930388048291,0.402027130127
214,0.169773276895,0.28149933368,0.0877848565578,0.410241156816
215,0.171782586724,0.280238829553,0.0891733020544,0.403143644333
216,0.171865560114,0.280553415418,0.0839742794633,0.405349344015
217,0.173115581274,0.278884269297,0.077884927392,0.41305398941
218,0.174706827849,0.279487602413,0.091026224196,0.404360353947
219,0.178277369589,0.278094112873,0.077505454421,0.412771731615
220,0.175012327731,0.275268554688,0.0832583531737,0.406746119261
221,0.173710696399,0.282255060971,0.101289168,0.390704989433
222,0.159421153367,0.28712708503,0.0574058666825,0.449080497026
223,0.170038241893,0.286458235234,0.0680017769337,0.435761958361
224,0.158297397196,0.28952550143,0.0814660713077,0.416603595018
225,0.162017010152,0.29159366712,0.0695326030254,0.456909179688
226,0.17840821296,0.287123605609,0.0634854957461,0.441389977932
227,0.144346900284,0.287342380732,0.0620450377464,0.444916456938
228,0.183241020888,0.290891353041,0.0691723227501,0.42974999547
229,0.16274805367,0.285480421036,0.0974548086524,0.404375463724
230,0.15419781208,0.294209051877,0.0930553376675,0.419024288654
231,0.161506514996,0.297825932503,0.0502311475575,0.511193871498
232,0.161394841969,0.285964198411,0.0471096411347,0.503615319729
233,0.174494840205,0.28515829891,0.0544027239084,0.496327847242
234,0.170507915318,0.286146342754,0.0691045373678,0.500333786011
235,0.171806719154,0.283668398857,0.0706116631627,0.477336883545
236,0.173376690596,0.282996848226,0.0777841731906,0.462437659502
237,0.169181466103,0.287734758109,0.0865222811699,0.444085657597
238,0.177474871278,0.285746708512,0.117795936763,0.409676462412
239,0.160495635122,0.286034710705,0.10043335706,0.4156203866
240,0.181638401002,0.282667212188,0.103958286345,0.413507372141
241,0.165050983429,0.284635867923,0.098553724587,0.402082979679
242,0.173143669963,0.281510725617,0.105964496732,0.396376132965
243,0.176059678197,0.284554880112,0.111975453794,0.382450342178
244,0.16806672141,0.276980884373,0.0717665851116,0.459631532431
245,0.179592810571,0.277122020721,0.0878433585167,0.434433937073
246,0.175570134073,0.283518888056,0.0889713689685,0.424207806587
247,0.170922745019,0.277072858065,0.075864598155,0.432651370764
248,0.177986938506,0.280313711613,0.0760491043329,0.427842825651
249,0.180113658309,0.276235565543,0.0666936561465,0.445050388575
250,0.168931085616,0.276659056544,0.0830639600754,0.428372710943
251,0.183983847499,0.274646036327,0.0856300070882,0.414173126221
252,0.181060478091,0.273312963545,0.08426207304,0.418469846249
253,0.177607540041,0.273036472499,0.0620584599674,0.447475194931
254,0.182219225913,0.272469189018,0.0866643860936,0.411782175303
255,0.186534613371,0.271466515958,0.0930877178907,0.408143997192
256,0.183844964951,0.268898516893,0.103447683156,0.401136994362
257,0.189608849585,0.268283698708,0.0913087800145,0.401932328939
258,0.182968143374,0.272386346012,0.0922145918012,0.395248383284
259,0.189976874739,0.268101133406,0.0879626199603,0.401140153408
260,0.179443437606,0.267479937524,0.0970516055822,0.399533331394
261,0.194807253778,0.269590362906,0.0889386385679,0.397480010986
262,0.177170399576,0.270347930491,0.0747487097979,0.416897684336
263,0.192069027573,0.271619599313,0.0766906142235,0.413723796606
264,0.179204337299,0.277859985828,0.0913729220629,0.396976977587
265,0.17225632444,0.280669406056,0.0619011931121,0.461850970984
266,0.15934048593,0.287978231907,0.0864633843303,0.407370507717
267,0.18003147468,0.287218593061,0.104357205331,0.397915452719
268,0.179774988443,0.286696791649,0.0449994392693,0.523808419704
269,0.161060117185,0.287963606417,0.0545653030276,0.484897345304
270,0.174115739763,0.287841245532,0.0429881773889,0.537905037403
271,0.168777864426,0.289308644831,0.084864847362,0.417804002762
272,0.165093176067,0.282634604722,0.0501301363111,0.487404316664
273,0.178121592849,0.282974995673,0.0481308065355,0.534193992615
274,0.176276475191,0.277013033628,0.030796231702,0.580925285816
275,0.180958431214,0.275948360562,0.0585002750158,0.46546164155
276,0.178055968136,0.279199037701,0.0528608001769,0.479894310236
277,0.185889832675,0.277097877115,0.0835158675909,0.414454847574
278,0.160284038633,0.28757584095,0.102150581777,0.414375185966
279,0.180252719671,0.285728618503,0.114745691419,0.388782441616
280,0.164139509201,0.298001606017,0.119748279452,0.41797554493
281,0.152700398117,0.305723197758,0.154068499804,0.386405259371
282,0.173811066896,0.308504574001,0.15075224638,0.389297097921
283,0.167310856283,0.30997954309,0.166838645935,0.434919148684
284,0.177950054407,0.298804402351,0.160162255168,0.403208047152
285,0.177332129329,0.2925735116,0.170003771782,0.369292229414
286,0.180844392627,0.287283837795,0.159559458494,0.37032559514
287,0.167060695589,0.282366093248,0.176703155041,0.384127706289
288,0.179786842316,0.286186289042,0.155017182231,0.365139603615
289,0.182639427483,0.279453080148,0.172714978456,0.36039724946
290,0.176944307983,0.274621635675,0.166371658444,0.362694084644
291,0.185901634395,0.277250796556,0.138311073184,0.372062325478
