epoch,jaccard,loss,val_jaccard,val_loss
0,0.115566492221,0.66434253523,0.0961567741197,0.658123202622
1,0.112738981962,0.627841732823,0.102527948686,0.615789032541
2,0.116823701745,0.59499960622,0.103303275446,0.582919092849
3,0.119509077983,0.566632160201,0.117158692547,0.577732441947
4,0.123095916664,0.555327574794,0.101380638051,0.549356786069
5,0.129197644204,0.531418681145,0.118585296792,0.530551507138
6,0.12902676137,0.503362585146,0.121031054328,0.516398041509
7,0.132073366593,0.484057562856,0.122507786822,0.489000744652
8,0.130216561161,0.473306288513,0.12795782729,0.47836703714
9,0.132024820625,0.461528946574,0.116462077458,0.471877300646
10,0.135997611033,0.446558172886,0.116113802949,0.45780711202
11,0.143849943977,0.424031063341,0.128461271051,0.419952691998
12,0.141970644899,0.414753748247,0.108918699778,0.423665179405
13,0.140250284248,0.404339586313,0.134609940797,0.398726015352
14,0.14650624067,0.388003682861,0.143696968873,0.381536666304
15,0.155956807509,0.371840863274,0.123856551418,0.385159775615
16,0.150080222459,0.36876019377,0.147371252941,0.360149657354
17,0.156136529013,0.356787675848,0.154559564842,0.347493616398
18,0.167025628916,0.338797022517,0.138368018102,0.345027675387
19,0.15543582031,0.348202740917,0.144518560781,0.331742910668
20,0.170808932797,0.319026969946,0.162204039894,0.310837060213
21,0.170988612564,0.311327165136,0.160208265876,0.3274060525
22,0.160863562643,0.318423242523,0.161060218121,0.332962026354
23,0.169083655304,0.311439639387,0.131543791838,0.30815475015
24,0.167907234498,0.29406391514,0.169556090699,0.281330124941
25,0.195696167633,0.271004775969,0.17872885277,0.273047837196
26,0.182939172798,0.279291527202,0.1740781025,0.265012259129
27,0.195660433777,0.261997596289,0.168296424716,0.266505775973
28,0.187856290914,0.265758215808,0.184048357529,0.253021584358
29,0.192319899368,0.256499895969,0.168115318309,0.250236395746
30,0.196945876098,0.245657200997,0.183432848484,0.241894972511
31,0.183156065113,0.253494477902,0.181391745653,0.236151151592
32,0.192389887394,0.241335736444,0.195423431884,0.22718377132
33,0.220173411264,0.225332106249,0.198749571697,0.220640069572
34,0.216119513165,0.220229729723,0.198428267948,0.214009124786
35,0.230490423505,0.211538612556,0.207753139279,0.208128570113
36,0.216237703962,0.218723678532,0.181243526684,0.218968208181
37,0.234426227001,0.207606938596,0.207229750544,0.202609259635
38,0.236954179306,0.201649209628,0.216974661751,0.195190006169
39,0.23890681185,0.196875614042,0.221267260829,0.19522423204
40,0.235894434966,0.194458159403,0.222772172739,0.185698660556
41,0.235059999509,0.193233913527,0.212099017008,0.187473317143
42,0.248899747522,0.184709123981,0.202334126392,0.19190331758
43,0.253483242418,0.182268250734,0.204970609142,0.183586859377
44,0.16664344999,0.237706435128,0.12684485699,0.273693837225
45,0.136103823773,0.25166549333,0.164030562919,0.236477685394
46,0.171044555827,0.230907416688,0.132339077347,0.228209852008
47,0.187900762538,0.217019121521,0.176164979122,0.206488722237
48,0.186829051634,0.212993751925,0.195231923783,0.198254239978
49,0.178885106932,0.210877083529,0.159497579494,0.195792639628
50,0.213951684229,0.192170462929,0.184390993025,0.187989482656
51,0.225905880083,0.184453623513,0.220733663926,0.171165814856
52,0.244434482213,0.173277478092,0.22913844014,0.166966554476
53,0.232246779639,0.177505428401,0.236572617934,0.163439257303
54,0.222301758541,0.176559112966,0.226800532866,0.169239792507
55,0.247067736629,0.168069745199,0.213860070908,0.16078855074
56,0.243863283533,0.167616871257,0.227318619109,0.157200046116
57,0.272181748517,0.157818774335,0.237211518805,0.150684735388
58,0.260453540906,0.158692680872,0.228784636878,0.150024708477
59,0.295544258096,0.147613556912,0.222611416095,0.149234146229
60,0.27503582003,0.153840600871,0.254403066778,0.14771044068
61,0.264398214441,0.147118718292,0.257241262829,0.13954799436
62,0.279076074436,0.14248792211,0.221935533067,0.151415731059
63,0.291975345494,0.141817109803,0.249372644394,0.137433650671
64,0.27609860698,0.140781862088,0.253139472065,0.136789856944
65,0.282681019794,0.138665516646,0.246442450603,0.133783682832
66,0.267748215688,0.136758702449,0.265776676591,0.12985239143
67,0.313009247548,0.132218493722,0.258648412273,0.130872973707
68,0.287801341135,0.131450524124,0.26384738012,0.130048032734
69,0.295717655328,0.134368203294,0.271443779668,0.128622576827
70,0.304887484945,0.130908992858,0.251101585149,0.129754496855
71,0.294278192704,0.135344479806,0.261810570162,0.126162992558
72,0.301758515359,0.128629763969,0.270650473482,0.121025510016
73,0.298010889983,0.123758494567,0.283962156471,0.117927774321
74,0.317285441337,0.122289560305,0.265241916,0.120023431373
75,0.305345051035,0.121318163207,0.289563353304,0.117732696934
76,0.327227921399,0.117739535725,0.281194928582,0.11545719218
77,0.330300314022,0.11587978312,0.295708225662,0.117400823627
78,0.368194732142,0.110305680678,0.281229673623,0.113973848172
79,0.330382435012,0.114678690353,0.290196407484,0.115137286135
80,0.346434377394,0.111726228004,0.284707276209,0.115071281558
81,0.365854967408,0.111077074964,0.290274218452,0.141238137032
82,0.310419315359,0.123835291713,0.286447946593,0.118321971269
83,0.348102983123,0.112999752164,0.282381225668,0.112296394189
84,0.319444121217,0.120713954075,0.27699377363,0.112181295757
85,0.329130760024,0.112043591789,0.279738436177,0.111833012663
86,0.327488984852,0.110606405741,0.297611502217,0.10489960725
87,0.376083244385,0.101866742883,0.302496226694,0.103096116334
88,0.382447250569,0.0992877779958,0.311546339624,0.103059796966
89,0.360438343328,0.101804884294,0.306917976995,0.100452927989
90,0.352931839432,0.101461589193,0.301851791082,0.100681718322
91,0.334967705003,0.102009014298,0.314568889997,0.0997516077477
92,0.355022096116,0.100112898419,0.323425306851,0.098642366298
93,0.371629000646,0.0977509122055,0.316450151251,0.0967919627437
94,0.379886195407,0.0983398187046,0.305146915809,0.0993747527828
95,0.39012206678,0.0963189247996,0.328697011195,0.102342042024
96,0.383543559878,0.0965868317021,0.325330537729,0.0947458321461
97,0.380281132989,0.0939638636863,0.327848637724,0.0941409411025
98,0.355489810889,0.0930159427942,0.329866899527,0.0920571917668
99,0.404181119001,0.0897704357138,0.31632674858,0.0926119334181
100,0.39221271799,0.0913390631143,0.332043509465,0.0918208318762
101,0.404433382359,0.088537520729,0.329939406452,0.0884377573384
102,0.364807542745,0.0940239684513,0.332527611841,0.0922371993656
103,0.388919708595,0.087386441417,0.337223742798,0.0870799488621
104,0.385248973419,0.0887512354753,0.338340891933,0.0858737612725
105,0.428267196103,0.0857313349843,0.346639378404,0.0858801844879
106,0.411214679109,0.0851052322497,0.346614772716,0.0851073972881
107,0.409035678708,0.0838975829001,0.352698134608,0.0865436397144
108,0.398831332048,0.0875822925367,0.34879405098,0.0874013794819
109,0.368554831365,0.0955432525191,0.33926163154,0.0928452686057
110,0.349272476202,0.106842126411,0.318372573587,0.090433160658
111,0.389402604486,0.0907036079667,0.329550192138,0.0905042591621
112,0.361657990474,0.0946323431742,0.311285669683,0.0899009808199
113,0.384941268007,0.0882872960602,0.345062064007,0.0838277455186
114,0.384119091859,0.0851186445126,0.33923446777,0.0847116060322
115,0.418232506895,0.0818329565227,0.353707100177,0.0844222645974
116,0.403967924869,0.0887604627328,0.356477646797,0.081632084446
117,0.414303126478,0.0823543914236,0.35270150454,0.0806163779926
118,0.409941278947,0.0859015620529,0.341320379957,0.088713373756
119,0.396754383257,0.0898853030342,0.362601124158,0.0811876741354
120,0.473413548094,0.0772918926265,0.35792986679,0.0786502211704
121,0.390995820454,0.083546685628,0.359096024622,0.0809743344435
122,0.440292861883,0.0778548390819,0.365811843309,0.0789900685195
123,0.425513869961,0.0802063292895,0.356532299193,0.0775715125492
124,0.419690522184,0.0923542360274,0.170415717635,0.197511966573
125,0.180699013965,0.197636957639,0.229417740018,0.189736550907
126,0.216914168512,0.17319977133,0.1878665119,0.138701848453
127,0.276599573709,0.133378653715,0.304593454959,0.108550367062
128,0.343639120211,0.110497925287,0.326633907098,0.108896415506
129,0.296133488419,0.116808999975,0.312644697435,0.0932232814957
130,0.355393051023,0.104732825134,0.310684409313,0.0885661583743
131,0.39132128093,0.0910416305638,0.336777354416,0.0875047795707
132,0.361863697876,0.0949554340197,0.340962967311,0.0852944820072
133,0.375045702068,0.0928356974887,0.344413719693,0.0830791536137
134,0.40078879929,0.0923522116187,0.333602310857,0.0837577744969
135,0.37244269506,0.0923252856502,0.349331939913,0.082020641712
136,0.334021231946,0.101786623422,0.340056088811,0.0824285937706
137,0.345054771691,0.0916458417375,0.328049334435,0.0823062605341
138,0.378628495125,0.0879937583007,0.359262519603,0.0790888612682
139,0.387114965216,0.0886041952584,0.358240884583,0.0802109909419
140,0.355098087287,0.0875051237929,0.337648360903,0.0792525954312
141,0.419295301668,0.081488477496,0.358546557778,0.0789594264352
142,0.387006156341,0.0877849312786,0.341836021486,0.0780869947921
143,0.405543107869,0.0802209532748,0.355941653746,0.0752140684635
144,0.376283276078,0.08080505483,0.371229872719,0.0756538616552
145,0.395204098929,0.078159227824,0.363947987033,0.0750029874616
146,0.424149725671,0.0763991835455,0.374485712731,0.0754745822051
147,0.427833846416,0.0788770171527,0.360844405252,0.0761615474476
148,0.399473236075,0.0788682319152,0.367616609816,0.0742278574035
149,0.428579349114,0.0752608111271,0.379263629526,0.0748262797424
150,0.441957407795,0.0750572643458,0.3752423033,0.0751580916985
151,0.386162991162,0.0789272866857,0.380992869468,0.0741630215489
152,0.436439280253,0.0732316055622,0.372119530308,0.072784416232
153,0.397707373508,0.0793942434068,0.367678021372,0.0717329122999
154,0.40604064342,0.0770696154079,0.383283302421,0.0725114516681
155,0.464762907591,0.07132040043,0.389833029185,0.0716217269946
156,0.427441801058,0.0717677565721,0.386277458718,0.0721517216007
157,0.465280730641,0.0716993634661,0.389453378855,0.0722396160418
158,0.418993518633,0.071592539334,0.384602691338,0.0699999754142
159,0.449987604831,0.0705148683718,0.395734620048,0.0694221275044
160,0.44839893022,0.0723711474297,0.379016631428,0.0712105089915
161,0.284581785293,0.13188345039,0.302442221873,0.0972069553682
162,0.392061120561,0.0907042362512,0.361090560153,0.0822946307017
163,0.328631525973,0.100661691457,0.362801155949,0.0806105983211
164,0.358558053113,0.0929692317732,0.326183606114,0.0847078409279
165,0.389690391093,0.0876903660739,0.374582537392,0.0749161707645
166,0.369930577576,0.0842016455717,0.372329777747,0.0759000995313
167,0.39513149237,0.0869629025244,0.380703616131,0.0729503791663
168,0.410503903619,0.0747198027988,0.388078926684,0.0725009091548
169,0.433971842612,0.0758068647522,0.367921446305,0.0728727729002
170,0.457036993567,0.0746726478235,0.377562185109,0.0711843335594
171,0.444312943662,0.0739450943656,0.390055569005,0.0688242528704
172,0.424786636008,0.0779330784168,0.385137002508,0.0699507751269
173,0.506199364445,0.0706215525906,0.389242136589,0.0688616701518
174,0.465998192207,0.0697170811204,0.389377662825,0.0684377247235
175,0.471527185381,0.0769967368732,0.387313559389,0.0702691995248
176,0.440475236091,0.0706223833661,0.379313178681,0.0677040980372
177,0.449917917111,0.068282703081,0.385542135598,0.0680443207966
178,0.421137805118,0.0716950313116,0.40973717568,0.0675853627035
179,0.466295716056,0.0676499610552,0.402065579518,0.067370834091
180,0.460534495755,0.0668987582724,0.402363611443,0.0669785834325
181,0.456068958635,0.0712342523755,0.411039425642,0.0671725314751
182,0.457526412701,0.0685162320375,0.409202253446,0.068756610417
183,0.48872831198,0.0646858694247,0.408131538832,0.0653562549851
184,0.493849714107,0.0645042467289,0.410674411251,0.0655553774268
185,0.469515526224,0.0669497801349,0.401046058338,0.065834228415
186,0.463146113675,0.0670564161399,0.406378141459,0.0652194446302
187,0.472845688753,0.0665798559785,0.402652149613,0.0704975225381
188,0.465944164613,0.0656651363063,0.419018055836,0.0651150260528
189,0.485771977337,0.0648988983236,0.417576526874,0.064943571022
190,0.474508199062,0.0646768412553,0.410676927771,0.0676740106137
191,0.48073845707,0.0683277472495,0.416204301757,0.0650266921148
192,0.443477110413,0.0660691636328,0.407352176146,0.0666065693658
193,0.470906272724,0.0645675476139,0.420345219609,0.0653454756539
194,0.450407753518,0.0653973325657,0.384061847377,0.06628084759
195,0.489682751254,0.0665896922493,0.421399684623,0.0636713091517
196,0.512679558741,0.0626213088847,0.417128073052,0.064896346099
197,0.472275646139,0.065750301923,0.428049687936,0.0639262415934
198,0.501597259975,0.0625556724576,0.419785530277,0.0645770267292
199,0.430548206319,0.0733645655072,0.410798379453,0.0664485201996
200,0.435494320246,0.0702725670372,0.419457029027,0.0642451150052
201,0.474870796753,0.0647436532622,0.412932889536,0.0637879534916
202,0.476669169603,0.0626203269841,0.418868860055,0.0683206096292
203,0.487303056,0.0657680021026,0.409820753906,0.0644161318487
204,0.532042697768,0.0593770594121,0.428991206514,0.0631487478677
205,0.500780967527,0.0600628095607,0.427787160268,0.064148787962
206,0.512255863246,0.058658892647,0.425693453348,0.0635688685579
207,0.502625453184,0.0579890170529,0.42864667566,0.0632461484493
208,0.504352336182,0.0610026990852,0.422186703217,0.0638208955643
209,0.456971214672,0.0623220925291,0.429977451917,0.0619137864851
210,0.518146258934,0.0568473348573,0.428905427048,0.0623809696699
211,0.506344533774,0.0588419422006,0.438607785734,0.0609727589472
212,0.477407068479,0.0618081874429,0.402733230789,0.0660281435266
213,0.487197383595,0.0586925021623,0.420263469918,0.0648372590222
214,0.475132377595,0.0588807034879,0.442343125818,0.0628274646442
215,0.498653298112,0.0626514922075,0.428238311957,0.0611056197376
216,0.466916361236,0.0639932402051,0.394282258494,0.0640973491536
217,0.465621137821,0.0681057394339,0.392116369563,0.0715944151598
218,0.523653626553,0.0609497414866,0.448469931493,0.0631488078361
219,0.513303857036,0.0572770999458,0.431059500668,0.0620759701414
220,0.488255112347,0.0579073357826,0.441966930579,0.0625095331925
221,0.506312937201,0.0577902497473,0.436962208594,0.0620256335824
222,0.511838800396,0.0568458314698,0.444091690355,0.0628222601226
223,0.522404921405,0.0580311503548,0.440463698353,0.0614821584313
224,0.511054472378,0.0576470638984,0.442464995082,0.0615528197086
225,0.462658947976,0.0569780525357,0.445224977098,0.0627960412094
226,0.542626298567,0.053992790761,0.442992341705,0.0614893148741
227,0.553020604123,0.053597092127,0.447615043959,0.0619078708114
228,0.565317446087,0.0524417991177,0.448408265598,0.0613843350438
229,0.508139659189,0.0547340859552,0.434479597432,0.0628794179065
230,0.537737721031,0.0540971409064,0.452310073306,0.0607715710212
231,0.521822380165,0.0573300039396,0.454439835856,0.0610776322137
232,0.504055435969,0.0532433147757,0.437362978468,0.0651464041584
233,0.508935521899,0.063913665891,0.323217890662,0.0846553621232
234,0.418806861802,0.0820857419704,0.39829923457,0.0709858137707
235,0.461148992567,0.0703040309644,0.444376859756,0.0639709429815
236,0.489011592785,0.0601118471509,0.441420981719,0.0616339776025
237,0.545181950401,0.0554319203903,0.445645462256,0.0625842786103
238,0.508600632066,0.0634193693538,0.404619455454,0.0749663373717
239,0.484264418805,0.0602593101525,0.432959969272,0.0634409468184
240,0.527260911334,0.0552424642508,0.447451446031,0.0606046084285
241,0.497279703774,0.0537837993067,0.457206630148,0.0610361952422
242,0.526457938491,0.0534138393481,0.456728028366,0.0616581902723
243,0.529792513932,0.0561638348019,0.456875975244,0.0603398242092
244,0.577774576618,0.051115474395,0.463061531773,0.0589790279773
245,0.604332124329,0.0504541037998,0.450541870145,0.0604910989059
246,0.53482563796,0.052153264441,0.459811549634,0.0613773264922
247,0.523647754546,0.0548401552682,0.453441327612,0.0605002623488
248,0.558805566441,0.0503876041084,0.459343786351,0.0611992135528
249,0.527177596775,0.0541692572789,0.454336917028,0.0621900231781
250,0.557098249025,0.0509448643559,0.450985959615,0.062698590642
251,0.540536756734,0.0525564290583,0.459559327166,0.060805357818
252,0.543084026581,0.0552751701504,0.43445651303,0.0650011902762
253,0.5628904478,0.0523948843161,0.455719060963,0.0630263913918
254,0.556733956492,0.0504695086632,0.466544929601,0.0645216241537
255,0.528557777352,0.0500837314981,0.468965156237,0.0622495294956
256,0.557516475151,0.0491896470507,0.459623704257,0.061253162814
257,0.555091263073,0.0503358540054,0.446275501425,0.0624691373087
258,0.553861966012,0.0472065400368,0.468666334171,0.0610586951516
259,0.556232899705,0.0521495258973,0.463294318266,0.0613505809888
260,0.555175301457,0.0477079462367,0.468773015542,0.0617700860312
261,0.52814506294,0.0483683583577,0.442159595201,0.0612749092252
262,0.588712735594,0.0464845327123,0.440742703911,0.0624459471874
263,0.525701265016,0.053661497471,0.45864865894,0.0631333845522
264,0.572596968718,0.0472060808769,0.463829125685,0.0612891323981
265,0.600486262529,0.046472838435,0.475150103797,0.0628800458653
266,0.563678457712,0.0461918205345,0.475415587658,0.0622804961313
267,0.582739686111,0.0469559117829,0.470513217006,0.0634790265904
268,0.603422122978,0.0447879283367,0.46878775378,0.0627756458562
269,0.574837834699,0.0498028219176,0.462439389143,0.0642686969077
270,0.577133731435,0.0447936372724,0.468688341614,0.0631446420593
271,0.513230563943,0.0478397015518,0.46342783983,0.0631155341398
272,0.545183343593,0.0468506012291,0.454986805329,0.0651824162196
273,0.578851559974,0.0440900535144,0.468390251044,0.0646355630597
274,0.553862725016,0.0447266811971,0.459308352729,0.0659783612355
275,0.620993476768,0.0430895315232,0.467943983385,0.0639026009158
276,0.581147249972,0.0488234055229,0.477782270056,0.0678598837985
277,0.546222216639,0.0516860228426,0.461521975987,0.0652293332823
278,0.595414415771,0.0467365062258,0.460526404786,0.0634648136474
279,0.595944469256,0.0442809071034,0.470429306093,0.0647502541688
280,0.57236542521,0.0444362110351,0.449652788637,0.064350974455
281,0.534626598169,0.0503521275241,0.480182646948,0.0632862500934
282,0.582854659653,0.0426562432056,0.47413068777,0.0644817056891
283,0.601450650248,0.0427801613696,0.476878187852,0.0633193643589
284,0.552591992809,0.0431894176783,0.47470388934,0.0641098347696
285,0.589271746337,0.045960818883,0.466801468341,0.0668384083983
286,0.589562068849,0.0431420333469,0.474450100446,0.0651399806957
287,0.583577035076,0.0458991754836,0.477179938927,0.0637603819341
288,0.567325462647,0.0425591932502,0.475434618536,0.0635560756928
289,0.639010493452,0.0413899190294,0.471014389768,0.0639238599251
290,0.574411878771,0.0430362897997,0.477490411955,0.0649214545992
291,0.550921882883,0.0461978189504,0.474152639275,0.0644314482488
292,0.621235622248,0.0406614535918,0.467716789746,0.0650547890982
293,0.584579396906,0.0447473383079,0.479437402915,0.0653033636045
294,0.559188330648,0.0434660753773,0.471398397116,0.0654872720479
295,0.616019496586,0.0401059236342,0.475081068056,0.064818800689
