epoch,jaccard,loss,val_jaccard,val_loss
0,0.0361289017507,0.775086694473,0.0399068201391,0.742832128818
1,0.0390801607958,0.720043050046,0.0344258674349,0.698594817748
2,0.0350027980146,0.682527319575,0.0335513369109,0.679835640467
3,0.0345295114536,0.672541151176,0.0330031239069,0.665006408325
4,0.0340810855527,0.66280878948,0.0332789928294,0.658918944689
5,0.0349364546793,0.653195380474,0.0334088514344,0.651643927281
6,0.0350304225093,0.646621645417,0.0341980511752,0.644744258661
7,0.0357853358748,0.639437931155,0.0340742351344,0.637639701366
8,0.0360773953332,0.634829542121,0.035014579789,0.633309621077
9,0.0362720556241,0.628664615532,0.0350617584414,0.626600237993
10,0.0368924755819,0.621234486002,0.0340834315866,0.621298707449
11,0.0367164579885,0.615464087389,0.036345830617,0.615582860433
12,0.0382241635767,0.609236852543,0.0353710169976,0.609402298927
13,0.0379534880253,0.60408769266,0.036039401992,0.602632985665
14,0.0385006716957,0.59793783615,0.0370635279956,0.597536009092
15,0.0393649959599,0.591386008447,0.0369346107428,0.59182868554
16,0.0393255348084,0.586136223036,0.036076467341,0.587529306228
17,0.0392419230265,0.580725899764,0.0373276079503,0.582435273207
18,0.039516228938,0.57599279342,0.0376606470404,0.577461724098
19,0.0410078736777,0.567981674174,0.0394557960905,0.5728965906
20,0.0408320256642,0.563276336,0.0391725829014,0.568655179097
21,0.0416146218201,0.557429201354,0.0382021985088,0.561580919302
22,0.0417634406663,0.552311794408,0.0396312311865,0.556385205342
23,0.0425515768179,0.547876645469,0.0403923953955,0.551085307048
24,0.0415755622089,0.542670843454,0.0400896929204,0.549006127394
25,0.0434859776762,0.536145068734,0.0398803833299,0.540767912681
26,0.0439236440973,0.529765561281,0.041561565147,0.53673188503
27,0.0446427212633,0.525281713506,0.0405345233874,0.532230588106
28,0.0435942331451,0.521164475491,0.0410109001857,0.530052473912
29,0.0459598959154,0.514614931405,0.0410123764036,0.52236451094
30,0.0444000352131,0.511217515211,0.03969421338,0.518570977908
31,0.0452641338311,0.506495307426,0.0414409535722,0.517828528698
32,0.0458775891646,0.500971584016,0.0405484382063,0.514710435501
33,0.046028963229,0.49762358433,0.0403993976517,0.505652867831
34,0.0465537430323,0.491747775478,0.040445242507,0.502659036563
35,0.0472544111513,0.486304863079,0.0423356652833,0.499150716341
36,0.0477216534719,0.482684770606,0.0410235929661,0.495574886982
37,0.0473521271843,0.477776798617,0.0421840919612,0.491434730016
38,0.0486861094689,0.472506936913,0.0425220732219,0.48647828744
39,0.048454781498,0.468372273514,0.0416504270755,0.485657288478
40,0.0496897852501,0.462478675092,0.0428985186781,0.480814021367
41,0.0501254312406,0.458291779269,0.0423697180186,0.477182817001
42,0.0513952771583,0.453714413072,0.0427764017995,0.470329566644
43,0.0511168266528,0.450679821512,0.0425545558907,0.470730969539
44,0.0498702703439,0.448948448689,0.0453921123766,0.469085457233
45,0.0510218112827,0.443709824421,0.0425405558199,0.462274395503
46,0.0510804920123,0.438715041949,0.0448763439289,0.45913458329
47,0.0531652524032,0.43347671582,0.0453855664684,0.456500876408
48,0.0533365086872,0.42924679741,0.046248543721,0.45164122719
49,0.0534081814027,0.426245644861,0.0470114376109,0.45229364817
50,0.0542469411571,0.421282809789,0.0459880202722,0.44647200291
51,0.0558743198118,0.416391309509,0.0448387988771,0.443891147008
52,0.0558938356728,0.412580932429,0.0452071025681,0.442937312218
53,0.0550792179283,0.410754690414,0.0444879713826,0.434206753969
54,0.0560630340287,0.406230684643,0.0443435726831,0.435054675891
55,0.0568904147041,0.402681235066,0.0445187848348,0.43017154932
56,0.0557152042345,0.398787141652,0.0468554221667,0.431931069264
57,0.0586259787233,0.394987275702,0.0455146298672,0.424000542897
58,0.057987451654,0.391622396279,0.0490174780671,0.421940693488
59,0.0590920913461,0.387962169744,0.0469269059025,0.41794781043
60,0.0591903639001,0.384016168854,0.0483668211561,0.419009972077
61,0.0588358090939,0.382692136705,0.0489322702185,0.413440481975
62,0.0610364826259,0.377458054011,0.0459415720632,0.410865020293
63,0.0596732143385,0.375786560383,0.0458537705529,0.404808395184
64,0.0612455196247,0.371228461675,0.0457121702627,0.403379793351
65,0.0613010326494,0.367716005525,0.0487512099342,0.402110196077
66,0.0635788934197,0.363638270316,0.0486527381895,0.399240791798
67,0.0627556035015,0.358984348857,0.0519254866701,0.40384256152
68,0.0643235588569,0.356158218213,0.051944263566,0.395886400571
69,0.0653811773163,0.354657692914,0.0491283345394,0.393632946106
70,0.06457865336,0.350934822127,0.0468225489156,0.396866491208
71,0.0654807139087,0.348641041738,0.0501318861945,0.387546397172
72,0.0662423457274,0.344057856955,0.0518200128124,0.385648546311
73,0.0674232308498,0.340988674679,0.0486746255595,0.384722810525
74,0.0666947833129,0.338409060102,0.0534699242562,0.379173679994
75,0.0694327536237,0.334913894362,0.0519984586594,0.375522157321
76,0.069356772761,0.331085063431,0.0524077889724,0.37632466738
77,0.0685076467607,0.329589425137,0.0509249665416,0.37032778905
78,0.0704242129123,0.325750129218,0.0543996943877,0.3753217069
79,0.0708520787851,0.32279692665,0.0543133420153,0.372084828523
80,0.0727638586147,0.319455239303,0.0526554931242,0.367787585809
81,0.0725282531045,0.317131940347,0.0539594973223,0.36595333081
82,0.0717777833343,0.315637336965,0.0554013492969,0.363291722078
83,0.0742934682194,0.312379708276,0.0526038008527,0.355255030669
84,0.073203745237,0.309882407828,0.051419775933,0.356018829804
85,0.0752545562375,0.306752689096,0.0497864808601,0.352076917887
86,0.074195709324,0.305728336329,0.0538430049156,0.350688556066
87,0.0754223463618,0.302187158564,0.0535371180337,0.351096632389
88,0.0765895079462,0.299145488896,0.0559950456596,0.35214388829
89,0.0777923154095,0.295481876632,0.0525845863785,0.347751424863
90,0.0781281044038,0.294105610217,0.0543147339844,0.34438803792
91,0.0780811866163,0.291304607074,0.0569324149535,0.344782386835
92,0.0789452473342,0.289315169497,0.0560153857447,0.341801235309
93,0.0807140498605,0.285726425731,0.0569697316163,0.337409069905
94,0.0804978189666,0.283712512278,0.0585340338831,0.340885203618
95,0.0806772487389,0.28276764472,0.0574374945404,0.338102712081
96,0.0819802937821,0.278791689965,0.0582304975161,0.336745603726
97,0.0822408703303,0.277257053778,0.0588483386315,0.331551565574
98,0.0845430977786,0.274673659369,0.0577137513229,0.327487888244
99,0.0838479806155,0.272965293824,0.0543459966206,0.327584511959
100,0.0850251260929,0.26956350877,0.0586944233913,0.328098008266
101,0.0868582498555,0.266880706355,0.0575775868044,0.323672617857
102,0.0867812535564,0.264997529707,0.0572784714974,0.321045751755
103,0.087838531835,0.262561980707,0.0561892662484,0.322989599063
104,0.0873369813311,0.260845478207,0.0593771871466,0.31789715932
105,0.0891273692538,0.258665169873,0.0595944882012,0.313912208264
106,0.0905148085192,0.256343944423,0.0572756600495,0.310370037189
107,0.089075608143,0.255366605796,0.0577442072905,0.308851308548
108,0.0916356761656,0.253320699493,0.0572291059563,0.316586068043
109,0.0901847530056,0.251071389462,0.064328146382,0.317284882069
110,0.0924293863152,0.248132881798,0.0647436073766,0.319407036671
111,0.0931455734038,0.246873859388,0.0618578800215,0.308916687965
112,0.0934284097555,0.244997663445,0.061958252524,0.31137656707
113,0.0952255394324,0.243271349825,0.0588365988089,0.303181439638
114,0.0937322788372,0.242270564941,0.0617218312736,0.301912073906
115,0.0950981792796,0.23912950631,0.0610653901329,0.306558489799
116,0.0953141801261,0.237387721373,0.0650768093765,0.305313261656
117,0.0982951649598,0.235070013114,0.064602841838,0.300829055218
118,0.0981984448738,0.234450552684,0.0605424688413,0.299839730446
119,0.097078849335,0.232909959601,0.061753731221,0.295689853338
120,0.0997046493425,0.229896820362,0.0658311250691,0.29906093845
121,0.100277803752,0.227838199744,0.064797350707,0.298463216195
122,0.0989921139589,0.227442324046,0.0655643619024,0.297535932981
123,0.102337680354,0.224439691105,0.0657173716105,0.289848999335
124,0.101993852629,0.223012502589,0.0669051285547,0.292437787239
125,0.104712277823,0.220231937453,0.0662512378051,0.297454343392
126,0.105522971011,0.219013271817,0.0652679010079,0.294773546549
127,0.104401751029,0.217877700522,0.0681087348897,0.289889049072
128,0.106682782669,0.216340624975,0.0669498893504,0.287069618702
129,0.10801365822,0.214179218621,0.0634825295554,0.280491803701
130,0.107012853228,0.212968997629,0.0618485814104,0.283901650172
131,0.107653802628,0.21214561872,0.0634450370876,0.287360890554
132,0.107253300148,0.210229507284,0.0651869759537,0.284176042447
133,0.11040611102,0.207922951595,0.0655123754763,0.279811104903
134,0.108312541281,0.207740224869,0.068625081044,0.287154293977
135,0.110466910231,0.206107629887,0.0629014120652,0.27734459822
136,0.111856752726,0.204133889562,0.0675027582508,0.27902591687
137,0.111714326679,0.20213742209,0.0730294906176,0.286193045286
138,0.113849528853,0.200925871845,0.0729348112184,0.283684808474
139,0.115786143482,0.199352197953,0.0676065654709,0.27345257539
140,0.114290070062,0.198510817637,0.0686198983055,0.271773258081
141,0.116039512413,0.196498521794,0.0695597337416,0.274972450275
142,0.115886284089,0.19535647977,0.0752516701244,0.28132223166
143,0.116012847303,0.194413326652,0.0747766400186,0.281673846337
144,0.118984746398,0.192904124044,0.0683342364545,0.268119055491
145,0.119539708992,0.191492475195,0.0651036563974,0.263612382687
146,0.118214837171,0.190342080697,0.0690377761538,0.267459651599
147,0.120232490269,0.188407051575,0.0692992388056,0.266990096523
148,0.118812542337,0.187384588205,0.0738479718566,0.274672792508
149,0.125646839501,0.184639158799,0.0734030028375,0.262300975048
150,0.12537101055,0.18358207635,0.0741149553886,0.267756184706
151,0.124584905314,0.18240210086,0.0766879294354,0.274096106107
152,0.127760299499,0.179975528687,0.0743757199783,0.261261147948
153,0.128085243253,0.179605308244,0.072748855616,0.257343591406
154,0.130599407673,0.177583120102,0.0693504770215,0.254487925997
155,0.127962455326,0.177315032908,0.0708263725615,0.25552255603
156,0.129817509225,0.175694783107,0.0794323476461,0.267362466225
157,0.130961006558,0.174190264641,0.0775059960209,0.260293147885
158,0.13401570174,0.172029710529,0.0757131742743,0.261724685247
159,0.132373446894,0.172257571895,0.0727531055991,0.255282943065
160,0.135336057876,0.170452497928,0.0742313260069,0.252507637327
161,0.134321124081,0.169845157896,0.0766969669897,0.255069313141
162,0.136888769257,0.167672760813,0.0744399551589,0.257023472052
163,0.137330373167,0.167352904569,0.0787952361772,0.257979312768
164,0.137718232126,0.166909888157,0.0740684594672,0.249591720792
165,0.138315394003,0.164890656025,0.0778052589068,0.250262542413
166,0.138844121147,0.164555154597,0.072699358257,0.24158812257
167,0.138968667066,0.163211798864,0.0737191851322,0.248680827709
168,0.141612192494,0.161186967922,0.0780663444446,0.253855517277
169,0.141893306121,0.161375193177,0.0795896001733,0.258670293368
170,0.14362923824,0.160349872064,0.0827826507963,0.250857323408
171,0.14240720661,0.158720627715,0.0784860938214,0.245671487772
172,0.148262370191,0.157225235951,0.0695819370449,0.236933265741
173,0.147535865889,0.155736245704,0.0768582651821,0.245104013727
174,0.14716156247,0.15487550619,0.082347648075,0.248369014034
175,0.150147049411,0.153426242439,0.0797246138637,0.245577273461
176,0.149556292674,0.153140333053,0.0782116677326,0.241219559541
177,0.150294863004,0.152706308427,0.078829773057,0.239605218172
178,0.149315113209,0.151758153984,0.0834350328033,0.248601217683
179,0.15166248105,0.149892888129,0.0855287806346,0.254521757364
180,0.152875613637,0.149353782182,0.0835615522586,0.246997574201
181,0.157004286855,0.147668964096,0.0766063074653,0.236472445039
182,0.154926057315,0.14765494055,0.0805537554507,0.248706191778
183,0.15464441415,0.146289811114,0.082960533408,0.243494653931
184,0.157770122743,0.145541148009,0.0787214642534,0.2301656088
185,0.155138497475,0.144911662722,0.0832481579139,0.247268170118
186,0.156413191361,0.145274223623,0.082566510886,0.238621522601
187,0.157015248385,0.144001286923,0.075445465457,0.225924636309
188,0.162748703481,0.141899644638,0.0785049867745,0.231161963481
189,0.16009875246,0.14155683865,0.0880046028357,0.244516787621
190,0.159290821856,0.141075276385,0.0869271371227,0.236456740361
191,0.164027762718,0.140523219143,0.0746983642188,0.220934026516
192,0.162828930499,0.138931790259,0.0810997219613,0.240803907697
193,0.164319773553,0.138136667232,0.0865845651581,0.238914980338
194,0.168862822203,0.136273456529,0.0810589770285,0.228243456437
195,0.166152339587,0.13652614553,0.0798279525569,0.223230972886
196,0.166262192386,0.135696583445,0.0903415436355,0.235277766219
197,0.169261048027,0.134194013177,0.0858660864715,0.232152464298
198,0.168444137546,0.133700871847,0.0862185639831,0.22548508071
199,0.174368855058,0.131937525275,0.0846125549422,0.221216777196
200,0.174671973156,0.131843068195,0.0762980884084,0.214952178873
201,0.170918761073,0.131590623768,0.083192976908,0.221085892274
202,0.174478438888,0.129697852498,0.0871894904054,0.222980352548
203,0.176689761773,0.129261826859,0.0820883472378,0.217722392999
204,0.176971489571,0.12788145549,0.0890296359475,0.234863920854
205,0.179655138072,0.12676223635,0.0891746279712,0.223713048376
206,0.179461843316,0.12674618452,0.0876918088358,0.226587606164
207,0.180714279471,0.125423660121,0.0894173185986,0.218758867337
208,0.183454099712,0.124909351576,0.0852184825792,0.223567760908
209,0.182053291372,0.124324332103,0.0922605991364,0.227389790691
210,0.185751722126,0.122956773806,0.0905104253728,0.222758680582
211,0.185958414522,0.12228226794,0.0862331931981,0.221898931723
212,0.186044460443,0.121929167608,0.0906540000668,0.221029751576
213,0.190074093841,0.120636108529,0.0857901223577,0.217760961789
214,0.188073729859,0.120555986251,0.0896193213188,0.22242114521
215,0.184048485457,0.120305681896,0.0959972358094,0.236529282652
216,0.19141299361,0.118964564242,0.0942150875926,0.223256272765
217,0.189323745754,0.11948277108,0.0891553278153,0.218953283933
218,0.191074057838,0.117877735681,0.0897684541459,0.224571060676
219,0.195607314124,0.116419342839,0.0933647780464,0.227076363105
220,0.19334008444,0.116412471908,0.0978469691024,0.231661456136
221,0.198790102852,0.114888042931,0.0895955568323,0.215341378863
222,0.199394940352,0.113830758913,0.0921244030962,0.223454008882
223,0.198285763558,0.113672377894,0.0903621880481,0.216901579728
224,0.204229293183,0.112402967735,0.0927134766602,0.215524414411
225,0.20449518024,0.111425500895,0.0958143452612,0.224000066519
226,0.202265421281,0.112140116976,0.0924281113996,0.218511588298
227,0.202041516893,0.111608373613,0.0930347468417,0.215347700394
228,0.203914791288,0.112224798606,0.0857717641271,0.20611711878
229,0.202671461757,0.111620354491,0.0986130627302,0.227686734154
230,0.205876660335,0.109571874631,0.0943805457881,0.221063762903
231,0.207863836502,0.109722168721,0.0931950400655,0.214543170654
232,0.207613720167,0.10935045399,0.0944005230872,0.217924693456
233,0.211714156979,0.10832905194,0.0930580628606,0.216147556901
234,0.207772464366,0.108757257922,0.092524286073,0.216270536184
235,0.212764394214,0.108233661955,0.0896235506695,0.20985710277
236,0.210421011485,0.107582721097,0.0949591744978,0.218873530626
237,0.212217533911,0.107346472104,0.0973361034233,0.222505686375
238,0.211957265051,0.107066463837,0.0942944159301,0.213260174944
239,0.214990636384,0.106724801872,0.091788870784,0.211982281162
240,0.209930761153,0.107295477051,0.0950845680558,0.216467916965
241,0.212837439246,0.106490348412,0.0985641425046,0.223354581457
242,0.215151383437,0.105277244419,0.0957182003902,0.217710427367
243,0.216149700424,0.105725944905,0.0911239299637,0.212947101547
244,0.216180430186,0.105237448221,0.0963903714258,0.218629661661
245,0.214207602514,0.10497074954,0.101602291545,0.224203110887
246,0.218693096608,0.104641263664,0.0919584588936,0.211176576523
247,0.214592761054,0.104948433497,0.0995895627599,0.221405196648
248,0.219001595693,0.103801407524,0.0966893394406,0.214383896727
249,0.21910577719,0.103598696816,0.0956027590885,0.209650628842
250,0.218888173117,0.10304118831,0.0984716621729,0.214958665463
251,0.223824057627,0.101944042219,0.0960998781599,0.213287283595
252,0.222132259584,0.101952937665,0.0978509611808,0.215994628576
253,0.224878017391,0.101758037611,0.0972708790348,0.215743444287
254,0.223749244996,0.101259865874,0.0977383350524,0.214635769908
255,0.224097510965,0.10206738707,0.0960647337712,0.214294055334
256,0.223051354289,0.100952852359,0.0977483563698,0.215514280475
257,0.221942451815,0.102455589618,0.0987185133764,0.21677508721
258,0.221819167892,0.101330607209,0.096758534702,0.211654909528
259,0.226582361982,0.100727106901,0.0990896723591,0.21503959023
260,0.226139271121,0.100218585531,0.0977381318808,0.215598052511
261,0.223944570107,0.101049482506,0.0974289554243,0.213966512909
262,0.22541653293,0.100211226658,0.0990566817614,0.215743142825
263,0.229248704022,0.0997934388896,0.0976529814876,0.214963108301
264,0.226739765767,0.0997237152057,0.096897911567,0.213996463097
265,0.22863275411,0.0995461041518,0.0974896432689,0.214350583462
266,0.228080761364,0.099305865042,0.0991007851867,0.214671379099
267,0.229547416727,0.0990606053916,0.0958423451162,0.21347057017
268,0.229417006654,0.0989965525488,0.0973980916807,0.216151901163
269,0.228473766085,0.0994953553419,0.0981836293179,0.214149802923
270,0.2312844238,0.0985392542649,0.0993716553427,0.215474112676
271,0.226878685783,0.099230636242,0.09940895954,0.215887380334
272,0.230041852674,0.0987289597111,0.0972560217174,0.21215270345
273,0.230524210223,0.0981885055835,0.0973342909263,0.213096779126
274,0.232976541383,0.097735572707,0.0984567759129,0.213846909312
275,0.231820654685,0.0979754609779,0.0989329296236,0.215553313494
276,0.229568229506,0.098210180243,0.0979097316471,0.213401311865
277,0.229366279707,0.0982978126775,0.0993101066695,0.214899249948
278,0.231599864927,0.0980420998625,0.0990813062168,0.214927008519
279,0.232667059282,0.0972936496311,0.0989131913162,0.21508851762
