epoch,jaccard,loss,val_jaccard,val_loss
39,0.14037789451,0.337543223053,0.139161285013,0.335243433714
40,0.145733896643,0.330667492002,0.147191742435,0.330557070673
41,0.14457339095,0.328077511862,0.152556311339,0.328440919518
42,0.151910597458,0.322990110144,0.149144181982,0.32355709374
43,0.151656930335,0.319940071553,0.15095545724,0.32156599313
44,0.154852490872,0.316002367064,0.153305195272,0.31768001616
45,0.158023735508,0.312878379598,0.154524102807,0.315780423582
46,0.154693676624,0.312631709501,0.152182668447,0.313881516457
47,0.15331757674,0.31071270071,0.156106483191,0.310386411846
48,0.157667466905,0.307107770815,0.159021820873,0.309323914349
49,0.161676596384,0.303611799143,0.167023871094,0.306826904416
50,0.161070509814,0.301541298628,0.164850324392,0.304621994495
51,0.164116171189,0.299488861114,0.160161461681,0.302089393139
52,0.164166542236,0.296713702381,0.156700048596,0.299047656357
53,0.166550857946,0.294491415843,0.166225589812,0.298055008054
54,0.169371767901,0.291010130197,0.17352212593,0.295115500689
55,0.169450716581,0.29094483424,0.167082417756,0.295824810863
56,0.164869314991,0.290929079056,0.167283881456,0.293848961592
57,0.171212578192,0.287770666182,0.172722432762,0.290616557002
58,0.171284736134,0.285435212776,0.175487007946,0.289625804871
59,0.167641783133,0.288991341367,0.161927137524,0.292688816786
60,0.168772615492,0.28636315465,0.171562183648,0.290108982474
61,0.169301196001,0.284587227739,0.1706340909,0.286162611097
62,0.170651789755,0.282543147914,0.176626682281,0.284434322268
63,0.175713462755,0.279261103831,0.179976444691,0.283048409969
64,0.179567492567,0.277208764106,0.170829899609,0.281990233809
65,0.181322610006,0.274544356391,0.166711524129,0.280853539705
66,0.183096244931,0.272371807136,0.174997124821,0.277623407543
67,0.18353597261,0.272262028418,0.184425998479,0.276623420417
68,0.183602035046,0.270545084961,0.187176913023,0.27592048794
69,0.183909492567,0.271080917679,0.181061588228,0.277017571032
70,0.184257646091,0.269710684195,0.175747871399,0.27425077185
71,0.186442486942,0.268481894396,0.170467060059,0.273976322263
72,0.190945943817,0.264858893119,0.175081204623,0.272073600441
73,0.191709685139,0.262729177251,0.194024693221,0.268075641245
74,0.192872575484,0.263990560547,0.181926626712,0.26971552521
75,0.188201938756,0.263753058389,0.181605473161,0.270603090525
76,0.192315945402,0.263043438084,0.190109353513,0.26772139594
77,0.181808116846,0.268330249935,0.167915057391,0.274288471788
78,0.182253197767,0.267391204834,0.178294565529,0.269674796611
79,0.190315565094,0.262632505037,0.186286132783,0.268001567572
80,0.196048822254,0.259545110166,0.190272245556,0.26453634724
81,0.195458022878,0.257749836892,0.197604954243,0.262758158147
82,0.201314384118,0.255761233158,0.179321095347,0.265388906002
83,0.195592055097,0.257731215097,0.186974920332,0.263378165662
84,0.205396641977,0.252990860492,0.199619796127,0.260949671268
85,0.201497527771,0.253614868037,0.206026870757,0.259437300265
86,0.205051129684,0.253169290721,0.198844723403,0.261058364064
87,0.202438301407,0.251582241617,0.204569231719,0.257855657488
88,0.208836689591,0.250520362519,0.199280846864,0.256303966045
89,0.205874875188,0.249974203296,0.201959252357,0.257368896157
90,0.209195734933,0.247868497856,0.204984154552,0.25558141619
91,0.211745562032,0.246912374161,0.209948562086,0.253203626722
92,0.208912175149,0.248185491189,0.205824308097,0.254312451929
93,0.216441428289,0.244985749014,0.20519252494,0.25359717384
94,0.218527914025,0.24349974934,0.201458405703,0.253466688097
95,0.217470642179,0.241778614931,0.216163426638,0.251051355153
96,0.219329543412,0.241623057052,0.220482263714,0.249937698245
97,0.217430191115,0.242951265536,0.21945508942,0.251160141081
98,0.221968996339,0.240461106412,0.197117298841,0.252629697323
99,0.221732632257,0.239397771657,0.208274509758,0.250264212489
100,0.223857453093,0.238866280764,0.205770172179,0.249359406531
101,0.222300573252,0.237730353139,0.215407155454,0.2473385185
102,0.229255684651,0.235748067498,0.211937803775,0.249135665596
103,0.225223587826,0.238111676648,0.209645930678,0.24829223752
104,0.226971549913,0.235786102712,0.216637339443,0.246967766434
105,0.231694553047,0.233774108812,0.212918121368,0.245884552598
106,0.225104498677,0.236827009358,0.22341934219,0.247216410935
107,0.229253876023,0.235039488412,0.221979506314,0.246249098331
108,0.232875554822,0.233204062097,0.226024676114,0.244576189667
109,0.235161333345,0.230751682073,0.234383136034,0.242148991674
110,0.238521032967,0.229706753977,0.216122031212,0.244759313762
111,0.235453021713,0.229985399172,0.236790571362,0.244411755353
112,0.231510888785,0.23311021179,0.235220212489,0.245375242084
113,0.232035920955,0.23444743827,0.221390966326,0.244347557425
114,0.227383280173,0.237048881128,0.214785784483,0.255397096276
115,0.214033522643,0.243467839435,0.222711723298,0.249475307763
116,0.227828959003,0.235445433296,0.233019806445,0.245155218989
117,0.236450511031,0.231073560193,0.226252336055,0.242789044976
118,0.238512596115,0.229794449173,0.221764318645,0.241704650223
119,0.241450618953,0.227173681371,0.233391527086,0.240167565644
120,0.239557929337,0.229037136771,0.222339011729,0.241867758334
121,0.245151828974,0.225577568635,0.222278401256,0.241440139711
122,0.244932913221,0.224332551472,0.241859082133,0.241738729179
123,0.24123140052,0.229855239391,0.219191372395,0.242282316089
124,0.243767686188,0.225353847258,0.235924564302,0.238383259624
125,0.2493847562,0.223035012372,0.237014494836,0.237438581884
126,0.24917079322,0.223515135236,0.236335854977,0.239315506071
127,0.251227011904,0.221943091601,0.231761515141,0.238038606942
128,0.253476681188,0.220510541461,0.230390753597,0.237086057663
129,0.250548806041,0.222276260145,0.236144524068,0.237009949982
130,0.249719586223,0.222687010653,0.238097202033,0.235895358026
131,0.255134886131,0.220070526935,0.244694437832,0.235020790249
132,0.260355852544,0.218192894943,0.242845579982,0.235015574843
133,0.256460684352,0.218988648616,0.247131068259,0.237534053624
134,0.253025724553,0.219744116068,0.240843404084,0.236822612584
135,0.259886612184,0.217735480517,0.239224486053,0.236177273095
136,0.261110656895,0.215894577093,0.251517921686,0.232748188078
137,0.264934012666,0.215640082024,0.248489804566,0.234134506434
138,0.262857225724,0.215869228356,0.243788864464,0.234653860331
139,0.264307285659,0.215606295504,0.240090727806,0.235637336969
140,0.260871266946,0.216441572644,0.238047093153,0.23365688324
141,0.262810717337,0.214671706781,0.258954141289,0.234565827996
142,0.261034618132,0.215781607665,0.254802104086,0.234355673194
143,0.263996536843,0.215905302204,0.253646355122,0.233929291368
144,0.258988217451,0.21842508018,0.229367129505,0.238174457103
145,0.265640840866,0.214238828048,0.256576731801,0.232359543443
146,0.266958796419,0.214709599502,0.242572430521,0.232904046774
147,0.266975327395,0.212783208117,0.258628249168,0.231909483671
148,0.273355476558,0.212426191196,0.246966406703,0.230917770416
149,0.2680851724,0.211536563002,0.262864354998,0.231014065444
150,0.27379639633,0.210948332213,0.250168770552,0.231278628111
151,0.266179414466,0.214367731474,0.252997137606,0.230658441782
152,0.273730558343,0.210441558622,0.252648185939,0.231516357511
153,0.278084546328,0.20842467621,0.25473004207,0.231029372662
154,0.266549888067,0.216414383613,0.241511672735,0.233377367258
155,0.271311078221,0.212417800911,0.251887124032,0.229820664972
156,0.278608880937,0.208828463219,0.25835121423,0.229801911861
157,0.275003341958,0.210652588867,0.263222627342,0.228149633855
158,0.280418135226,0.208224255592,0.25171206519,0.230172820389
159,0.280677250586,0.206341126934,0.251387041062,0.230072893202
160,0.280156179331,0.206427509896,0.260399758816,0.228080857545
161,0.27831872087,0.209059025161,0.248272791505,0.229636553675
162,0.280002003536,0.20735455025,0.25737034902,0.228097181767
163,0.28195566684,0.205665329471,0.262374337763,0.230437602848
164,0.283945310861,0.206196703017,0.2563248761,0.229158405215
165,0.281734164804,0.206776987761,0.25717401132,0.228614971042
166,0.280051272362,0.206480951048,0.268403545022,0.226454980671
167,0.289696613327,0.202172962949,0.268438503146,0.225891768932
168,0.290006961673,0.203462338075,0.266601137817,0.225295361131
169,0.293675864115,0.200544388033,0.276072017848,0.225882258266
170,0.287882927805,0.204315153882,0.276742704213,0.226452272385
171,0.288682798855,0.202394634485,0.265460841358,0.225692398846
172,0.294983379543,0.199654565193,0.270446777344,0.225151449442
173,0.29422637634,0.201257169247,0.276176251471,0.226230159402
174,0.290350168943,0.202398722991,0.273169696331,0.226010352373
175,0.294471058995,0.20003074035,0.269444353878,0.224111858755
176,0.291861906648,0.202672808431,0.261251091957,0.227047521621
177,0.291615325958,0.202037035488,0.277511507273,0.22680529952
178,0.296283215284,0.199530488811,0.275774128735,0.223825272173
179,0.296852942556,0.199379867874,0.27926338464,0.223027478904
180,0.299741731957,0.20018653851,0.264399889857,0.225757848471
181,0.29975871928,0.19793439284,0.275565631688,0.223027065396
182,0.295259024948,0.202122449875,0.27068182081,0.227333988994
183,0.292363727465,0.201777087525,0.258829969913,0.226159457117
184,0.297353196889,0.198669513687,0.276272088289,0.224147271365
185,0.302434450015,0.197767753154,0.264077354223,0.224996197969
186,0.301647402346,0.198116200045,0.267998248339,0.224872592837
187,0.300667662174,0.196991110221,0.269920110703,0.222968485206
188,0.301834939979,0.197219853289,0.282925225794,0.221767477691
189,0.302849369124,0.197161830962,0.271282829344,0.222744937986
190,0.303645707667,0.196012996137,0.267434976995,0.224285986274
191,0.306984154508,0.19538288936,0.270839735866,0.225710798055
192,0.305241623893,0.196229022928,0.263712465763,0.225570980459
193,0.304069872946,0.196754877456,0.264735408127,0.225779604167
194,0.303876981139,0.195538742468,0.282080426812,0.221971679479
195,0.307956349105,0.196924529038,0.26291038096,0.227532580495
196,0.298046614975,0.200223441236,0.253251880407,0.22860442847
197,0.303230693564,0.196148942225,0.273048460484,0.223471011966
198,0.30930753611,0.194343098439,0.284211538732,0.223066546023
199,0.309957014397,0.194274055772,0.278714865446,0.226839963347
200,0.306144678965,0.19726206176,0.277198791504,0.22169674933
201,0.307155797258,0.194558268413,0.26900704205,0.224368140101
202,0.314649974927,0.192939889617,0.265396900475,0.224703811109
203,0.3085722588,0.192926296964,0.274822279811,0.223305031657
204,0.319578014314,0.189962348901,0.280999176204,0.222533155233
205,0.322110025212,0.18863543123,0.27614158392,0.221565645188
206,0.320343889296,0.18881050311,0.279162682593,0.222895376384
207,0.31609772332,0.190914700739,0.294296376407,0.224427398294
208,0.312803726643,0.193050229922,0.282073564827,0.222477693111
209,0.315351353958,0.192601962946,0.28720947355,0.221401896328
210,0.313737586141,0.194366673939,0.273628905416,0.223890136927
211,0.307106910273,0.195354652591,0.282259836793,0.224999491125
212,0.314708566293,0.192212371156,0.288170866668,0.222686145455
213,0.316822877154,0.191103047691,0.274387128651,0.223238136619
214,0.324633179232,0.188057054766,0.283940814435,0.22013496235
215,0.325793657452,0.186914063059,0.286372639239,0.219627663493
216,0.329376684502,0.186783197336,0.278102949262,0.221867695451
217,0.324592372403,0.185953134671,0.297727480531,0.219904217869
218,0.323713352904,0.189741659909,0.277117751539,0.222715206444
219,0.321119163185,0.188638696447,0.29284901917,0.222540702671
220,0.326259115711,0.188111658208,0.276943318546,0.221914753318
221,0.320421222597,0.189533974975,0.286395959556,0.221942812204
222,0.325334554538,0.188220496289,0.275999434292,0.223752420396
223,0.32540506497,0.187221044675,0.289298482239,0.219617743045
224,0.32597129792,0.187272266485,0.276898145676,0.223555263132
225,0.326718466356,0.186667422764,0.289314560592,0.219332702458
226,0.3302574642,0.186568827368,0.288223870099,0.221263084561
227,0.31513089221,0.191225575283,0.275595575571,0.226014785469
228,0.316946078092,0.190295670182,0.290706276894,0.221756987274
229,0.326344417408,0.18785503041,0.29444116354,0.221064109355
230,0.331448351964,0.185653213412,0.289529375732,0.21874409169
231,0.332256164402,0.184586795047,0.288076169789,0.219489969313
232,0.331075118855,0.184758006595,0.289528846741,0.22101629898
233,0.335801428184,0.184313556179,0.26963814348,0.222787022591
234,0.325453916565,0.187699941918,0.295286364853,0.221563529223
235,0.333707101643,0.184010745026,0.284596063197,0.219913441688
236,0.333598800004,0.183482770808,0.299496032298,0.219720520079
237,0.334473149851,0.184127297252,0.303878948092,0.22030248493
238,0.335632152855,0.184709300753,0.272806473076,0.224111504853
239,0.332235986367,0.184061101638,0.286288172007,0.221815653145
240,0.337860705331,0.183504273184,0.28847925365,0.220521558076
241,0.338316626847,0.181524068117,0.294780291617,0.220410745591
242,0.341520054266,0.180591310374,0.299801886082,0.21930224821
243,0.338437175378,0.182892543264,0.294269382954,0.220281794667
244,0.335190368816,0.182948078029,0.296956546605,0.219688009471
245,0.332072461024,0.185135520063,0.293856732547,0.219605710357
246,0.340479208156,0.180769234896,0.297705993056,0.218871008605
247,0.336472926661,0.183152765967,0.302833899856,0.220625523478
248,0.338482277468,0.182361102663,0.30349548161,0.221049230546
249,0.338495997712,0.182580280118,0.298740312457,0.220753166825
250,0.342155372724,0.180904034525,0.287912614644,0.223410725594
251,0.335976265371,0.183011773508,0.278578341007,0.22536400333
252,0.340056564659,0.181052749045,0.28974763304,0.222490079701
253,0.343742856756,0.180936790071,0.283324949443,0.224519796669
254,0.340965723619,0.180912105367,0.294953882694,0.221300669014
255,0.343490421772,0.181171455421,0.289323486388,0.222897347063
256,0.347105018795,0.178199039772,0.304108247161,0.221183951944
257,0.351858811453,0.177132316865,0.292996451259,0.22246292606
258,0.342820772901,0.18008148903,0.289419539273,0.220835462213
259,0.346167456359,0.179117138498,0.301635868847,0.220724176615
260,0.347385518253,0.180681254715,0.286329448223,0.22388715297
261,0.34303673543,0.179608060047,0.298309914768,0.219427205622
262,0.34794510901,0.178444995545,0.300074003637,0.220918100327
263,0.345379922539,0.18055549264,0.295155189931,0.220643609762
264,0.348249528557,0.178016268648,0.30333660543,0.218692690134
265,0.351510850713,0.177090442739,0.296278052032,0.218981701881
266,0.351197374985,0.177083838731,0.308512084186,0.219835918397
267,0.346441283822,0.180327552371,0.294071137905,0.223598457873
268,0.348093725741,0.178161033429,0.296849228442,0.219816420227
269,0.352612035349,0.176627025008,0.29706800729,0.220544565469
270,0.354017611593,0.176566132344,0.303389541805,0.218382079154
271,0.355118211359,0.17583022546,0.305702388287,0.219542171806
272,0.353568337858,0.176439929754,0.303987421095,0.217911172658
273,0.358196225017,0.174830095842,0.307096876204,0.218368262053
274,0.359649587423,0.173978502862,0.309080727398,0.217854682356
275,0.35730358772,0.174355197698,0.295936346054,0.220212183893
276,0.354650421068,0.176381279714,0.30979038775,0.2207862176
277,0.355119349435,0.17682110006,0.284859776497,0.222427740693
278,0.342713741586,0.180022288114,0.284652911127,0.222290731966
279,0.348740667105,0.178903575521,0.305916585028,0.221966959536
280,0.352550335228,0.178126919083,0.296210922301,0.22106448561
281,0.351515473798,0.176502415445,0.316419869661,0.220804706216
282,0.357364833355,0.17581759207,0.303911969066,0.218989506364
283,0.358029015362,0.175533486065,0.302008450031,0.220371998847
284,0.356286287308,0.175221916754,0.308720812201,0.218199495226
285,0.363294677809,0.173831382766,0.295786678791,0.219925653189
286,0.357610713691,0.174642588943,0.303040839732,0.219613742083
287,0.361458536237,0.173242664896,0.314887292683,0.217534326017
288,0.365821652114,0.172018301673,0.299654580653,0.219707261771
289,0.362695073709,0.172630511224,0.311684578657,0.218275588006
290,0.362664200366,0.173073223792,0.288832880557,0.221675079316
291,0.363243166357,0.172850147355,0.29895414412,0.222096845508
292,0.36249595508,0.172400750685,0.310066729784,0.220719911158
293,0.363320786506,0.172642083839,0.306619875133,0.217751853168
294,0.366530183703,0.171578530222,0.297622978687,0.220220029354
295,0.366174789146,0.171593822539,0.308155357838,0.22119608894
296,0.363714460284,0.171999366954,0.306809432805,0.220748342574
297,0.355465808883,0.178258370142,0.285706974566,0.226314593107
298,0.339199079201,0.181789224967,0.304589569569,0.221557289362
299,0.354530381039,0.176759208553,0.300462499261,0.221698045731
300,0.361518021673,0.172811099328,0.299221500754,0.223601199687
301,0.363632202148,0.172894795425,0.31938957423,0.220735255629
302,0.360115271062,0.176643833518,0.299408048391,0.219003740698
303,0.353283258155,0.176756964065,0.309150628746,0.223482236266
304,0.365267582238,0.172693729401,0.310142934322,0.218257300556
305,0.368802562356,0.171274368186,0.308604739606,0.219886165112
306,0.363424299285,0.171234165318,0.313126571476,0.218608282506
307,0.365657355636,0.173111489043,0.311821036041,0.22027952224
308,0.369236635044,0.170421802439,0.318407423794,0.218362692744
309,0.368072360754,0.170670941472,0.316033631563,0.218138385564
310,0.372590340674,0.169863647781,0.290507495403,0.222805142403
311,0.368833674118,0.169882680755,0.316915228963,0.218473240733
312,0.373226346448,0.170055313036,0.31199695915,0.218449093401
313,0.373152351007,0.169254794251,0.311166159809,0.215888410807
314,0.369015835226,0.171605585143,0.29709982127,0.224754776806
315,0.367575325072,0.17147503607,0.31003626436,0.220844317228
316,0.365987412632,0.171237952076,0.301422476768,0.224072325975
317,0.36935980618,0.171941014472,0.295049376786,0.223357047886
318,0.368540449068,0.170170244761,0.313810139894,0.221963785589
319,0.376461781561,0.168289832771,0.308667384088,0.218957204372
320,0.379052458331,0.167339878157,0.314051173627,0.221100457013
321,0.375157559291,0.168691501487,0.301783241332,0.227331891656
322,0.376090548933,0.167388490401,0.307388797402,0.220731541514
323,0.377372417599,0.168267771136,0.310000114143,0.222960334271
324,0.375121964142,0.168094604276,0.313008196652,0.219509061426
325,0.377460893244,0.167531975545,0.315927647054,0.220218323171
326,0.381126172841,0.166709969752,0.311863668263,0.220592416823
327,0.381538055837,0.166316873394,0.306373782456,0.222475942224
328,0.380001228303,0.166775071062,0.316923297942,0.219592772424
329,0.381050661206,0.165747644845,0.325149804354,0.219982802868
330,0.379384336993,0.166975809261,0.301990665495,0.221909809858
331,0.378890743479,0.167026514187,0.315147660673,0.218453872949
332,0.381160542369,0.166331695858,0.319067321718,0.21950250119
333,0.381361983716,0.165985863656,0.303729563951,0.225377291441
334,0.382141642272,0.165605244227,0.318370014429,0.220408987254
335,0.383934784681,0.165382849984,0.324502721429,0.218441538513
336,0.377744499594,0.168863489293,0.305978685617,0.224854167551
337,0.373985478655,0.169136402197,0.307902917266,0.223251242191
338,0.373576205224,0.168694113381,0.325622752309,0.220935046673
339,0.38067436032,0.167223019525,0.312813520432,0.221782125533
340,0.381563907489,0.166487079114,0.303411573172,0.222550366074
341,0.377998402342,0.167012334336,0.307623505592,0.223976939917
342,0.380782855675,0.167893275153,0.314902052283,0.218839205801
343,0.376206452027,0.168274497613,0.313151754439,0.221693135798
344,0.381023570895,0.166704919189,0.330025799572,0.220885369927
345,0.382988335565,0.166375099681,0.319457426667,0.219893906265
346,0.380716573447,0.166979371104,0.314511731267,0.22101040557
347,0.383246988058,0.165979034267,0.317347161472,0.220523618162
348,0.388090273365,0.164432154968,0.332463547587,0.219504464418
349,0.380914781243,0.166577112861,0.323170863092,0.219008695334
350,0.387599878013,0.1660910137,0.316101148725,0.222296446562
351,0.377026133239,0.167210123502,0.315488308668,0.223829634488
352,0.384345863014,0.166672369931,0.318398676813,0.220056995749
353,0.384622953832,0.164420098066,0.327833466232,0.218759715557
354,0.386852664873,0.166847092565,0.327992424369,0.219168808311
355,0.382581556216,0.165859702043,0.317601449788,0.218080367893
356,0.383010579273,0.166025549173,0.313123375177,0.219768401235
357,0.382964650169,0.165870690718,0.323198258877,0.219068985432
358,0.387375116348,0.165791533887,0.31305988878,0.222313698381
359,0.387744998559,0.163810485508,0.32477992028,0.219598993659
360,0.393361872062,0.162286718376,0.322052739561,0.22056222707
361,0.39129476808,0.162510964088,0.322949998081,0.220210753381
362,0.391508296132,0.162789694965,0.323573663831,0.221551317722
363,0.390412515029,0.163043427747,0.317584954202,0.219404902309
364,0.388219254091,0.16437796969,0.313903838396,0.220991168171
365,0.384987398982,0.165203709155,0.319134533405,0.226839482784
366,0.385470051318,0.166184864473,0.304978094995,0.228438943624
367,0.376768479124,0.168926610146,0.301823064685,0.223572328687
368,0.376608490944,0.168398502748,0.321296006441,0.222656272352
369,0.386608477682,0.165387996938,0.323116511106,0.22352655977
370,0.392516635358,0.163082686719,0.323028147221,0.219989359379
371,0.393986506388,0.162896067835,0.325225420296,0.223052170128
372,0.390248969197,0.163056900259,0.32909861207,0.220780547708
