epoch,jaccard,loss
0,0.244043457508,0.732985806465
1,0.263431483507,0.677205967903
2,0.281106930971,0.638496887684
3,0.291751655936,0.613495659828
4,0.300056409836,0.595946836472
5,0.305725610256,0.586856389046
6,0.313317912817,0.574531960487
7,0.315445321798,0.574113571644
8,0.317792844772,0.56864824295
9,0.313844245672,0.571129584312
10,0.323815187812,0.558686316013
11,0.324202471972,0.557905483246
12,0.328430509567,0.551827812195
13,0.333760505915,0.542846572399
14,0.326614129543,0.555198347569
15,0.338876146078,0.53357334137
16,0.333967506886,0.541874742508
17,0.336379629374,0.54004086256
18,0.325368601084,0.552982366085
19,0.340602308512,0.528637683392
20,0.329619818926,0.547623872757
21,0.341137567163,0.53164345026
22,0.330531829596,0.542130374908
23,0.348176020384,0.516861504316
24,0.342720973492,0.525490820408
25,0.346473014355,0.522784256935
26,0.329537338018,0.544963145256
27,0.355909156799,0.506573414803
28,0.349325639009,0.514750003815
29,0.346331942081,0.520835196972
30,0.344305449724,0.521066015959
31,0.351887792349,0.51035656929
32,0.3472653687,0.515564006567
33,0.351288336515,0.512337958813
34,0.360477364063,0.498843026161
35,0.357375955582,0.501510190964
36,0.346161216497,0.517806744576
37,0.368991953135,0.486510294676
38,0.366125905514,0.490221691132
39,0.360135287046,0.4985060215
40,0.361100512743,0.496021419764
41,0.364530581236,0.492425608635
42,0.371025520563,0.483205705881
43,0.36979752779,0.483752030134
44,0.365893012285,0.491081386805
45,0.358554971218,0.499096930027
46,0.36420391202,0.489963287115
47,0.34862793088,0.512018674612
48,0.363958579302,0.489106464386
49,0.368415212631,0.482721114159
50,0.376572018862,0.474303871393
51,0.373521131277,0.479607605934
52,0.367408192158,0.484991586208
53,0.361581325531,0.492218703032
54,0.366096097231,0.487179273367
55,0.361182099581,0.491273128986
56,0.369980609417,0.480888140202
57,0.378624027967,0.469911324978
58,0.384696137905,0.461025971174
59,0.379188996553,0.467212605476
60,0.385586714745,0.460400307178
61,0.368120604753,0.482482326031
62,0.380826401711,0.464226013422
63,0.384572666883,0.461165505648
64,0.386039167643,0.459645342827
65,0.382175016403,0.464726442099
66,0.381801939011,0.466271561384
67,0.386690145731,0.457531756163
68,0.390975362062,0.453902649879
69,0.371385741234,0.479672706127
70,0.389422649145,0.451684439182
71,0.383651357889,0.459074604511
72,0.394139456749,0.448032730818
73,0.373721128702,0.47059866786
74,0.379683703184,0.464678251743
75,0.379337668419,0.460932666063
76,0.384645825624,0.4564214468
77,0.394666862488,0.445015186071
78,0.383814466,0.459007012844
79,0.392626106739,0.447710937262
80,0.393900436163,0.446339029074
81,0.399714869261,0.439378035069
82,0.395415449142,0.442607283592
83,0.398670077324,0.438458251953
84,0.405475437641,0.431401741505
85,0.392548185587,0.447932600975
86,0.383659768105,0.455364972353
87,0.399542939663,0.436670136452
88,0.392891037464,0.446086525917
89,0.392131268978,0.447131556273
90,0.402844268084,0.434803080559
91,0.404539561272,0.429765367508
92,0.403201675415,0.434604662657
93,0.405258369446,0.428482753038
94,0.403866946697,0.430680006742
95,0.411052256823,0.424032610655
96,0.412260460854,0.423712527752
97,0.387941455841,0.454072338343
98,0.400529444218,0.433264243603
99,0.405276036263,0.428845852613
100,0.400703954697,0.440211176872
101,0.403994137049,0.431962144375
102,0.416043454409,0.417600864172
103,0.413863480091,0.41766834259
104,0.409851527214,0.424919992685
105,0.402180600166,0.43218870163
106,0.405360871553,0.427862024307
107,0.407862323523,0.425815701485
108,0.409180653095,0.422143226862
109,0.404974806309,0.427039653063
110,0.419071227312,0.412293505669
111,0.41291089654,0.4182721138
112,0.415939372778,0.413089156151
113,0.415692847967,0.413481730223
114,0.420897686481,0.409227305651
115,0.425027436018,0.403882795572
116,0.407580661774,0.423265045881
117,0.411628341675,0.41846627593
118,0.403620368242,0.428096193075
119,0.416957271099,0.413631528616
120,0.419019240141,0.409765535593
121,0.429807257652,0.399825948477
122,0.423761808872,0.406488668919
123,0.417429500818,0.412563747168
124,0.421601474285,0.408674561977
125,0.410670340061,0.418257278204
126,0.411115133762,0.416614693403
127,0.421731835604,0.403509503603
128,0.432294183969,0.393626314402
129,0.423242002726,0.404018962383
130,0.428918468952,0.396155464649
131,0.420692181587,0.40434576869
132,0.420045745373,0.405113369226
133,0.42112262249,0.407923668623
134,0.437309020758,0.387000119686
135,0.423906654119,0.401659166813
136,0.425628077984,0.399985212088
137,0.430996125937,0.393370962143
138,0.412844514847,0.414521259069
139,0.430205273628,0.393853873014
140,0.432183200121,0.394217705727
141,0.432677012682,0.393171644211
142,0.427074927092,0.396368676424
143,0.441373187304,0.381959581375
144,0.429447990656,0.396763443947
145,0.444448411465,0.379062974453
146,0.434761232138,0.387825036049
147,0.434062200785,0.388830143213
148,0.443781650066,0.379013079405
149,0.432888436317,0.390300726891
150,0.445694977045,0.376768141985
151,0.438569265604,0.385428243876
152,0.436851227283,0.387509804964
153,0.429282212257,0.39483858943
154,0.421685481071,0.401768881083
155,0.44343637228,0.376596140862
156,0.441850793362,0.37900467515
157,0.431172406673,0.391789364815
158,0.440797990561,0.382094883919
159,0.450003290176,0.37090523243
160,0.447711539268,0.375173866749
161,0.433331137896,0.387751156092
162,0.429908299446,0.390134465694
163,0.434706437588,0.387314325571
164,0.450575041771,0.371487659216
165,0.446309190989,0.377548146248
166,0.441861641407,0.378467220068
167,0.451229971647,0.370575022697
168,0.444626504183,0.375623053312
169,0.446326047182,0.374544209242
170,0.432077711821,0.388724261522
171,0.455793833733,0.364747661352
172,0.453798484802,0.368644994497
173,0.444479626417,0.377092337608
174,0.436333405972,0.381726181507
175,0.456815910339,0.36511554718
176,0.454640245438,0.366490465403
177,0.44962054491,0.371364730597
178,0.444878232479,0.37805492878
179,0.451052200794,0.36774340868
180,0.450631392002,0.368576616049
181,0.460522449017,0.358857142925
182,0.443281877041,0.378220313787
183,0.459116238356,0.359329169989
184,0.447155600786,0.37379155159
185,0.450324052572,0.367364525795
186,0.449485045671,0.370835262537
187,0.449007290602,0.370944672823
188,0.448937898874,0.368749278784
189,0.459469801188,0.358717429638
190,0.46310864687,0.355076503754
191,0.45440762043,0.363194912672
192,0.465407335758,0.354971420765
193,0.459529936314,0.359148901701
194,0.456660753489,0.360585093498
195,0.462744647264,0.357368546724
196,0.455766803026,0.363324844837
197,0.460155767202,0.358292007446
198,0.466170346737,0.355911630392
199,0.45362046957,0.368829983473
200,0.462928587198,0.353496754169
201,0.474521517754,0.347870230675
202,0.458257013559,0.36149314642
203,0.470233869553,0.348600941896
204,0.457215440273,0.360102444887
205,0.473625314236,0.347317153215
206,0.462890702486,0.358176118135
207,0.455926597118,0.362609672546
208,0.45888196826,0.35602619648
209,0.463021278381,0.354385447502
210,0.45320070982,0.367985284328
211,0.479234540462,0.340818297863
212,0.470944595337,0.346678805351
213,0.467068737745,0.352247440815
214,0.459978210926,0.358526825905
215,0.465962952375,0.353766298294
216,0.470368140936,0.345871585608
217,0.473137450218,0.344822180271
218,0.473904448748,0.345407956839
219,0.47747849822,0.341185587645
220,0.473154324293,0.343895709515
221,0.451410496235,0.367975205183
222,0.460763376951,0.358630746603
223,0.465034663677,0.35361109376
224,0.44186258316,0.380329430103
225,0.466111052036,0.349167960882
226,0.473054283857,0.347534507513
227,0.475632536411,0.340817123652
228,0.457915270329,0.357890123129
229,0.483567357063,0.337057179213
230,0.478338271379,0.338169592619
231,0.469821220636,0.349653548002
232,0.477566933632,0.343559354544
233,0.451853626966,0.36615396142
234,0.475761944056,0.339742642641
235,0.484026777744,0.334425216913
236,0.489431655407,0.329312026501
237,0.47938913703,0.338748443127
238,0.471539616585,0.345099639893
239,0.485914331675,0.331798183918
240,0.473567128181,0.344034004211
241,0.487416756153,0.329362863302
242,0.483877712488,0.335707449913
243,0.482539975643,0.336020857096
244,0.48166731596,0.336030006409
245,0.47322152257,0.344827252626
246,0.47674407959,0.338644599915
247,0.476588988304,0.338904333115
248,0.473423165083,0.342875784636
249,0.479297941923,0.336365759373
250,0.493116748333,0.326409304142
251,0.486818730831,0.330161869526
252,0.498313331604,0.321523654461
253,0.489059346914,0.329218494892
254,0.494147485495,0.324458277225
255,0.479315578938,0.337815058231
256,0.493063354492,0.324026733637
257,0.488830655813,0.3326559484
258,0.475970250368,0.345086407661
259,0.476346105337,0.33840508461
260,0.4970033288,0.320603013039
261,0.490240561962,0.331213819981
262,0.497773057222,0.320046436787
263,0.498305594921,0.320691305399
264,0.482078868151,0.339247483015
265,0.489545881748,0.328340876102
266,0.492462021112,0.325473189354
267,0.497857260704,0.320319801569
268,0.487402075529,0.32871145606
269,0.495650720596,0.322143644094
270,0.500553816557,0.320505601168
271,0.501261359453,0.317810195684
272,0.493511587381,0.324200516939
273,0.503275537491,0.318404072523
274,0.495551675558,0.324356466532
275,0.474074596167,0.345795613527
276,0.490023630857,0.328684878349
277,0.500483262539,0.320996379852
278,0.500932073593,0.320306891203
279,0.487086880207,0.330477935076
280,0.505861371756,0.314490175247
281,0.489633965492,0.331875383854
282,0.498097288609,0.318825566769
283,0.49370123148,0.323962175846
284,0.491218358278,0.328110355139
285,0.487937140465,0.328998023272
286,0.491106039286,0.326659744978
287,0.491271233559,0.329241228104
288,0.495891392231,0.320188176632
289,0.506085783243,0.31420788765
290,0.508435887098,0.312890326977
291,0.499355381727,0.318252837658
292,0.507313579321,0.31220023036
293,0.506156855822,0.314334338903
294,0.48892763257,0.334985029697
295,0.480001050234,0.340541547537
296,0.506535869837,0.309681683779
297,0.508023738861,0.309825688601
298,0.502888077497,0.317437636852
299,0.511683803797,0.306695359945
300,0.482139229774,0.336699128151
301,0.513933253288,0.305974888802
302,0.50783212781,0.310686266422
303,0.501171135902,0.31683332324
304,0.495054286718,0.321225678921
305,0.501565074921,0.315662825108
306,0.506322193146,0.311314171553
307,0.504924988747,0.314913415909
308,0.498741668463,0.319262850285
309,0.511497068405,0.30684671402
310,0.515207570791,0.305563789606
311,0.499289405346,0.323905730247
312,0.509131282568,0.310190474987
313,0.501179295778,0.319592529535
314,0.501743042469,0.31385538578
315,0.484982460737,0.333309489489
316,0.484378784895,0.332197338343
317,0.504046952724,0.310956162214
318,0.519349783659,0.303823834658
319,0.509537029266,0.308208525181
320,0.521304798126,0.300542205572
321,0.490036928654,0.328846055269
322,0.513253480196,0.302919632196
323,0.519735532999,0.303538620472
324,0.502992850542,0.316471076012
325,0.517024219036,0.300783097744
326,0.507083785534,0.312171959877
327,0.512474709749,0.30552919507
328,0.524446702003,0.297473108768
329,0.50968734026,0.30870385766
330,0.494210410118,0.321749836206
331,0.513654953241,0.308502030373
332,0.513265931606,0.305638259649
333,0.492540162802,0.331202703714
334,0.525690591335,0.295546913147
335,0.501678723097,0.319749453664
336,0.513310360909,0.304277259111
337,0.526559007168,0.294460338354
338,0.517295473814,0.300618338585
339,0.506710541248,0.315261471272
340,0.515483057499,0.304435616732
341,0.507948416471,0.318823230267
342,0.509748464823,0.31018833518
343,0.520311576128,0.298032861948
344,0.525000727177,0.300265938044
345,0.529794728756,0.292848652601
346,0.531179046631,0.293853095174
347,0.530372053385,0.295564079285
348,0.521005064249,0.300041365623
349,0.510962688923,0.307348096371
350,0.515730857849,0.306432455778
351,0.52690782547,0.294759613276
352,0.520605021715,0.305142775178
353,0.52043505311,0.299781847
354,0.509427905083,0.30655220747
355,0.522467154264,0.296430969238
356,0.517438703775,0.299514889717
357,0.52905960083,0.29326108098
358,0.536339199543,0.286535292864
359,0.527947407961,0.297691556811
360,0.524268645048,0.295810693502
361,0.51988478899,0.299163681269
362,0.533510935307,0.288021981716
363,0.541126561165,0.285089510679
364,0.514536601305,0.307231020927
365,0.519282203913,0.298980373144
366,0.523423320055,0.300838956237
367,0.520190680027,0.302955251932
368,0.5277731359,0.296380016208
369,0.524414134026,0.298299860954
370,0.520788180828,0.300393217802
371,0.536470091343,0.287013456225
372,0.525182271004,0.299383544922
373,0.512069702148,0.300769764185
374,0.5228982687,0.295105659962
375,0.539005875587,0.286368858814
376,0.530273199081,0.292125079036
377,0.533122420311,0.294279646873
378,0.535826909542,0.288420325518
379,0.539285123348,0.284380990267
380,0.540655148029,0.285023373365
381,0.535717123747,0.288275569677
382,0.528685343266,0.293021249771
383,0.536198723316,0.285110539198
384,0.498289746046,0.331093794107
385,0.538435506821,0.283970934153
386,0.537094956636,0.286136412621
387,0.511783820391,0.303318941593
388,0.539316242933,0.282748484612
389,0.534100979567,0.285222250223
390,0.523071628809,0.295786291361
391,0.538822424412,0.28503767252
392,0.52950463295,0.292921644449
393,0.544184911251,0.280062523484
394,0.553156113625,0.273775827885
395,0.529245603085,0.29505699873
396,0.540606510639,0.282066887617
397,0.548795723915,0.278581804037
398,0.552617359161,0.272881764174
399,0.543054914474,0.278699487448
400,0.555161643028,0.272464960814
401,0.54173592329,0.281448751688
402,0.543367481232,0.279077702761
403,0.549411094189,0.275138384104
404,0.540888917446,0.281650605798
405,0.553790616989,0.273971173167
406,0.544131481647,0.279754447937
407,0.541679489613,0.281249290705
408,0.542454648018,0.280379515886
409,0.535220396519,0.290325394273
410,0.540350037813,0.282970312238
411,0.543767082691,0.279180973768
412,0.553592586517,0.272352647781
413,0.53480926156,0.288308751583
414,0.548268580437,0.27590585351
415,0.55387045145,0.273480185866
416,0.544771724939,0.277994281054
417,0.529356253147,0.296084070206
418,0.553926980495,0.272070097923
419,0.541039222479,0.280761235952
420,0.539268767834,0.283237943053
421,0.549232554436,0.2743753016
422,0.542883914709,0.278696662188
423,0.553027743101,0.270622241497
424,0.543450325727,0.27760772109
425,0.539329016209,0.280494302511
426,0.541739106178,0.281477731466
427,0.547092837095,0.275037717819
428,0.546548229456,0.275241202116
429,0.55197249651,0.273914587498
430,0.545978289843,0.276526582241
431,0.551255130768,0.272919967771
432,0.533640867472,0.287458521128
433,0.527774244547,0.291904044151
434,0.542488062382,0.278843027353
435,0.547285509109,0.275456601381
436,0.552475070953,0.272413593531
437,0.542243820429,0.279039296508
438,0.543180304766,0.279307329655
439,0.553601944447,0.269925373793
440,0.549009561539,0.274736106396
441,0.524005424976,0.296201217175
442,0.542457807064,0.281409281492
443,0.546979856491,0.275370129943
444,0.552047145367,0.273458850384
445,0.547466218472,0.276779004931
446,0.549637019634,0.274496594071
447,0.543109506369,0.278126469254
448,0.548459863663,0.274156907201
449,0.55927233696,0.267560523748
450,0.552437806129,0.272104939818
451,0.539944720268,0.284819215536
452,0.560710966587,0.266431325674
453,0.538107454777,0.281351327896
454,0.542049241066,0.278538107872
455,0.542172908783,0.282921954989
456,0.556269776821,0.269074380398
457,0.552887821198,0.27022767067
458,0.548424005508,0.273735362291
459,0.516444730759,0.302454313636
460,0.552658891678,0.272867244482
461,0.553641831875,0.270018234849
462,0.543495094776,0.279193410277
463,0.556032693386,0.26954985559
464,0.533559799194,0.285233145952
465,0.538277751207,0.282063505054
466,0.546939969063,0.276444298029
467,0.559204268456,0.266670483351
468,0.550762301683,0.271683132648
469,0.556305611134,0.268589788675
470,0.564922106266,0.264117592573
471,0.55439620018,0.270400354266
472,0.54806266427,0.274125295877
473,0.56307028532,0.264841642976
474,0.547764676809,0.274589896202
475,0.547024971247,0.275939467549
476,0.553216677904,0.269687980413
477,0.545987051725,0.276014918089
478,0.561056733131,0.264789178967
479,0.556855660677,0.267912751436
480,0.539889222383,0.28267929256
481,0.54158988595,0.283926635981
482,0.541474157572,0.27909642756
483,0.548052096367,0.274992913008
484,0.564702928066,0.262893295288
485,0.538452202082,0.290754845738
486,0.559473669529,0.265542238951
487,0.559922039509,0.265969333053
488,0.534270614386,0.28522182703
489,0.556618249416,0.271819630265
490,0.555145841837,0.269186097383
491,0.560573661327,0.265463426709
492,0.556749200821,0.268904188275
493,0.552524191141,0.271093803644
494,0.562960207462,0.264702105522
495,0.553605407476,0.270104762912
496,0.545112729073,0.276241821051
497,0.544978177547,0.27831158936
498,0.550764292479,0.272762024403
499,0.555054497719,0.270183232427
500,0.554452526569,0.270371925831
501,0.547554659843,0.275147330761
502,0.524977707863,0.292424756289
503,0.552210640907,0.27150658071
504,0.551327782869,0.271852579713
505,0.565545272827,0.26212939322
506,0.558178389072,0.266728377342
507,0.550999742746,0.273379227519
508,0.551195180416,0.272729372978
509,0.54323451519,0.277048179507
510,0.559131801128,0.267598098516
511,0.557996982336,0.268044915795
512,0.555999189615,0.268782061338
513,0.554033267498,0.269195261598
514,0.555194807053,0.270369201899
515,0.558486771584,0.267187809944
516,0.545201808214,0.276379257441
517,0.555257886648,0.270044627786
518,0.559167420864,0.268321356177
519,0.55764901638,0.267918378115
520,0.544887441397,0.275308680534
521,0.558585393429,0.265881338716
522,0.54134247303,0.287296050787
523,0.551242721081,0.271614828706
524,0.522553306818,0.306703490019
525,0.569280028343,0.261274835467
526,0.558853662014,0.266609531641
527,0.557168340683,0.266950762272
528,0.55133830905,0.271872460842
529,0.547433888912,0.278206512332
530,0.540165174007,0.283810511231
531,0.55637922287,0.268790456653
532,0.562385642529,0.26310197711
533,0.558466976881,0.269564038515
534,0.546992331743,0.27722209394
535,0.558626186848,0.266601973772
536,0.556910073757,0.268230420351
537,0.560845172405,0.264694571495
538,0.566047430038,0.263856559992
539,0.558720165491,0.266309341788
540,0.544566106796,0.280430132151
541,0.554757505655,0.268279230595
542,0.555071020126,0.269384133816
543,0.561037147045,0.264274740219
544,0.55416829586,0.268315064907
545,0.549905705452,0.271792662144
546,0.554053133726,0.268316820264
547,0.559682023525,0.267344048619
548,0.54204518199,0.277562087774
549,0.563273692131,0.264172640443
550,0.564329755306,0.263653865457
551,0.545791298151,0.281806707382
552,0.557402384281,0.268741813302
553,0.561633503437,0.26399794817
554,0.56033962965,0.266049623489
555,0.55708039999,0.267253369093
556,0.568614292145,0.259965717793
557,0.529414558411,0.295953637362
558,0.561569964886,0.26411049068
559,0.566616106033,0.261444121599
560,0.570919728279,0.25911873579
561,0.559264171124,0.271200194955
562,0.555047786236,0.27120834887
563,0.558220136166,0.266612780094
564,0.55764567852,0.267524555326
565,0.544240266085,0.278696030378
566,0.567223787308,0.262214314938
567,0.527594679594,0.289508605003
568,0.558395504951,0.265600323677
569,0.560369181633,0.264970144629
570,0.548860824108,0.274575358629
571,0.536704611778,0.287385213375
572,0.542844903469,0.286752319336
573,0.55280264616,0.274350309372
574,0.565968620777,0.260618141294
575,0.553983044624,0.269361382723
576,0.536964732409,0.285041150451
577,0.552650749683,0.27080231607
578,0.548140758276,0.274149775505
579,0.560151183605,0.266119676828
580,0.564380252361,0.26391787529
581,0.56274317503,0.263615262508
582,0.554369819164,0.272074210644
583,0.569357097149,0.259514006972
584,0.551911151409,0.273846831918
585,0.546864914894,0.275325596333
586,0.559559488297,0.265415620804
587,0.557491981983,0.266771885753
588,0.56148416996,0.26483719945
589,0.556485998631,0.268846204877
590,0.54765048027,0.273022991419
591,0.553119146824,0.271448490024
592,0.546191096306,0.273914757371
593,0.561918413639,0.265297675133
594,0.563030672073,0.265476191044
595,0.562928009033,0.263843220472
596,0.558822286129,0.265580585599
597,0.556659835577,0.26731107235
598,0.568038117886,0.261518707871
599,0.543113183975,0.278199639916
600,0.551756346226,0.271294355392
601,0.554791522026,0.271036937833
602,0.537509304285,0.284295517206
603,0.56398191452,0.26405198276
604,0.567788803577,0.26114499867
605,0.559834587574,0.266189050674
606,0.567044496536,0.261536216736
607,0.568172264099,0.260728794336
