epoch,jaccard,loss,val_jaccard,val_loss
0,0.000336978712697,0.797751905826,6.70575351478e-05,0.797920512967
1,0.000335196425077,0.798025721541,6.70434501444e-05,0.797900526784
2,0.000335413738447,0.797654752548,6.70284350974e-05,0.797879653051
3,0.000343238985561,0.797702560058,6.70133431697e-05,0.797860842198
4,0.000335502477565,0.797747156941,6.69990623408e-05,0.797841524705
5,0.000323517027622,0.797962774451,6.69837610303e-05,0.7978222901
6,0.000318531216285,0.797910884023,6.69687922539e-05,0.797805261798
7,0.000330284571086,0.798130142001,6.69560063216e-05,0.797788439319
8,0.000332971584262,0.797846939701,6.69416974972e-05,0.797770066187
9,0.000321202662795,0.797447932454,6.69259975439e-05,0.797750369646
10,0.00032714082146,0.797573654697,6.69145099721e-05,0.797732818872
11,0.00032717681933,0.79781262462,6.69014140442e-05,0.797715608031
12,0.000329383559941,0.7975173157,6.68899510856e-05,0.797698735259
13,0.000333344443194,0.797740500707,6.68782039668e-05,0.797682029195
14,0.000328577016087,0.797901183367,6.68627643847e-05,0.797663442791
15,0.000321084759819,0.797621299441,6.68512847426e-05,0.797646432184
16,0.000333067471274,0.797964058243,6.68357921825e-05,0.797629138455
17,0.000321937219094,0.797172669035,6.68239963488e-05,0.797611596063
18,0.000331499216023,0.797511043457,6.68097733296e-05,0.797593441792
19,0.000332400674499,0.797737625929,6.67987744407e-05,0.797576279379
20,0.000336337233211,0.797490352621,6.67861743864e-05,0.797558405437
21,0.000341189437327,0.797688715733,6.67751098717e-05,0.797542358749
22,0.000331317691619,0.797626279868,6.6768028347e-05,0.797533327714
23,0.000330459603167,0.797349913762,6.67623797881e-05,0.797524555586
24,0.000311600803063,0.797469893327,6.67564814876e-05,0.797516356222
25,0.000322122063468,0.797856648381,6.67503645673e-05,0.79750788305
26,0.000344588470468,0.797542957159,6.67424550613e-05,0.79749863036
27,0.000337705346073,0.797694836672,6.6736504408e-05,0.797490192577
28,0.000331147096788,0.797598690941,6.67305392597e-05,0.797481246293
29,0.000328887120094,0.797651846821,6.67236469951e-05,0.797471839003
30,0.0003360566103,0.797579279313,6.67181465133e-05,0.797463010065
31,0.000328083039851,0.797741641219,6.6711141443e-05,0.797454329208
32,0.000330408857106,0.797536453375,6.67061364368e-05,0.797445712611
33,0.000342207679436,0.797605348321,6.66997804899e-05,0.797436206602
34,0.000323802484777,0.79769599667,6.66940230758e-05,0.797427162528
35,0.000344377719382,0.797620740074,6.66880499125e-05,0.797418572009
36,0.000332995245327,0.797628045082,6.66823704307e-05,0.797409565188
37,0.000337539153057,0.797540912261,6.66755448435e-05,0.797399999574
38,0.000342427439731,0.797947632579,6.66677087793e-05,0.797391042113
39,0.000327476358542,0.797642824742,6.66614389786e-05,0.797381985001
40,0.000339573804222,0.797445882971,6.66543650141e-05,0.797372551635
41,0.000319211632184,0.797230076331,6.66462776451e-05,0.797361910343
42,0.000336207056569,0.797596542881,6.66393297877e-05,0.797352874652
43,0.000333885925766,0.797653529506,6.66324512508e-05,0.797343201935
44,0.000332495779765,0.797529676786,6.66291469145e-05,0.797338566743
45,0.000326326067632,0.797501435647,6.66265832194e-05,0.797334051691
46,0.000337142017298,0.797027309354,6.66238738631e-05,0.7973297555
47,0.000322219981137,0.797616792413,6.66211241764e-05,0.797325883061
48,0.000321457156168,0.797559218911,6.66182509121e-05,0.797321555205
49,0.00032312798885,0.797256437632,6.66164912388e-05,0.797317598946
50,0.000332239736368,0.797581522511,6.66133348943e-05,0.797313332558
51,0.000322985460046,0.797542287753,6.66111417047e-05,0.797308506444
