epoch,jaccard,loss,val_jaccard,val_loss
0,0.00812626503802,0.0777152584722,0.00555607682873,0.0670626488281
1,0.00813615999113,0.0777017989984,0.00555570225424,0.0670517788967
2,0.0080528887741,0.0776930988695,0.00555556926611,0.0670405396959
3,0.00817207870289,0.0776732136997,0.00555527360757,0.0670293967705
4,0.00810801741094,0.0776471818009,0.00555515865653,0.067019013688
5,0.00802609124758,0.0776356233714,0.00555477566468,0.0670079250121
6,0.00809668896433,0.0777193760643,0.00555464884746,0.0669972521719
7,0.00808764360129,0.0776203781939,0.00555445819919,0.0669869848061
8,0.00816263090103,0.0775892029588,0.00555419115335,0.0669776136056
9,0.00822972610163,0.0775888052124,0.00555403168619,0.0669678461272
10,0.00816366049604,0.0775788422101,0.00555374834312,0.0669565162389
11,0.00802351703743,0.0775930531896,0.00555362011619,0.0669457808835
12,0.00816577348786,0.077590905703,0.00555338076992,0.0669356043218
13,0.00806228198613,0.0775830040757,0.00555305707621,0.0669232787332
14,0.00802912685769,0.0775340016072,0.00555284996244,0.0669117185753
15,0.00805256474548,0.0775420254526,0.0055526667129,0.0669010626152
16,0.00786157602516,0.0775195057862,0.0055522408893,0.0668921768665
17,0.00821242728629,0.0775148819845,0.00555203486238,0.066883910913
18,0.00821885488068,0.0775131861178,0.00555197235281,0.06686988601
19,0.00798776056259,0.0775675820903,0.0055518432473,0.0668598887278
20,0.00798566360027,0.0775031286937,0.00555166392405,0.0668522189371
21,0.00812540694068,0.0774906343566,0.00555131401961,0.0668424891774
22,0.00801412203313,0.0775318320554,0.00555111520134,0.066837048973
23,0.00809149393955,0.0775677288094,0.00555097376673,0.0668334778165
24,0.00797464728105,0.077529565073,0.00555090445778,0.0668318235548
25,0.00793152719808,0.0775167400447,0.00555072102725,0.0668348035542
26,0.00816342098495,0.0774392052912,0.00555034778245,0.0668324984144
27,0.00818716664799,0.0774301118576,0.00555018585328,0.0668285491411
28,0.00806152454327,0.0774372301709,0.0055500144108,0.0668272501789
29,0.00800245846263,0.0774407893992,0.0055499268019,0.0668172375299
30,0.00786808255809,0.0774367885807,0.00554994238155,0.0668106023222
31,0.00804122999454,0.0774457609424,0.00554990462842,0.0668052723631
32,0.00813256454869,0.0774646223738,0.00554977784304,0.0667998517165
33,0.00805737482957,0.0774634837245,0.00554942413237,0.0667945556343
34,0.00811441556121,0.0774294417351,0.00554955862935,0.0667879291577
35,0.00791782948475,0.0775001117816,0.00554948300578,0.0667811672902
36,0.0078233411858,0.0774103123695,0.00554937037577,0.0667755382601
37,0.00807226787751,0.0774255512426,0.00554914831537,0.0667738167103
38,0.00787378947448,0.0774131855712,0.0055490488021,0.0667674954748
39,0.0081033262854,0.077408468494,0.00554922692845,0.0667580068111
40,0.00812424485608,0.0773930383416,0.00554924453991,0.0667463998543
41,0.00804507330758,0.077461405299,0.00554929798636,0.0667413657065
42,0.00791814283002,0.0774225844787,0.0055490005152,0.0667364310939
43,0.00815438369934,0.0773875482667,0.00554886422287,0.0667310180143
44,0.00816644729975,0.0773672773861,0.00554895079131,0.0667284524534
45,0.00798351859423,0.0773593839258,0.0055486945248,0.0667257132009
46,0.00814871560746,0.0773832444102,0.00554874444788,0.0667233389104
47,0.00804599931535,0.0774509307857,0.00554844692942,0.0667229369283
48,0.00807984572692,0.0774029107908,0.00554849766559,0.0667246950325
49,0.00810319052723,0.0773455526393,0.00554826587631,0.0667244174983
50,0.00813125409723,0.0773493203406,0.00554835067032,0.0667216550792
51,0.00786333561588,0.0773541620718,0.00554818381534,0.0667191409739
