epoch,jaccard,loss,val_jaccard,val_loss
0,0.0993908755481,0.605682007968,0.122834093869,0.668664157391
1,0.09510149993,0.501321464777,0.121470995247,0.641694843769
2,0.0933998692781,0.485636465251,0.120078608394,0.617089688778
3,0.0933002792299,0.472190536559,0.118648223579,0.594777464867
4,0.0918883569539,0.459661252797,0.117177553475,0.574293375015
5,0.092804979533,0.447858408093,0.115642629564,0.555263161659
6,0.095502037555,0.435343824327,0.114030651748,0.537589669228
7,0.106043901294,0.419376067817,0.112286366522,0.520632565022
8,0.107115868479,0.408007964492,0.110470607877,0.50512945652
9,0.112340150401,0.39577896148,0.108585737646,0.490964561701
10,0.115997757763,0.386567205191,0.106606654823,0.478023141623
11,0.117410903797,0.37657468766,0.104550197721,0.466316342354
12,0.119628608227,0.370371885598,0.102471210063,0.456052601337
13,0.12266953662,0.361814640462,0.100369952619,0.447093188763
14,0.1205680985,0.356771469116,0.0982450172305,0.439300060272
15,0.130458761007,0.349088951945,0.0960657969117,0.43247282505
16,0.12707599625,0.343946106732,0.0939325913787,0.426805943251
17,0.124999834225,0.341227158904,0.0918023735285,0.422037482262
18,0.134490517899,0.334476672113,0.0896488726139,0.418040603399
19,0.12707015872,0.330153696239,0.0875649452209,0.414876937866
20,0.135895917192,0.329431205988,0.0854450911283,0.412314385176
21,0.123132072389,0.32887122035,0.0834184810519,0.410425752401
22,0.140524487942,0.320284932852,0.0812816470861,0.408989399672
23,0.135618794709,0.315488092601,0.0793716907501,0.408058345318
24,0.140541031957,0.314593344927,0.0781558603048,0.4075999856
25,0.146843954921,0.30920638144,0.0795434638858,0.408987641335
26,0.14234817028,0.306508779526,0.0786319598556,0.409530431032
27,0.144140925258,0.306274607778,0.0777047052979,0.409827888012
28,0.142300404608,0.303993090987,0.0819642171264,0.416904628277
29,0.151153635234,0.303175091743,0.0805840194225,0.422435194254
30,0.140829835087,0.299957543612,0.0800824984908,0.416294068098
31,0.141069542617,0.303127899766,0.0740395635366,0.410633474588
32,0.148103371263,0.297589890659,0.0724461749196,0.41435495019
33,0.14023655653,0.301072053611,0.066721752286,0.418412327766
34,0.149724733084,0.298600114882,0.0738104581833,0.425087809563
35,0.147439420223,0.291323170066,0.0852526724339,0.437948048115
36,0.16246156767,0.290928974748,0.0908774361014,0.428666621447
37,0.145969312638,0.288675919175,0.0687075480819,0.426350206137
38,0.158574517816,0.288457252085,0.0804374665022,0.430960059166
39,0.158611126244,0.286531180143,0.107502810657,0.452411204576
40,0.160719867796,0.281266130507,0.132452309132,0.45297151804
41,0.161728873849,0.286982484162,0.132636994123,0.458531409502
42,0.156780868769,0.281283013523,0.12717781961,0.430043011904
43,0.171437751502,0.278082624078,0.13011470437,0.453872293234
44,0.163930095732,0.276217028499,0.144026786089,0.475503504276
45,0.176055077463,0.276016302407,0.140934303403,0.433544903994
46,0.158673364669,0.275272868574,0.15092176199,0.439205616713
47,0.176431875676,0.274916067719,0.151984795928,0.510059654713
48,0.172481052577,0.271109122783,0.146919310093,0.51596903801
49,0.173078406602,0.273170150816,0.144893333316,0.455392509699
50,0.169306620955,0.269359841943,0.153320163488,0.435379385948
51,0.179169308394,0.269195258617,0.149759232998,0.426433503628
52,0.178166627884,0.270849756896,0.138066217303,0.409687906504
53,0.163862776011,0.273056976497,0.153737962246,0.474015295506
54,0.173620536923,0.269998177886,0.151844784617,0.449866980314
55,0.176339257509,0.268243797123,0.152952477336,0.448290646076
56,0.180291123688,0.26718390733,0.163073763251,0.428443163633
57,0.174071971327,0.266143105924,0.140945017338,0.424290329218
58,0.180853109807,0.267391573638,0.132720753551,0.436713844538
59,0.177476186305,0.267280891538,0.150684252381,0.420573860407
60,0.179420467466,0.263961650431,0.153778672218,0.421191066504
61,0.184678401798,0.26157110557,0.155998393893,0.393870323896
62,0.184348553419,0.263226237148,0.145257055759,0.406585007906
63,0.17308646068,0.264411244541,0.12736132741,0.421390652657
64,0.185419503599,0.267018064857,0.173101201653,0.386839210987
65,0.176135692745,0.266182150692,0.159294456244,0.445837050676
66,0.177441716194,0.267869528383,0.164705887437,0.446008473635
67,0.176538746804,0.263961404562,0.154362663627,0.524757564068
68,0.190096445382,0.261009648442,0.156479939818,0.450348585844
69,0.181203965098,0.264282662421,0.162953406572,0.532406330109
70,0.187190677971,0.259202901274,0.161370441318,0.429804384708
71,0.179647423327,0.261482376605,0.179376646876,0.440945416689
72,0.18987274915,0.258377898484,0.186098277569,0.457577139139
73,0.194731254131,0.254526332021,0.185725525022,0.400286495686
74,0.192494232208,0.255412127823,0.178682789207,0.431378543377
75,0.194934677333,0.253903407604,0.184737533331,0.39139392972
76,0.196345329285,0.255894459784,0.176370307803,0.402814030647
77,0.190479751676,0.252325776964,0.150333464146,0.412840038538
78,0.201930079609,0.254386901855,0.162333846092,0.419337928295
79,0.1889709346,0.250787064433,0.149287045002,0.393176496029
80,0.207216665149,0.248799942434,0.165298238397,0.386680036783
81,0.197908811271,0.249319206923,0.148110538721,0.397297739983
82,0.20150731504,0.2528334409,0.186060324311,0.377152770758
83,0.191317275167,0.249682042748,0.156394764781,0.3890671134
84,0.206416778266,0.249464485794,0.197670057416,0.381591707468
85,0.200949329883,0.246897988021,0.178768694401,0.373852044344
86,0.208065450191,0.244872730225,0.18490575254,0.369599014521
87,0.208298142999,0.244705032557,0.17864087224,0.382646173239
88,0.199237871915,0.249562460929,0.183539524674,0.377307444811
89,0.21137477085,0.247180916369,0.1909109056,0.361376434565
90,0.202107861638,0.244581513107,0.19041480124,0.35364946723
91,0.208596341312,0.242004796863,0.1898881495,0.352231651545
92,0.213831681758,0.241810869426,0.195443600416,0.35369810462
93,0.216592855752,0.239871811122,0.159423813224,0.35753056407
94,0.215702362359,0.240157525986,0.164965853095,0.385345190763
95,0.216955162585,0.237283423543,0.16381599009,0.360369354486
96,0.222743310034,0.235348466784,0.178215026855,0.3533590734
97,0.217889647931,0.236949305981,0.161970332265,0.370518177748
98,0.226236294955,0.235632333905,0.164444088936,0.355286955833
99,0.225459996611,0.232083819807,0.162813991308,0.365157753229
100,0.223852857947,0.234432004392,0.156356826425,0.368065565825
101,0.231113620102,0.23245863989,0.180398061872,0.355331510305
102,0.225130818784,0.232676889747,0.152187645435,0.373394578695
103,0.23196130991,0.231609057635,0.166177287698,0.365278154612
104,0.228957623243,0.228001482785,0.150609016418,0.370223045349
105,0.235288579017,0.228581301868,0.193965122104,0.340667039156
106,0.235539764166,0.225950889289,0.170130997896,0.356005400419
107,0.2446622774,0.22717217356,0.173057302833,0.34375038743
108,0.227921459824,0.224554792047,0.188037231565,0.364249050617
109,0.247450947762,0.221381399781,0.186754569411,0.356545716524
110,0.243110835552,0.220636695623,0.169449180365,0.378617227077
111,0.252397939563,0.22124171257,0.171513438225,0.356014430523
112,0.243529830128,0.218503966928,0.184336781502,0.359430134296
113,0.259900584817,0.216916628182,0.179586470127,0.362233042717
114,0.249495871365,0.215923245996,0.196985647082,0.355649322271
115,0.259520217776,0.215692900121,0.151033550501,0.383903592825
116,0.248837538064,0.218848258257,0.21603640914,0.336882978678
117,0.256638005376,0.218229576945,0.192186191678,0.348291128874
118,0.249600186944,0.21776336059,0.209948256612,0.33404096961
119,0.260417997837,0.215207852423,0.188758432865,0.365592122078
120,0.255850851536,0.216175459325,0.200543999672,0.336741119623
121,0.260649107397,0.215050522238,0.165784671903,0.3840508461
122,0.258441675454,0.210400488228,0.21259200573,0.35073903203
123,0.261555921286,0.211295850575,0.196832358837,0.362207353115
124,0.275884479284,0.20920104906,0.18168951571,0.36786621809
125,0.265032850206,0.207070834935,0.21601395309,0.343778312206
126,0.282367177308,0.204813029617,0.1763446033,0.373957514763
127,0.275864489377,0.201839756221,0.217387869954,0.355389147997
128,0.287276521325,0.203174103051,0.185937538743,0.363450616598
129,0.280911192298,0.200255189091,0.181367784739,0.377369314432
130,0.286139585078,0.198493357748,0.189939200878,0.361995726824
131,0.286395668983,0.201292261481,0.183448895812,0.37400239706
132,0.289081968367,0.20031529665,0.179834961891,0.37082952261
133,0.285828150809,0.198481049389,0.197652742267,0.360725671053
134,0.296773195267,0.197441298515,0.193966761231,0.368147045374
135,0.290958553553,0.197461538017,0.208329975605,0.367607206106
136,0.293921858072,0.194968633354,0.168365120888,0.404805362225
137,0.299187749624,0.195620939136,0.20759794116,0.362868875265
138,0.303474962711,0.191693838686,0.186550408602,0.38094997406
139,0.306001901627,0.19058957696,0.193684741855,0.374132335186
140,0.318082042038,0.187460586429,0.182668909431,0.383814692497
141,0.304472357035,0.191723037511,0.204252138734,0.37754419446
142,0.318324521184,0.188235089183,0.184111520648,0.381668925285
143,0.311056755483,0.185074936599,0.210289523005,0.370979994535
144,0.322845481336,0.184999234974,0.184007078409,0.387895405293
145,0.320414893329,0.184888921678,0.201510220766,0.369568377733
146,0.326795846224,0.181546900421,0.195322081447,0.394203186035
147,0.329858981073,0.180883068591,0.192271322012,0.385335534811
148,0.337367855012,0.178082674742,0.199915394187,0.387279838324
149,0.333416111767,0.177203956991,0.198925346136,0.379568725824
150,0.337000921369,0.178229425102,0.205902129412,0.376708567142
151,0.343632563949,0.175520285964,0.174870982766,0.396036535501
152,0.346505239606,0.172875255346,0.213400825858,0.376318156719
153,0.345214881003,0.175258476287,0.191162824631,0.385799407959
154,0.348349861801,0.175443138927,0.21621952951,0.382507026196
155,0.343462198973,0.172425106168,0.205521062016,0.390628874302
156,0.351156316698,0.174892865121,0.190708294511,0.397601693869
157,0.346294693649,0.173573620617,0.206396713853,0.402464359999
158,0.342870779335,0.173381913453,0.185758024454,0.411810070276
159,0.360316187143,0.172134123743,0.178598299623,0.425084292889
160,0.347205385566,0.170335657895,0.198497161269,0.420082777739
161,0.363035835326,0.169357072562,0.207910358906,0.402560114861
162,0.366438530385,0.167822200805,0.212316200137,0.395227879286
163,0.36150072515,0.166616551578,0.199993833899,0.396269887686
164,0.365422464907,0.164260927588,0.195854246616,0.411322712898
165,0.37848097086,0.163647100329,0.183030247688,0.424245715141
166,0.371632136405,0.164722207934,0.221022948623,0.395643293858
167,0.36796361208,0.164767891169,0.203772380948,0.408998310566
168,0.384674265981,0.160641152412,0.195930585265,0.419219791889
169,0.384691402316,0.15609061718,0.208785384893,0.414119362831
170,0.390006326139,0.157212467864,0.198856458068,0.418936729431
171,0.402974620461,0.153374098241,0.188578829169,0.432619929314
172,0.405757337809,0.150851555169,0.202725589275,0.416612505913
173,0.407540589571,0.14973891899,0.20661996305,0.409518510103
174,0.412419810891,0.147290296853,0.190892860293,0.429928898811
175,0.418340519071,0.148030627519,0.205457061529,0.405740469694
176,0.415050074458,0.147533956915,0.181217208505,0.437413722277
177,0.419812850654,0.147207248956,0.206288456917,0.401804238558
178,0.419987283647,0.144188147038,0.202794104815,0.425219863653
179,0.431027472019,0.144690167159,0.174292400479,0.434811145067
180,0.416524007916,0.145751425996,0.212476611137,0.409072697163
181,0.434972062707,0.141993816942,0.195832207799,0.432065367699
182,0.430442027748,0.143344273791,0.229355633259,0.402307778597
183,0.409891568124,0.151272887364,0.203277781606,0.40775051713
184,0.427467823029,0.146080613136,0.209016337991,0.412531286478
185,0.422671481967,0.144391734153,0.217195495963,0.409822911024
186,0.42460373044,0.143795706332,0.210590064526,0.41397574544
187,0.426618665457,0.142923403531,0.218110650778,0.420278996229
188,0.422363013029,0.150320513174,0.178272008896,0.448046058416
189,0.388446457684,0.162167731673,0.156558424234,0.485707461834
190,0.35810393095,0.168474644423,0.159014567733,0.514582753181
191,0.377000778913,0.167255841196,0.188749343157,0.488783448935
192,0.362797528505,0.168933734298,0.189935162663,0.494556874037
193,0.378586575389,0.16671525687,0.190003782511,0.466746777296
194,0.378962919116,0.158789493144,0.20305866003,0.489218592644
195,0.419596940279,0.150639763102,0.190747797489,0.510941803455
196,0.413373023272,0.145823009312,0.185392349958,0.510990738869
197,0.423204123974,0.14348398149,0.208089575171,0.499822735786
198,0.44876743108,0.137061456218,0.170747801661,0.523801147938
199,0.437763571739,0.139903198928,0.213650852442,0.478651940823
200,0.450052849948,0.137199031189,0.194941759109,0.493323326111
201,0.457433000207,0.134156821296,0.211764156818,0.462033778429
202,0.464103341103,0.131312772632,0.206815570593,0.484281599522
203,0.469003491104,0.129000928253,0.186023101211,0.478425681591
204,0.466719217598,0.130840247497,0.218995794654,0.45656260848
205,0.481912642717,0.126820471138,0.194289296865,0.46965149045
206,0.473615773022,0.128273837268,0.209357261658,0.456108868122
207,0.481614530087,0.125108972192,0.192547649145,0.463714659214
208,0.486302621663,0.123898800462,0.223048210144,0.442537307739
209,0.491859972477,0.12269676663,0.202404797077,0.459257245064
210,0.493443138897,0.121188448742,0.213004469872,0.443677961826
211,0.500015631318,0.118976647034,0.213189199567,0.445336610079
212,0.50985121727,0.118465164676,0.212981283665,0.44458141923
213,0.504407420754,0.117703894153,0.195541679859,0.450020760298
214,0.50334494561,0.117864526808,0.224665611982,0.443142682314
215,0.50707025826,0.119029864669,0.202162384987,0.44628700614
216,0.497154578567,0.119950661436,0.227106675506,0.434458851814
217,0.506931111217,0.119236214086,0.204758316278,0.449464470148
218,0.498425900936,0.121014110744,0.228836327791,0.427289873362
219,0.506729617715,0.116842435673,0.219736292958,0.451387137175
220,0.511838719249,0.11719480902,0.220018386841,0.445539325476
221,0.511834204197,0.117126181722,0.231470644474,0.439802587032
222,0.50708758831,0.118657080457,0.240284606814,0.430116713047
223,0.511253729463,0.118935836479,0.206100553274,0.460867613554
224,0.500883735716,0.117727477103,0.241218358278,0.43313267827
225,0.514496877789,0.118037611246,0.21174839139,0.450975716114
226,0.509515985847,0.116159914061,0.243480682373,0.436040043831
227,0.517432674766,0.115608368069,0.207511276007,0.45989215374
228,0.5193143785,0.112358329818,0.246388584375,0.441719383001
229,0.53035594523,0.112160058692,0.218211174011,0.456383287907
230,0.530310109258,0.111059674993,0.23021312058,0.448508322239
231,0.5336779356,0.110651789233,0.22140955925,0.452853888273
232,0.530283346772,0.112288279459,0.223429679871,0.452612698078
233,0.533293709159,0.109448902309,0.229973226786,0.439800202847
234,0.533042147756,0.110081281513,0.225573942065,0.457853406668
235,0.532449886203,0.110781945288,0.213316991925,0.455980747938
236,0.537608757615,0.109275203198,0.218748062849,0.458215206861
237,0.536503314972,0.107847891748,0.221540883183,0.453535526991
238,0.542315095663,0.107166394591,0.22015850246,0.457027167082
239,0.550336569548,0.10606864281,0.207849830389,0.464105725288
240,0.550054401159,0.10489060916,0.224463865161,0.452919274569
241,0.541632011533,0.108999317512,0.227172061801,0.443209171295
242,0.539903312922,0.108186904341,0.203093037009,0.466649621725
243,0.544899106026,0.107273768634,0.227304637432,0.445896536112
244,0.540468230844,0.106970630586,0.21019628644,0.469108372927
245,0.539552167058,0.106288691983,0.238964810967,0.450177311897
246,0.548745810986,0.107200121507,0.202328279614,0.475797116756
247,0.549757450819,0.104255244136,0.23852853477,0.454423159361
248,0.559836804867,0.103621134534,0.197110071778,0.478439033031
249,0.557592615485,0.103180037811,0.235868468881,0.457333028316
250,0.564348176122,0.101235995069,0.22376537323,0.459371656179
251,0.567864313722,0.100705385208,0.221653148532,0.465369671583
252,0.56816919148,0.0991171114147,0.224957868457,0.459009975195
253,0.569624602795,0.100565787405,0.224724039435,0.458084285259
254,0.57478941977,0.0992170721292,0.215424671769,0.462259680033
255,0.570171430707,0.098825299181,0.221094816923,0.456462591887
256,0.574069857597,0.0981524847448,0.210067987442,0.469517201185
257,0.57213562727,0.098561052233,0.221636816859,0.463311254978
258,0.580680519342,0.0970075055957,0.211463496089,0.466960042715
259,0.581509694457,0.0960141513497,0.214427813888,0.467071264982
260,0.586514294147,0.0944673698395,0.209807828069,0.474043369293
261,0.580935329199,0.0971733257174,0.219843611121,0.460360407829
262,0.572110697627,0.100082179531,0.229188337922,0.463988274336
263,0.564303249121,0.102428229526,0.214352741838,0.472951352596
264,0.57420091331,0.0981170088053,0.222757786512,0.456729769707
265,0.568632304668,0.100237304345,0.230400949717,0.468016684055
266,0.578950807452,0.0973475947976,0.206419914961,0.471326857805
267,0.574137017131,0.0989469476044,0.238718539476,0.473543852568
268,0.58079713583,0.097051249817,0.217956095934,0.474197566509
269,0.580154761672,0.0989175010473,0.211404070258,0.480876237154
270,0.576019510627,0.0973667800426,0.242800161242,0.465004980564
271,0.581344485283,0.0962520632893,0.213803425431,0.481606066227
272,0.582333803177,0.0965685509145,0.237475156784,0.470719158649
273,0.579929828644,0.0971556063741,0.219321995974,0.481049478054
274,0.58253672719,0.0957951713353,0.23178383708,0.47648447752
275,0.582430452108,0.0969645734876,0.223535865545,0.483642071486
276,0.588785171509,0.0939075630158,0.239642247558,0.471952825785
277,0.593927845359,0.0932428073138,0.224345996976,0.483650147915
278,0.603534862399,0.0899321176112,0.228044390678,0.482816010714
279,0.604109287262,0.0905624888837,0.21879580617,0.487198621035
280,0.597920045257,0.0923994109035,0.230488985777,0.475630193949
281,0.601731836796,0.0897806268185,0.229716271162,0.485960185528
282,0.613009914756,0.0881559755653,0.236467555165,0.477903097868
283,0.609501570463,0.0890571959317,0.225209563971,0.483204215765
284,0.603301793337,0.0913450792432,0.226693153381,0.472002983093
285,0.601531296968,0.089614611119,0.237209409475,0.484325736761
286,0.605382710695,0.0904550775886,0.236963286996,0.480398952961
287,0.613218411803,0.0885915197432,0.224285244942,0.486883163452
288,0.612982481718,0.0878896005452,0.237963318825,0.48438757658
289,0.614437177777,0.0867080427706,0.234808251262,0.47793251276
290,0.620622053742,0.0860410723835,0.238174796104,0.478724420071
291,0.621183723211,0.0852411836386,0.225793495774,0.490787953138
292,0.625271439552,0.0846768319607,0.224897608161,0.485004097223
293,0.626148849726,0.0836964081973,0.242237657309,0.480301290751
294,0.632675051689,0.0830202605575,0.222518458962,0.490095585585
295,0.630427390337,0.0838869381696,0.221968725324,0.490558028221
296,0.627031460404,0.0832171496004,0.24666389823,0.482829391956
