epoch,jaccard,loss,val_jaccard,val_loss
0,0.0937620718032,0.795065686107,0.0941319465637,0.674629569054
1,0.0905056726187,0.672478243709,0.0938176587224,0.597309052944
2,0.0904317833483,0.609576046467,0.0958319455385,0.561340987682
3,0.0909053515643,0.576442524791,0.0962491184473,0.543712854385
4,0.0913599934429,0.557255342603,0.096243262291,0.532284915447
5,0.091790465638,0.544216528535,0.096749804914,0.52388137579
6,0.0916584655643,0.535645067692,0.0965231955051,0.517488837242
7,0.0916722323745,0.528111532331,0.0962918102741,0.512543678284
8,0.091973176226,0.522596985102,0.0971197932959,0.508433580399
9,0.0926618035883,0.518128469586,0.097947627306,0.505040109158
10,0.0931449905038,0.514395147562,0.0980023816228,0.502179026604
11,0.0933553501964,0.511310756207,0.0983766168356,0.499496340752
12,0.0939532071352,0.50791721046,0.098876029253,0.497149556875
13,0.0946216620505,0.505064748228,0.098909497261,0.495101928711
14,0.094466291368,0.502754092216,0.0991780906916,0.492911368608
15,0.0953094474971,0.50056360662,0.100658170879,0.490775108337
16,0.0962592549622,0.497586116195,0.0995750203729,0.488850563765
17,0.0956158768386,0.495671719313,0.100837931037,0.486669123173
18,0.0973753016442,0.493294738233,0.101771041751,0.484660029411
19,0.0966399461031,0.491437576711,0.101117536426,0.482917010784
20,0.0966525133699,0.489289842546,0.102816402912,0.480861604214
21,0.0987147223204,0.487343944609,0.102922059596,0.479015767574
22,0.0982167031616,0.484943680465,0.102334290743,0.47722736001
23,0.0977152679116,0.483147367835,0.103549212217,0.475204944611
24,0.0996693149209,0.481091938913,0.104622863233,0.473918497562
25,0.0989189725369,0.479088865221,0.103998310864,0.471888244152
26,0.100702129304,0.476899653673,0.106919176877,0.470699191093
27,0.100916547701,0.47484139353,0.104652710259,0.468278497458
28,0.100337380543,0.47352360934,0.106934480369,0.467678099871
29,0.099580578506,0.472552150488,0.1048880741,0.465122669935
30,0.100925251842,0.470153786242,0.107789665461,0.463858991861
31,0.101332139224,0.468125127256,0.105777688324,0.461377710104
32,0.100011212751,0.466746151447,0.107668623328,0.460488885641
33,0.103573396802,0.464342087507,0.108118385077,0.459068804979
34,0.101964609697,0.462909176946,0.106605187058,0.456840842962
35,0.101966260001,0.461548276246,0.108373448253,0.456202626228
36,0.10259524174,0.459677092731,0.107292920351,0.453744053841
37,0.100545449182,0.458941496909,0.108535557985,0.452232778072
38,0.102975878865,0.456253312528,0.108691692352,0.450650393963
39,0.101952616125,0.455123595893,0.109001517296,0.449056327343
40,0.104083370417,0.453152917325,0.11015176028,0.448451668024
41,0.10368388705,0.451682120562,0.108462393284,0.446252375841
42,0.103210421279,0.450380094349,0.110168546438,0.444671928883
43,0.104542715475,0.44848652184,0.109747685492,0.443285048008
44,0.1036832463,0.447107113898,0.109891988337,0.442116707563
45,0.10408686474,0.445648401976,0.110060460865,0.440556317568
46,0.104969395325,0.44378464669,0.110484421253,0.439153552055
47,0.105108695105,0.442871943116,0.110388733447,0.437874883413
48,0.103616734967,0.44164738059,0.109810061753,0.436429589987
49,0.104823531583,0.440494447947,0.111520558596,0.435383796692
50,0.104982456192,0.438230767846,0.109333254397,0.43386888504
51,0.104810940102,0.437712654471,0.11193266511,0.432727009058
52,0.10501020588,0.436148263514,0.109144598246,0.431191086769
53,0.102805895731,0.435023710132,0.111531361938,0.430098086596
54,0.106992634013,0.433300107718,0.112603314221,0.429687172174
55,0.105213738978,0.432176232338,0.109814889729,0.427281141281
56,0.104450628161,0.430465638638,0.11163059622,0.426269024611
57,0.107300812379,0.428846180439,0.112589471042,0.425437182188
58,0.107002303004,0.427474610507,0.110978126526,0.423645436764
59,0.105128811672,0.426668845117,0.111591905355,0.422243982553
60,0.106980254874,0.424780115485,0.113290518522,0.421332985163
61,0.107575304806,0.42382337898,0.111891463399,0.420278251171
62,0.106174072251,0.42266150564,0.112774319947,0.41900536418
63,0.107998264953,0.420780070126,0.113175585866,0.41812390089
64,0.107870267704,0.419400803745,0.113182120025,0.417068332434
65,0.107770960778,0.418862886727,0.11348927021,0.415561258793
66,0.10844704695,0.417337745428,0.112860843539,0.414373397827
67,0.106752565131,0.416721776128,0.113936044276,0.413176447153
68,0.109155597165,0.414605543017,0.113875798881,0.412183374166
69,0.108658380806,0.413473315537,0.113085739315,0.411745846272
70,0.109112365171,0.412332259119,0.115287162364,0.410204857588
71,0.110559670255,0.411273956299,0.113904513419,0.408882528543
72,0.108050432056,0.410215415061,0.113323062658,0.40785446763
73,0.109230956063,0.4085945189,0.114906437695,0.406672745943
74,0.110098598525,0.407507538795,0.115096218884,0.405918478966
75,0.110510053113,0.406538374722,0.11438472569,0.405110687017
76,0.105736963451,0.407658331096,0.113259829581,0.403604894876
77,0.109483711421,0.404740326107,0.115972593427,0.402694374323
78,0.109606835991,0.403550721705,0.113226473331,0.402167826891
79,0.109010508284,0.402545161545,0.116552114487,0.401592373848
80,0.110275287181,0.401740655303,0.114315368235,0.399950623512
81,0.110201468691,0.399845287204,0.116971246898,0.398686438799
82,0.111673844978,0.399215430021,0.117109194398,0.398400902748
83,0.110623754561,0.398282155395,0.115485832095,0.397424459457
84,0.1110860724,0.396678067744,0.115726903081,0.396188229322
85,0.110587282106,0.395909585059,0.117104798555,0.394681721926
86,0.111645007506,0.394962333143,0.116248697042,0.39451944828
87,0.111319852993,0.394444838166,0.117577940226,0.393660545349
88,0.111972237006,0.39273737371,0.11479396373,0.392323970795
89,0.111003302038,0.391444422305,0.117619127035,0.39160233736
90,0.11336126551,0.390503264964,0.116293258965,0.390622466803
91,0.112643286586,0.389474071562,0.118410691619,0.389765977859
92,0.114386102185,0.388441577554,0.117013037205,0.388603955507
93,0.110452802852,0.388532400131,0.11736227572,0.387856930494
94,0.112275823951,0.386885717511,0.118749409914,0.387460887432
95,0.113533059135,0.385693490505,0.118055418134,0.38629552722
96,0.113302152604,0.384825184941,0.119234338403,0.385555744171
97,0.114172317088,0.383795961738,0.118634261191,0.384404122829
98,0.113979354501,0.382795616984,0.117949895561,0.383933722973
99,0.111578224227,0.382922321558,0.117182508111,0.38292658329
100,0.114662624896,0.380913279951,0.120804615319,0.382100254297
101,0.11432461068,0.380288988352,0.117880880833,0.380680918694
102,0.113467156887,0.379722334445,0.118970319629,0.380678594112
103,0.111838566139,0.379710257053,0.1183032915,0.379715532064
104,0.115537591279,0.377416819334,0.118815809488,0.378679215908
105,0.114621566609,0.37627274543,0.119039528072,0.37768393755
106,0.114352321252,0.376380294561,0.119744747877,0.377953886986
107,0.115112969652,0.374984569848,0.118894293904,0.376227140427
108,0.115730579942,0.373588018119,0.120606176555,0.375357717276
109,0.115975951776,0.373150974512,0.118431784213,0.375197589397
110,0.115727480501,0.372140139341,0.12168315053,0.374008715153
111,0.115199921653,0.372020289302,0.119435288012,0.373541325331
112,0.114939223975,0.370449103415,0.120002239943,0.372965246439
113,0.118031842634,0.369251579046,0.121979683638,0.371908932924
114,0.116558616981,0.369054310024,0.120825976133,0.370864868164
115,0.117703558877,0.367886200547,0.119848929346,0.371033549309
116,0.115822792053,0.367477491498,0.120788395405,0.37030762434
117,0.117547510192,0.366466782987,0.120950721204,0.368999361992
118,0.116127390414,0.365546479821,0.121277168393,0.368223249912
119,0.119525214657,0.364436879754,0.122608028352,0.368054062128
120,0.118016997352,0.36358140409,0.120115503669,0.367019474506
121,0.117421295494,0.36315728724,0.121780671179,0.366068452597
122,0.117012260482,0.36312019825,0.120773114264,0.365488886833
123,0.116623394191,0.362226687372,0.1221229285,0.365593492985
124,0.119004460052,0.36108096689,0.120719008148,0.364217072725
125,0.116509499028,0.36036400497,0.12238728255,0.364292055368
126,0.122019704431,0.358579985797,0.123069822788,0.362618863583
127,0.117769155651,0.358617044985,0.121674664319,0.362269848585
128,0.120533073321,0.357562527061,0.123161524534,0.362136721611
129,0.117603536695,0.357625164092,0.122701019049,0.360903143883
130,0.120102325454,0.356241986156,0.123447321355,0.360734015703
131,0.11950266175,0.355861790478,0.122327640653,0.35967695713
132,0.117867810652,0.355506062508,0.122330844402,0.360180526972
133,0.121215106919,0.353697046638,0.123969472945,0.359044671059
134,0.120595600456,0.353581883013,0.122828841209,0.358510166407
135,0.120522720739,0.352822519839,0.124224677682,0.357608646154
136,0.120258873329,0.352588526905,0.122687987983,0.357251137495
137,0.120098890737,0.351324662566,0.122957795858,0.356411129236
138,0.11979287304,0.351329699159,0.124364554882,0.356166779995
139,0.12295470573,0.350225590169,0.123222447932,0.355089575052
140,0.119471095502,0.349449984729,0.122939988971,0.354521751404
141,0.121287619695,0.349124185741,0.122995257378,0.354347229004
142,0.12040643394,0.348215825856,0.124404758215,0.354054540396
143,0.121738955379,0.347667656839,0.124187238514,0.353512406349
144,0.12082108669,0.34787107259,0.12402382493,0.352576345205
145,0.121424093843,0.346162378788,0.123349197209,0.35237878561
146,0.12019473128,0.346915386617,0.125497102737,0.351169854403
147,0.122110422701,0.344733834267,0.123358853161,0.350921452045
148,0.121410554275,0.344100214541,0.124486707151,0.349867373705
149,0.124023998156,0.343119286001,0.126301959157,0.350086688995
150,0.122108340263,0.342986218631,0.125672131777,0.349443942308
151,0.125198420137,0.342389509082,0.125182509422,0.348366856575
152,0.12195545435,0.34130319953,0.125106289983,0.348570406437
153,0.124929854646,0.341701433063,0.123969517648,0.347725957632
154,0.121837431565,0.340483687818,0.124800331891,0.346844345331
155,0.123041573912,0.340618953109,0.123833343387,0.3467682302
156,0.121690116823,0.339186318219,0.12627632916,0.345716297626
157,0.12559078075,0.33846219629,0.126846343279,0.345289945602
158,0.124481655657,0.338112831116,0.125055730343,0.344694763422
159,0.124124294147,0.337374903262,0.125209212303,0.34391027689
160,0.123429231346,0.337196201086,0.127494201064,0.343327432871
161,0.126503098756,0.335653744638,0.125450313091,0.34307834506
162,0.124298322946,0.335057422519,0.126083284616,0.343094885349
163,0.126598117873,0.335131898522,0.128365054727,0.342212945223
164,0.126298381016,0.333627790213,0.126401394606,0.341672092676
165,0.123917432502,0.334031544626,0.125964000821,0.3418866992
166,0.12568805553,0.333385780454,0.127126812935,0.340622186661
167,0.126536089927,0.332572244108,0.127558410168,0.341027528048
168,0.127039423212,0.331754982471,0.126685127616,0.340612828732
169,0.12671838887,0.331112541258,0.126058101654,0.340309202671
170,0.127224953845,0.332054071128,0.12726727128,0.339326173067
171,0.125891603529,0.330383770168,0.126173779368,0.339054316282
172,0.124038740993,0.330887846649,0.126805856824,0.337916731834
173,0.127461722121,0.328882299364,0.128967806697,0.338169038296
174,0.1285074763,0.328796133399,0.129446700215,0.338019013405
175,0.127257462591,0.328325919807,0.125810742378,0.337048053741
176,0.125706864521,0.328443206847,0.128203779459,0.336510330439
177,0.128072218969,0.327817559242,0.128139019012,0.336017608643
178,0.12139778398,0.329400084913,0.127609044313,0.336379021406
179,0.126262221485,0.329816170037,0.121722772717,0.337494403124
180,0.12314609997,0.32789991796,0.128387510777,0.335608929396
181,0.128443116322,0.325888566673,0.126325786114,0.334336072206
182,0.123585170135,0.325680807233,0.128639429808,0.333953917027
183,0.132244635373,0.323968932033,0.130051344633,0.334482580423
184,0.127185553312,0.324450604618,0.127240613103,0.332993417978
185,0.129224134609,0.322708003223,0.129888087511,0.333333432674
186,0.13032647036,0.322852656245,0.128439709544,0.332940548658
187,0.128244776279,0.322728782892,0.128470286727,0.331896990538
188,0.129834165797,0.321675442159,0.127456218004,0.332942605019
189,0.128980601206,0.321036607027,0.12944701314,0.33148625493
190,0.131224717945,0.320585489273,0.128354176879,0.330704301596
191,0.129108289257,0.320137515664,0.129340663552,0.330938160419
192,0.130533648655,0.320120371878,0.128513753414,0.331417679787
193,0.130309669301,0.320105686784,0.130089253187,0.329897671938
194,0.129376592115,0.319029554725,0.128787621856,0.329719483852
195,0.13121031411,0.317996457219,0.12963566184,0.328833729029
196,0.129938820377,0.31839812547,0.129534810781,0.328017860651
197,0.13151307404,0.316905476153,0.130582198501,0.328390479088
198,0.133872695267,0.31605476141,0.130429580808,0.328323870897
199,0.128543842584,0.317356303334,0.132337853312,0.32816067338
200,0.134410863742,0.316195562482,0.128578662872,0.327414721251
201,0.129051094875,0.315915942192,0.129538550973,0.32723775506
202,0.134030219167,0.314539447427,0.132128998637,0.326570749283
203,0.133591737598,0.313937529922,0.128587082028,0.325633764267
204,0.131508424878,0.314674139023,0.131444051862,0.325974583626
205,0.1321323663,0.314285926521,0.130487531424,0.325543612242
206,0.132996093482,0.31294811517,0.130306050181,0.325169444084
207,0.131142668426,0.313101917505,0.130535170436,0.325206547976
208,0.134160870686,0.312938317657,0.130809873343,0.324477016926
209,0.133012745529,0.312405988574,0.131160408258,0.324241220951
210,0.13078847155,0.31222948432,0.13013471663,0.323972374201
211,0.135852597654,0.310845285654,0.13243676722,0.323704451323
212,0.13132398203,0.311339117587,0.129478752613,0.322873413563
213,0.134773770347,0.310118250549,0.134269863367,0.322854876518
214,0.137127112597,0.309061020613,0.129195809364,0.323131322861
215,0.133385691792,0.309137485921,0.134418383241,0.323059111834
216,0.136334368959,0.309108629823,0.12741163373,0.322975158691
217,0.134140059352,0.308595523238,0.133380204439,0.321813702583
218,0.136290092021,0.307535119355,0.130206182599,0.321356892586
219,0.134628133848,0.307248331606,0.13238351047,0.321456700563
220,0.137338388711,0.307399384677,0.132478535175,0.320909231901
221,0.1350360699,0.306689418852,0.130927279592,0.3207719028
222,0.132279906422,0.307217784226,0.13431660831,0.320263534784
223,0.138355568051,0.306300252676,0.132150650024,0.320837318897
224,0.136737816036,0.30532502383,0.133219465613,0.320723354816
225,0.136423096061,0.306230828166,0.131058707833,0.319049298763
226,0.135300144553,0.304756395519,0.133184790611,0.318832427263
227,0.135083384812,0.305654242635,0.132554590702,0.318188935518
228,0.134617332369,0.30579674989,0.130402565002,0.319440245628
229,0.135103050619,0.304176740348,0.13356731832,0.318917959929
230,0.136856351048,0.303933419287,0.132908970118,0.317622184753
231,0.137025356293,0.30284652859,0.134445592761,0.318133533001
232,0.140321854502,0.302636869252,0.13281776011,0.317809611559
233,0.134210649878,0.303086951375,0.132542029023,0.317269414663
234,0.139370512217,0.30190166086,0.133404836059,0.317622601986
235,0.138179004192,0.301545292139,0.132212564349,0.31683665514
236,0.138246372342,0.302099950612,0.133232831955,0.316196292639
237,0.138044130057,0.301214776933,0.132070332766,0.315878719091
238,0.136989846826,0.299992769957,0.134119898081,0.31650441885
239,0.133999338374,0.303590498865,0.136037349701,0.315913379192
240,0.140117526054,0.299719162285,0.131990268826,0.316645771265
241,0.136153247207,0.300176687539,0.134796068072,0.315641254187
242,0.14149800688,0.299194924533,0.135371446609,0.314406096935
243,0.139960657805,0.298429653049,0.133744969964,0.314887106419
244,0.138707835227,0.298149213195,0.133549138904,0.314727038145
245,0.141612373292,0.297387197614,0.135379686952,0.313990443945
246,0.138094946742,0.297495245934,0.134836792946,0.313976466656
247,0.144026488066,0.296547442675,0.135273233056,0.313735663891
248,0.13972966373,0.296661429107,0.134436413646,0.312932938337
249,0.142131004483,0.296527288854,0.134883120656,0.313643008471
250,0.139244474471,0.296017453074,0.135305523872,0.312946170568
251,0.14104354009,0.297491028905,0.134104534984,0.313251942396
252,0.139860667288,0.295226030052,0.136215507984,0.312048316002
253,0.141886744648,0.294914104044,0.134800821543,0.311912029982
254,0.141677923501,0.294659934938,0.13400375843,0.312676370144
255,0.143561206758,0.294104062021,0.136147335172,0.311005949974
256,0.140990003943,0.293490126729,0.134911105037,0.312397629023
257,0.144703015685,0.293942198157,0.135106518865,0.311330229044
258,0.141549918801,0.292652539909,0.13435690105,0.311206459999
259,0.14285666123,0.292985036969,0.136282652617,0.311595499516
260,0.143863305449,0.292328499258,0.137783810496,0.310386836529
261,0.144094362855,0.293177559972,0.134118527174,0.310872018337
262,0.14175638184,0.292106457055,0.134488686919,0.311241805553
263,0.142159126699,0.292452320457,0.137376055121,0.31116989255
264,0.14359305799,0.291961438954,0.13251273334,0.310195595026
265,0.142428055406,0.290945507586,0.136891558766,0.310255378485
266,0.142405098304,0.29229581356,0.134963855147,0.310754150152
267,0.139914071187,0.291761755943,0.136006101966,0.309890508652
268,0.144197817892,0.290295481682,0.138123691082,0.308973968029
269,0.144201055169,0.290623009205,0.136452749372,0.309215784073
270,0.146134920418,0.289619602263,0.135983780026,0.308652758598
271,0.142627924681,0.289421126246,0.135920733213,0.30911552906
272,0.147905420512,0.288283787668,0.138458698988,0.308134913445
273,0.142531991005,0.289617277682,0.137712046504,0.308060586452
274,0.146268937737,0.288632139564,0.138157904148,0.307776302099
275,0.146965906024,0.287840805948,0.13597369194,0.307452917099
276,0.14405451715,0.288647465408,0.137037262321,0.307663679123
277,0.14337291941,0.287780076265,0.136425048113,0.307059645653
278,0.146612826735,0.286969408393,0.138589203358,0.307126373053
279,0.148449737579,0.286544345319,0.138553500175,0.306873947382
280,0.147029671818,0.285933069885,0.136864006519,0.306647002697
281,0.146383482963,0.28562143445,0.138655617833,0.305983781815
282,0.149444382638,0.286122813821,0.136715918779,0.30764067173
283,0.144611462951,0.285810790956,0.137612700462,0.306375056505
284,0.145675843582,0.287392698228,0.133436515927,0.305958777666
285,0.143779460341,0.285961396992,0.139443308115,0.306300133467
286,0.14683682844,0.285852961242,0.140232905746,0.304991453886
287,0.146949090064,0.284420572221,0.135019034147,0.306810438633
288,0.148058477789,0.284110568464,0.140461027622,0.30623704195
289,0.149741351604,0.285102032125,0.136394456029,0.306305259466
290,0.14497461915,0.284221701324,0.135300979018,0.304280608892
291,0.147534489632,0.284275941551,0.137918248773,0.304521888494
292,0.146059498191,0.283486992121,0.138044074178,0.305436551571
293,0.150700055063,0.283625453711,0.138533592224,0.304605811834
294,0.146837521344,0.282606549561,0.137810274959,0.303703516722
295,0.149353194982,0.282631911337,0.140709072351,0.303823381662
296,0.147274173796,0.28335673362,0.136032819748,0.304933845997
297,0.148389633745,0.28279838711,0.140462607145,0.304374426603
298,0.147044740617,0.282238721848,0.137184351683,0.303096204996
299,0.148507859558,0.28251671046,0.140886306763,0.303577929735
300,0.149883020669,0.281248904765,0.137571558356,0.303511440754
301,0.146622370929,0.281410716474,0.139629125595,0.302925348282
302,0.152812577784,0.280433557928,0.141013413668,0.303006887436
303,0.151348188519,0.280003003776,0.13787534833,0.302868068218
304,0.147631201893,0.280302293599,0.138641774654,0.302471220493
305,0.152699258178,0.280072942376,0.14275854826,0.302243977785
306,0.149981915951,0.279619552195,0.139533177018,0.301760852337
307,0.151638034731,0.278546571732,0.139246404171,0.302380859852
308,0.150557599962,0.278687514365,0.141044646502,0.302374601364
309,0.153022948653,0.278541721404,0.140588715672,0.301572442055
310,0.151130847633,0.278513558209,0.138903349638,0.3012996912
311,0.149386744946,0.279036357999,0.142259657383,0.301228284836
312,0.151967346668,0.278522647917,0.138179734349,0.303213387728
313,0.151207838207,0.277199916542,0.142059206963,0.302133500576
314,0.154786650091,0.277741551399,0.139021575451,0.301748484373
315,0.151902958751,0.276820257306,0.140849500895,0.301799446344
316,0.151703786105,0.277146190405,0.140030056238,0.300487160683
317,0.153279606253,0.276968225837,0.141203179955,0.301854729652
318,0.153354078531,0.275883987546,0.138389497995,0.300085127354
319,0.153005316854,0.276507005095,0.140702083707,0.301482915878
320,0.152459848672,0.276473641396,0.142611354589,0.300936818123
321,0.154220905155,0.276149243116,0.137276276946,0.300447434187
322,0.15221170336,0.274980977178,0.142641797662,0.300311654806
323,0.157337330282,0.274943202734,0.137632653117,0.301391720772
324,0.148825243115,0.275853477418,0.141398146749,0.299930125475
325,0.156270001084,0.275823965669,0.141609787941,0.300942391157
326,0.148619778454,0.277851756662,0.139152526855,0.299574762583
327,0.152923502028,0.275133661926,0.141985803843,0.299549609423
328,0.153562486172,0.2750396505,0.139814481139,0.300523936749
329,0.152203265578,0.274945236742,0.140810415149,0.29878872633
330,0.153343420476,0.274552501738,0.14024040103,0.298540174961
331,0.154481168836,0.273451887071,0.142919227481,0.299927949905
332,0.152804479003,0.274785667658,0.142075613141,0.297687798738
333,0.155982844532,0.273500941694,0.143941327929,0.298432171345
334,0.155201338232,0.273443318903,0.141137331724,0.298268467188
335,0.15560035035,0.272256918252,0.142770469189,0.297990083694
336,0.150916796178,0.273214705288,0.142770245671,0.298330366611
337,0.159220416099,0.272353768349,0.142780661583,0.298361420631
338,0.151517804712,0.273425281048,0.141113862395,0.29770308733
339,0.158781256527,0.272229485214,0.143115222454,0.298476278782
340,0.154275063425,0.272051595151,0.140718981624,0.297817796469
341,0.155367083848,0.271102935076,0.144715040922,0.298146247864
342,0.158155743033,0.270421989262,0.143192023039,0.299084603786
343,0.159215401858,0.269944444299,0.144666478038,0.297481060028
344,0.1577295959,0.270475607365,0.140728503466,0.297787219286
345,0.154692593962,0.271294645965,0.145216882229,0.297101318836
346,0.15894728899,0.269904971123,0.143561214209,0.297500193119
347,0.156610555947,0.270144157112,0.142601177096,0.298593997955
348,0.161416821182,0.268992468715,0.143351048231,0.297261506319
349,0.156474921852,0.269439063966,0.142095118761,0.297305971384
350,0.159674514085,0.268304660916,0.14490839839,0.296225577593
351,0.158836498857,0.268398813903,0.143102571368,0.296422034502
352,0.161571785808,0.268159911036,0.144645988941,0.296628654003
353,0.149338427931,0.273218911141,0.140177190304,0.298637866974
354,0.158371731639,0.271403223276,0.143699467182,0.297229498625
355,0.153638973832,0.27110350877,0.139925286174,0.296768307686
356,0.155995089561,0.269644282758,0.142008841038,0.296195477247
357,0.158177740872,0.269076280296,0.143765285611,0.2972484231
358,0.15765639022,0.269796844572,0.141114279628,0.296105027199
359,0.155037172139,0.269206501544,0.14338696003,0.296863883734
360,0.158911798149,0.267387829721,0.143508151174,0.296070098877
361,0.156999338418,0.269078873098,0.143702313304,0.295690655708
362,0.160750135779,0.268560960889,0.14404708147,0.295615941286
363,0.153309870511,0.268353268504,0.14124211669,0.295386195183
364,0.162090491503,0.266321994364,0.14868183434,0.294976115227
365,0.158069487661,0.268132820725,0.141974881291,0.295918554068
366,0.160628627986,0.268154218793,0.148659944534,0.295686721802
367,0.158993635327,0.266129158437,0.139123171568,0.295538753271
368,0.156147550792,0.266884766519,0.145392760634,0.295768886805
369,0.159609306604,0.266216333956,0.145627900958,0.296118170023
370,0.164640493691,0.265183858573,0.145640283823,0.295236289501
371,0.160132136196,0.265517637134,0.142800211906,0.294471025467
372,0.159829586744,0.26572798565,0.147127300501,0.29341545701
373,0.163507793099,0.26382561028,0.147592738271,0.295040935278
374,0.16469424963,0.263956047595,0.144339561462,0.294646501541
375,0.163096442819,0.262959331274,0.145870342851,0.294329464436
376,0.163968045264,0.263755928725,0.146999299526,0.29464161396
377,0.164509814233,0.26288818568,0.145106241107,0.294317573309
378,0.161208577454,0.263231411576,0.146762639284,0.29392015934
379,0.165153823793,0.264061205089,0.146391376853,0.294527858496
380,0.163105446845,0.263561733067,0.142610967159,0.2950925529
381,0.16209018603,0.263214081526,0.146507591009,0.294879406691
382,0.165236070752,0.262587625533,0.146308556199,0.293724805117
383,0.163501597941,0.262348674238,0.147539705038,0.293880105019
384,0.163024317473,0.262629114091,0.145027071238,0.293727964163
385,0.165334384888,0.26230212301,0.148540705442,0.294244617224
386,0.166318975389,0.261584889144,0.143862277269,0.294297367334
387,0.159949056804,0.262279085815,0.146519958973,0.294306486845
388,0.164257515222,0.26341079548,0.146649584174,0.292712926865
389,0.164200309664,0.261869132519,0.14889074862,0.293243020773
390,0.166860841215,0.261497229338,0.14702501893,0.293419659138
391,0.162390884012,0.262589160353,0.145839080215,0.29324233532
392,0.164976794273,0.261455725878,0.146309539676,0.292852640152
393,0.164863023907,0.261361356825,0.146376594901,0.293192535639
394,0.164209280163,0.260152630508,0.145385712385,0.291845679283
395,0.167050447315,0.259574137628,0.148382514715,0.293287724257
396,0.167214758694,0.261060010642,0.148983359337,0.293406099081
397,0.166559189558,0.259776476771,0.144702911377,0.292284101248
398,0.163475964218,0.261460248381,0.146464183927,0.293802917004
399,0.166956033558,0.259658716619,0.146623685956,0.292155534029
400,0.159634105861,0.261668089777,0.147400513291,0.29273763299
401,0.16983929649,0.260511506349,0.150015279651,0.292908579111
402,0.16637019068,0.259205766022,0.145019471645,0.292355448008
403,0.164548680186,0.259857866913,0.144991800189,0.292992323637
404,0.165940333158,0.259748797864,0.147850453854,0.292590379715
405,0.168849125504,0.25948068127,0.147035628557,0.292068690062
406,0.166261825711,0.25809302181,0.146024987102,0.291772186756
407,0.163283787668,0.260497756302,0.149505868554,0.292241364717
408,0.168984968215,0.258072681725,0.146446913481,0.292667448521
409,0.166676457971,0.258738029748,0.150492891669,0.293114066124
410,0.169098507613,0.258117467165,0.146435365081,0.291836023331
411,0.168016355485,0.258257094771,0.147068187594,0.292210370302
412,0.166297275573,0.25853921473,0.148217886686,0.290476977825
413,0.167640008032,0.257739376277,0.147366315126,0.29117077589
414,0.169454973191,0.257189054042,0.151264041662,0.292111039162
415,0.170244932175,0.256980530918,0.143797323108,0.291740894318
416,0.167546324432,0.256594661623,0.148380383849,0.292678922415
417,0.170119706541,0.258710816503,0.144397526979,0.292941361666
418,0.16563776508,0.256664358079,0.146879330277,0.291217416525
419,0.168298799545,0.256425917149,0.148730248213,0.290727078915
420,0.169951893389,0.256370466202,0.149753555655,0.291322141886
421,0.168504673988,0.257291473448,0.148283928633,0.291470557451
422,0.17110125348,0.256217889488,0.146321743727,0.292162716389
423,0.170220904052,0.255667086691,0.147748038173,0.291716903448
424,0.169206790626,0.254767134786,0.146987006068,0.291572570801
425,0.170401997864,0.256421782076,0.147384285927,0.292464196682
426,0.168116986752,0.255123864859,0.149056151509,0.290526896715
427,0.173321444541,0.254742592573,0.149308532476,0.291337132454
428,0.170329131186,0.254040133208,0.149441495538,0.291048973799
429,0.171344701201,0.255369056016,0.148178130388,0.291074573994
430,0.170360729098,0.256983190775,0.148301616311,0.290912359953
431,0.165831070393,0.255870353431,0.146448731422,0.290466636419
432,0.172822292894,0.255758561194,0.150499433279,0.291279137135
433,0.170617811382,0.254500281066,0.146883904934,0.290435105562
434,0.164310809225,0.255960889161,0.148250952363,0.290049225092
435,0.173386909068,0.253982868046,0.152054861188,0.292598664761
436,0.173816014081,0.25476148352,0.147978708148,0.291005194187
437,0.171846106648,0.253474451602,0.148347660899,0.290050536394
438,0.168632492423,0.253691397607,0.149733632803,0.29111468792
439,0.174944482744,0.255556832999,0.151894971728,0.290605068207
440,0.167440172285,0.253738429397,0.143761128187,0.289489984512
441,0.172010101378,0.253491781652,0.151912525296,0.289560347795
442,0.172292515635,0.252781324089,0.149920001626,0.290455788374
443,0.173665005714,0.25310832262,0.148916482925,0.289898365736
444,0.173852622509,0.253259401768,0.151676535606,0.290435671806
445,0.17290783301,0.252264451236,0.146118447185,0.289436578751
446,0.172851160169,0.253382589668,0.151104792953,0.290894001722
447,0.166385054588,0.25484797731,0.149845302105,0.288458675146
448,0.175754487514,0.252315256745,0.151778101921,0.290141046047
449,0.175866834819,0.251489501446,0.147609591484,0.291663199663
450,0.169671542943,0.252807375044,0.149269208312,0.289039731026
451,0.174361906946,0.253540806472,0.150182157755,0.291351765394
452,0.169703248888,0.252974290401,0.149288311601,0.2895809412
453,0.174090117216,0.25211205706,0.148034766316,0.290727615356
454,0.172156851739,0.251285091043,0.152524620295,0.28981590271
455,0.177397523075,0.250876542181,0.150281220675,0.288423717022
456,0.170410912484,0.253703139722,0.146688625216,0.291112989187
457,0.173704512417,0.252217527479,0.150846362114,0.287714391947
458,0.17159254849,0.251393452287,0.1496501863,0.28811660409
459,0.176989860833,0.249630849808,0.151771187782,0.290590167046
460,0.176083639264,0.250242080539,0.148803681135,0.289299637079
461,0.175158593804,0.249710977077,0.152329444885,0.288979679346
462,0.173463318497,0.251158714294,0.148638010025,0.290016978979
463,0.175159454346,0.250252086669,0.152141824365,0.289375960827
464,0.176579907537,0.249214567244,0.150632679462,0.291313350201
465,0.179710432887,0.249132931232,0.15054230392,0.289736419916
466,0.174796190113,0.249610155821,0.150038555264,0.289684206247
467,0.177552066743,0.249799314886,0.149296075106,0.290453195572
468,0.176451202482,0.249940466136,0.151513397694,0.289922386408
469,0.175693467259,0.249285060912,0.149442866445,0.288548082113
470,0.175014790148,0.25059421733,0.155670210719,0.289929866791
471,0.179192926735,0.249198623002,0.147108733654,0.291839569807
472,0.176171205938,0.248429890722,0.150279849768,0.289360880852
473,0.175481893122,0.248357348144,0.14932268858,0.290272384882
474,0.177682925016,0.247954428196,0.151962518692,0.290603280067
475,0.181176591665,0.248642612249,0.151378750801,0.288601964712
476,0.174230415374,0.249055966735,0.147932142019,0.288899421692
477,0.175544757396,0.248277787119,0.151503503323,0.288964152336
478,0.179775055498,0.248004790395,0.152729764581,0.290181428194
479,0.178727433085,0.249063450843,0.15166606009,0.288451254368
480,0.174686674029,0.248333245516,0.14692440629,0.28952857852
481,0.177559848875,0.249026615173,0.150833487511,0.288933634758
482,0.172255322337,0.251348096877,0.15213561058,0.288526505232
483,0.178046062589,0.248404987156,0.151100188494,0.289047241211
484,0.174573883414,0.248304769397,0.15074339509,0.289114445448
485,0.177128594369,0.248677428812,0.150293841958,0.288853526115
486,0.176559574902,0.247901089489,0.152519643307,0.290397822857
487,0.183957308531,0.245906986296,0.151788115501,0.289466232061
488,0.172153912485,0.248173415661,0.149628773332,0.289009809494
489,0.176390442997,0.248678222299,0.152643308043,0.288748055696
490,0.178738050163,0.247505802661,0.154018461704,0.288470685482
491,0.18029512465,0.24780197069,0.152124285698,0.288613677025
492,0.177061852068,0.246198624372,0.151198610663,0.289779007435
493,0.180333342403,0.246679950505,0.15205731988,0.288625061512
494,0.179897550493,0.246423780918,0.152546271682,0.289132505655
495,0.177068896592,0.246695749462,0.151888683438,0.287874370813
496,0.180914852768,0.245514214039,0.152851104736,0.290114611387
497,0.183595243841,0.244967281818,0.154356583953,0.288394451141
498,0.179818060249,0.245262246579,0.151639223099,0.28818961978
499,0.181878678501,0.24418066442,0.153891354799,0.287768423557
500,0.180871356279,0.244832575321,0.154227331281,0.288836121559
501,0.181259356439,0.246854420751,0.154546663165,0.287457376719
502,0.181864980608,0.245861031115,0.150122374296,0.289067625999
503,0.168197516352,0.251743111759,0.153547033668,0.289415955544
504,0.182465158403,0.245580364019,0.148913249373,0.289350599051
505,0.179299853742,0.245455391705,0.154463395476,0.287688821554
506,0.179507326335,0.245564114302,0.149668455124,0.28740721941
507,0.176877532154,0.245816327631,0.153047949076,0.288931578398
508,0.182647947222,0.246046438813,0.155967488885,0.287840634584
509,0.182277150452,0.243872862309,0.152924671769,0.288301736116
510,0.183086067438,0.244165394455,0.152742043138,0.28802767396
511,0.180857442319,0.243547972292,0.153155758977,0.287902534008
512,0.184464991093,0.2435554564,0.153525158763,0.289922863245
513,0.183436539024,0.242766603827,0.149976566434,0.289179652929
514,0.181082211435,0.243384938687,0.154497459531,0.289203345776
515,0.185563821346,0.242432519794,0.152025297284,0.289312690496
516,0.176794148982,0.245362762362,0.156129747629,0.287853658199
517,0.183535777032,0.24348789081,0.153167963028,0.28852891922
518,0.185598861426,0.244311604649,0.154096782207,0.288904249668
519,0.176930725574,0.245469357818,0.152042075992,0.287147164345
520,0.181671645492,0.24396308139,0.153285488486,0.288489967585
521,0.183791842312,0.242243606597,0.153703898191,0.287860989571
522,0.185116890818,0.243339322507,0.15307842195,0.288316398859
523,0.179995544255,0.243255030364,0.152973130345,0.289390444756
524,0.183162845671,0.242597777396,0.154538154602,0.288201153278
525,0.182989515364,0.243579190224,0.154154613614,0.287966251373
526,0.18226660043,0.242712952197,0.154902935028,0.287476032972
527,0.184092719108,0.242858212441,0.152765542269,0.288739562035
528,0.181122198701,0.243742153049,0.15508235991,0.28938627243
529,0.184438098222,0.242902819067,0.152876257896,0.288099586964
530,0.183465413749,0.241043563932,0.155935302377,0.288361936808
531,0.1866001077,0.241350952536,0.151437163353,0.289537280798
532,0.185915518552,0.241952396929,0.15456725657,0.288192272186
533,0.181704770774,0.242414783686,0.151223987341,0.287001669407
534,0.186202555895,0.240756828338,0.157077968121,0.287989079952
535,0.183699257672,0.241628028452,0.154079079628,0.28840816021
536,0.188744943589,0.241993181407,0.154145464301,0.28835067153
537,0.182916935533,0.24087734893,0.154791757464,0.287413746119
538,0.185037858784,0.241263691336,0.15319930017,0.288016200066
539,0.181451335549,0.241433452815,0.154130131006,0.287592321634
540,0.183103647083,0.242983222008,0.156661003828,0.288766235113
541,0.188065666705,0.240925822407,0.155097424984,0.289282441139
542,0.187622308731,0.241516537964,0.155191510916,0.285896211863
543,0.178829297423,0.241759173572,0.152057245374,0.287740081549
544,0.186426971108,0.241050358862,0.158109143376,0.289553582668
545,0.187875449657,0.242634184659,0.153906449676,0.289042979479
546,0.17863464728,0.242599267513,0.15279956162,0.285740345716
547,0.185096457601,0.240157734603,0.155600622296,0.287035107613
548,0.185771558434,0.239539422095,0.154631614685,0.287314355373
549,0.189009919763,0.239601839334,0.157102659345,0.28812867403
