epoch,jaccard,loss
0,0.0438095200807,0.782811450958
1,0.0457048669457,0.751527988911
2,0.0447939891368,0.735790610313
3,0.0443553077057,0.724312162399
4,0.0448701217771,0.712861704826
5,0.0448806531727,0.700647354126
6,0.0445611733943,0.69637594223
7,0.04448113814,0.689159071445
8,0.0445313148201,0.682705903053
9,0.0441703729331,0.685376465321
10,0.044558371976,0.677970659733
11,0.0446876581758,0.676178109646
12,0.0448655664921,0.670550310612
13,0.0449362747371,0.666784870625
14,0.044743168354,0.662656128407
15,0.0450852394104,0.658681941032
16,0.0452774234116,0.656304419041
17,0.0450575273484,0.654808628559
18,0.0453848078847,0.65069000721
19,0.0461705312133,0.651449918747
20,0.0450421191752,0.648826003075
21,0.0451797872782,0.645111715794
22,0.0452039986849,0.642909860611
23,0.0455277834088,0.639764416218
24,0.045778080821,0.63719689846
25,0.0459770966321,0.634707629681
26,0.0458108484745,0.633369660378
27,0.0458271630108,0.630571126938
28,0.0461912021041,0.629477155209
29,0.0454289417714,0.628184807301
30,0.0462056107819,0.625586509705
31,0.0468927077949,0.622661173344
32,0.0469736300409,0.621345841885
33,0.0464862331748,0.617659413815
34,0.0461723826826,0.615571284294
0,0.0460039958358,0.777916586399
1,0.0465738609433,0.746065962315
2,0.0454971794039,0.719714868069
3,0.0448964115232,0.716088700294
4,0.0445638727397,0.705213177204
5,0.0446912694722,0.69843338728
6,0.0444652073085,0.693600332737
7,0.0446469709277,0.687744474411
8,0.0449419096112,0.687754416466
9,0.0447054252028,0.681277751923
10,0.044738021493,0.679435861111
11,0.0448662746698,0.679284524918
12,0.0449156664312,0.676268446445
13,0.0448915556073,0.67059545517
14,0.0448832746595,0.666623830795
15,0.0449871722609,0.662103271484
16,0.0452090755105,0.670743131638
17,0.0448973953724,0.657019460201
18,0.0447317000479,0.657163321972
19,0.0448395162821,0.652815210819
20,0.0450617283583,0.648989999294
21,0.0454820379615,0.648207163811
22,0.0450867529958,0.643369603157
23,0.0450126476586,0.641730666161
24,0.0457876928151,0.638299274445
25,0.0455366827548,0.635944652557
26,0.0454023290426,0.633216071129
27,0.0454150605947,0.63181951046
28,0.0456560268998,0.628028941154
29,0.0454516097903,0.626004076004
30,0.0459881685674,0.623316693306
31,0.0462314385921,0.621903288364
32,0.0459540076554,0.619940555096
33,0.0457701325417,0.617237246037
34,0.0456966549158,0.615486824512
35,0.0462341360748,0.61362016201
36,0.0463491745293,0.61122918129
37,0.0467938132584,0.608398544788
38,0.0469181582332,0.60695567131
39,0.0465480040759,0.605372619629
40,0.0473788268864,0.601872932911
41,0.0474945425987,0.607574880123
42,0.0459380045533,0.607812929153
43,0.0455019406974,0.601618921757
44,0.0450376555324,0.597879505157
45,0.0452203601599,0.595482242107
46,0.0451569393277,0.593494296074
47,0.0456619620323,0.590485870838
48,0.0460629016161,0.588574457169
49,0.0463011138141,0.586783921719
50,0.0462249934673,0.585190546513
51,0.0463324286044,0.5828171134
52,0.046318782866,0.580862009525
53,0.0467238023877,0.578563857079
54,0.0475057296455,0.57652105093
55,0.0474994167686,0.574460458755
56,0.0474466640502,0.573112857342
57,0.0479421183467,0.570464169979
58,0.0477365709841,0.569037592411
59,0.0473149046302,0.567856931686
60,0.0466490313411,0.565740942955
61,0.0477290280163,0.563038980961
62,0.0474012706429,0.561992561817
63,0.0474111177027,0.560330379009
64,0.0488456204534,0.557321321964
65,0.0475881200284,0.556498503685
66,0.0480978794396,0.554475677013
67,0.0479368403554,0.552813625336
68,0.047819237411,0.551050341129
69,0.0472013115883,0.550140476227
70,0.0473363969475,0.547527647018
71,0.0486329451203,0.544805121422
72,0.0494120575488,0.543289375305
73,0.0475650504231,0.542772984505
74,0.0480059053749,0.541932857037
75,0.0465525645763,0.540657830238
76,0.0471021216363,0.539171016216
77,0.0475521072745,0.537535083294
78,0.0484003506601,0.535511732101
79,0.0491884365678,0.532610607147
80,0.048541187495,0.53150343895
81,0.0474319528788,0.530070543289
82,0.0474044017494,0.528793680668
83,0.0487355060875,0.525689125061
84,0.0486783351749,0.524751651287
85,0.0485488936305,0.522615492344
86,0.048865275085,0.520517122746
87,0.0491785988212,0.518934047222
88,0.0505992680788,0.516595041752
89,0.0508225284517,0.515367257595
90,0.0497696112841,0.513898169994
91,0.0503843955696,0.511796081066
92,0.0509036183357,0.510858881474
93,0.0499757610261,0.509198510647
94,0.0507280513644,0.506483495235
95,0.051112562418,0.505099487305
96,0.0503688596189,0.505092465878
97,0.0490677170455,0.504146653414
98,0.0509674109519,0.500527089834
99,0.0520601674914,0.499470305443
100,0.0516699612141,0.497804421186
101,0.0508413620293,0.49613121748
102,0.0513893291354,0.494669491053
103,0.0525626182556,0.492669373751
104,0.050974464044,0.492113018036
105,0.0509792022407,0.490844392776
106,0.0524968013167,0.487623345852
107,0.0531736344099,0.486946624517
108,0.0510572865605,0.485523992777
109,0.0526248641312,0.483262676001
110,0.0538456328213,0.481334620714
111,0.0529004056007,0.481355732679
112,0.0528617970645,0.479022789001
113,0.051745441556,0.478195679188
114,0.0535536803305,0.476699411869
115,0.0530510753393,0.47509573102
116,0.0527435451746,0.473608410358
117,0.0532805874944,0.472028517723
118,0.0536501422524,0.470354264975
119,0.0533406257629,0.469472515583
120,0.0534384965897,0.468117797375
121,0.0524779506028,0.467049902678
122,0.0545610427856,0.464058083296
123,0.0544547967613,0.462801200151
124,0.0565775260329,0.460513341427
125,0.0551699392498,0.459015631676
126,0.0559852413833,0.457847797871
127,0.0560542277992,0.456286489964
128,0.0541634105146,0.456813389063
129,0.0541384205222,0.45448705554
130,0.0558954082429,0.45266174674
131,0.0570366680622,0.450893646479
132,0.0567118644714,0.449006032944
133,0.0567911438644,0.448829680681
134,0.0571262918413,0.446188092232
135,0.057320009917,0.445422083139
136,0.0562272459269,0.444186627865
137,0.0571034215391,0.442274314165
138,0.0593132607639,0.439944475889
139,0.0577572032809,0.440997797251
140,0.0548729412258,0.440426325798
141,0.0556439645588,0.438221096992
142,0.0584241218865,0.43566480875
143,0.0594763383269,0.433823442459
144,0.057278200984,0.433238506317
145,0.0595971599221,0.430950987339
146,0.0566551148891,0.43036531806
147,0.0613737352192,0.428309237957
148,0.0563034225255,0.428366619349
149,0.0579070284963,0.42646715045
150,0.0612628288567,0.424009811878
151,0.0592644929886,0.423454487324
152,0.0614800065756,0.420948529243
153,0.0616374649107,0.419983631372
154,0.0589156091213,0.419781154394
155,0.058855292201,0.420232093334
156,0.0578476957977,0.419072651863
157,0.0616016089916,0.415347260237
158,0.0597808897495,0.4151940763
159,0.0588692098856,0.412831515074
