epoch,jaccard,loss
0,0.043365559727,0.797487676144
1,0.047022241354,0.779897010326
2,0.0483718104661,0.765718412399
3,0.0480061262846,0.747623610497
4,0.047509034723,0.730283427238
5,0.047073893249,0.718381750584
6,0.0467126131058,0.711422097683
7,0.0463264215738,0.706265091896
8,0.0462842442095,0.700894379616
9,0.0464900881052,0.699774992466
10,0.0462111368775,0.694643068314
11,0.0458751071244,0.692482185364
12,0.0458908677101,0.691379356384
13,0.0459683008492,0.688644552231
14,0.046108802408,0.686874210835
15,0.046093442291,0.68524261713
16,0.0465772755444,0.683487427235
17,0.0466872490942,0.682422375679
18,0.046679033339,0.680563211441
19,0.0468848824501,0.679827618599
20,0.0466889820993,0.677037775517
21,0.0475533336401,0.687546098232
22,0.0466996945441,0.674233973026
23,0.0470085404813,0.685247683525
24,0.0468125961721,0.672706484795
25,0.0454465597868,0.673886346817
26,0.0465818122029,0.672738385201
27,0.0464446634054,0.671694505215
28,0.0467623651028,0.67298977375
29,0.0465051218867,0.668058097363
30,0.0465518042445,0.667822575569
31,0.0465403646231,0.665809381008
32,0.0467589087784,0.664108455181
33,0.0468451708555,0.662731301785
34,0.0467897444963,0.662725949287
35,0.0466447889805,0.660745310783
36,0.0464796483517,0.659741222858
37,0.046318057552,0.658952474594
38,0.0466540664434,0.65908010006
39,0.0467879615724,0.65702829361
40,0.0470095708966,0.655824744701
41,0.0471832841635,0.655096721649
42,0.047212818265,0.655147862434
43,0.0471738480031,0.653910517693
44,0.046988786757,0.651929545403
