epoch,jaccard,loss,val_jaccard,val_loss
0,0.101140223444,0.722638055682,0.123503737152,0.683273732662
1,0.0988582987338,0.625902697444,0.123028181493,0.67297822237
2,0.0983438175172,0.567991361022,0.122536554933,0.662687122822
3,0.0978987850249,0.549062684178,0.122039392591,0.652768671513
4,0.0975760612637,0.542348265648,0.121549405158,0.643388569355
5,0.0971944537014,0.537956684828,0.121080838144,0.634502112865
6,0.0972229894251,0.535270750523,0.120622128248,0.626274049282
7,0.0974109526724,0.532666623592,0.120180465281,0.618684232235
8,0.09697689116,0.53105263412,0.119750067592,0.61170232296
9,0.0971243679523,0.529507607222,0.119343005121,0.605256736279
10,0.0971680879593,0.527808859944,0.118948385119,0.599295854568
11,0.0965098813176,0.52666130662,0.118576332927,0.593759417534
12,0.0970195792615,0.525328576565,0.118221729994,0.588596403599
13,0.0968136303127,0.524105131626,0.117882095277,0.583787679672
14,0.0966248884797,0.523074299097,0.117553792894,0.579282522202
15,0.096863867715,0.522056728601,0.117235504091,0.5750669837
16,0.0968596860766,0.520946249366,0.116929829121,0.571103155613
17,0.097004013136,0.520172715187,0.116638846695,0.56737112999
18,0.0968922991306,0.519185975194,0.116356059909,0.563844740391
19,0.0968350917101,0.517948910594,0.116080179811,0.560512304306
20,0.0969542115927,0.517065048218,0.115821287036,0.55735373497
21,0.0966322794557,0.516105592251,0.115562975407,0.554358899593
22,0.0969898328185,0.515331938863,0.115314438939,0.551510632038
23,0.096968498081,0.514371648431,0.115075662732,0.548791050911
24,0.0972740054131,0.513719156384,0.114839203656,0.546188116074
25,0.0975157953799,0.512504547834,0.11461173743,0.543685913086
26,0.0980380810797,0.5115878582,0.114382810891,0.541270852089
27,0.0979019403458,0.51055791229,0.114163152874,0.538939774036
28,0.0987905766815,0.509351432323,0.113943681121,0.53666549921
29,0.0991418398917,0.508401125669,0.113722413778,0.534436225891
30,0.100622905418,0.506679005921,0.113505646586,0.532236754894
31,0.100472418591,0.506272934377,0.113289780915,0.530078828335
32,0.103011181578,0.504223443568,0.113060362637,0.527893006802
33,0.102156883106,0.504105038941,0.112840026617,0.525767743587
34,0.104233330116,0.502274341881,0.112619742751,0.523673713207
35,0.105114180595,0.501105725765,0.112394884229,0.521615207195
36,0.107180599123,0.499016530812,0.112168103456,0.5195556283
37,0.107513487339,0.498041756451,0.111945606768,0.517572581768
38,0.106850801036,0.497749857605,0.111741565168,0.515664339066
39,0.109291603789,0.496048666537,0.111547082663,0.513767957687
40,0.109648855403,0.494594484568,0.111311890185,0.511901140213
41,0.109274039045,0.49395943433,0.111152395606,0.510167777538
42,0.110151391476,0.493332773447,0.111190162599,0.508720695972
43,0.108534630388,0.493254810572,0.111170694232,0.506921410561
44,0.109728744254,0.491220593452,0.112219952047,0.505072951317
45,0.110852139071,0.490892194211,0.111899010837,0.504799067974
46,0.111155007035,0.489126697183,0.111439816654,0.502073526382
47,0.11113169603,0.488849252462,0.112565100193,0.500877439976
48,0.109950406477,0.489355534315,0.112352326512,0.499997705221
49,0.109913954511,0.488261647522,0.113584406674,0.498971909285
50,0.110840797424,0.487090080976,0.114411212504,0.497081696987
51,0.112170075998,0.48532447964,0.11497810483,0.49573135376
52,0.112231893465,0.484841652215,0.116355262697,0.494574517012
53,0.112201070413,0.484028697014,0.11462879926,0.493689864874
54,0.111311139539,0.484110705554,0.120296522975,0.492585718632
55,0.113076351583,0.482622392476,0.120714999735,0.491326004267
56,0.1133123748,0.481841497123,0.119816973805,0.489898592234
57,0.110658036545,0.482626855373,0.122353218496,0.488949269056
58,0.1122636199,0.481412090361,0.114107012749,0.487786352634
59,0.11273236759,0.479876168072,0.115945830941,0.486421316862
60,0.112309835851,0.479586556554,0.118492715061,0.485455453396
61,0.109545914456,0.48061966151,0.114973947406,0.484303325415
62,0.113173080608,0.477743051946,0.116528004408,0.483321517706
63,0.111108109355,0.47841373831,0.122697979212,0.482857704163
64,0.11425287649,0.476366400719,0.122697234154,0.482025057077
65,0.112397404388,0.477338261902,0.120867073536,0.481761991978
66,0.112432688475,0.475931666791,0.125635132194,0.48127925396
67,0.114122739062,0.474548064172,0.124961256981,0.480254471302
68,0.112850183621,0.474755123258,0.123609595001,0.4781447649
69,0.114288505167,0.473540395498,0.124328963459,0.47809818387
70,0.11405669339,0.473067007959,0.124276131392,0.476027548313
71,0.114249745384,0.47208224237,0.125827595592,0.476962983608
72,0.114379854873,0.471591100097,0.126722633839,0.475552022457
73,0.114730358124,0.47069247067,0.127216264606,0.476242125034
74,0.114624392241,0.470356971025,0.125766411424,0.47488874197
75,0.114149585366,0.470055356622,0.126557305455,0.47409465909
76,0.112664226443,0.470085255802,0.128985971212,0.475199639797
77,0.115141736344,0.468322969973,0.129145368934,0.47305098176
78,0.114554621279,0.468146152794,0.129039779305,0.473490834236
79,0.115272117779,0.467105619609,0.130372747779,0.473683178425
80,0.113969001919,0.467551417649,0.129953309894,0.472172617912
81,0.113787410781,0.466922365129,0.131941616535,0.473432868719
82,0.113487808034,0.46778100729,0.12570425868,0.472291886806
83,0.113361017779,0.466063715518,0.131058812141,0.472191363573
84,0.11358480528,0.465071871877,0.133079379797,0.473556727171
85,0.115289133042,0.464446790516,0.131523147225,0.470889031887
86,0.114986652508,0.463129371405,0.133004412055,0.471703141928
87,0.114077106118,0.463353723288,0.133978009224,0.474527150393
88,0.116214504465,0.46170925349,0.13384373486,0.472718626261
89,0.115886170417,0.462151795626,0.13294044137,0.469499140978
90,0.114534148946,0.461373351514,0.134709239006,0.473830848932
91,0.116004370153,0.460472039878,0.134338006377,0.470982551575
92,0.116488566622,0.459598280489,0.134968265891,0.472686558962
93,0.114813702181,0.460003241897,0.135007917881,0.470389842987
94,0.115903599188,0.459085740149,0.135159671307,0.469953656197
95,0.116729600355,0.458185009658,0.13378508389,0.466382533312
96,0.115361178294,0.458402693272,0.134825110435,0.467279732227
97,0.116621660069,0.457673370838,0.131607666612,0.463578343391
98,0.115738829598,0.456844434142,0.134786128998,0.465712219477
99,0.115166882053,0.456837669015,0.134606152773,0.463844180107
100,0.116704596207,0.455397233367,0.135037824512,0.464518606663
101,0.115282595158,0.456657372415,0.133747309446,0.461319565773
102,0.115247271955,0.455396018922,0.134886354208,0.463179677725
103,0.11590526998,0.454448208213,0.135928541422,0.46597674489
104,0.116183688864,0.45375893265,0.135662794113,0.46211001277
105,0.117353409529,0.45300283283,0.13619621098,0.465907037258
106,0.113917037845,0.453830875456,0.13696706295,0.462769120932
107,0.117443807423,0.451949328184,0.137014552951,0.465446770191
108,0.117669090629,0.45157224685,0.135921552777,0.459519773722
109,0.117445675656,0.450676344335,0.136086776853,0.459124743938
110,0.116366490722,0.450902044773,0.136445701122,0.462835580111
111,0.116689536721,0.450974948704,0.13567186892,0.457703530788
112,0.117147618905,0.449115514755,0.136992499232,0.457778006792
113,0.116262134165,0.449525751173,0.137763351202,0.461946278811
114,0.117169518024,0.449015490711,0.136794447899,0.456471264362
115,0.116764014587,0.448558785021,0.137831449509,0.459640622139
116,0.118145018816,0.447045728564,0.137974277139,0.45749181509
117,0.118298398331,0.446993343532,0.137327626348,0.455978393555
118,0.117167344317,0.447604894638,0.136981353164,0.455987870693
119,0.11639271304,0.446475923061,0.136943101883,0.453452110291
120,0.118636995554,0.445118971169,0.136904060841,0.452437072992
121,0.118503302336,0.444676287472,0.137554094195,0.453621417284
122,0.116850961,0.445158727467,0.137911170721,0.45279482007
123,0.118617776781,0.444109939039,0.137089818716,0.451217532158
124,0.116791848093,0.444417335093,0.137986570597,0.451318114996
125,0.119133699685,0.442867949605,0.138546690345,0.454362988472
126,0.117795016617,0.443007439375,0.137695521116,0.452601760626
127,0.117239056155,0.442435108125,0.139019742608,0.455943584442
128,0.118816385046,0.441693559289,0.137933149934,0.450088709593
129,0.11748197861,0.442120939493,0.137717232108,0.449842840433
130,0.115836158395,0.443198092282,0.136117458344,0.447018027306
131,0.11749256961,0.440652705729,0.137799009681,0.448084890842
132,0.120197422802,0.439358152449,0.137606069446,0.448765903711
133,0.117817759514,0.439923241735,0.137539178133,0.446688979864
134,0.116019448265,0.440472528338,0.138119578362,0.446489781141
135,0.118593322113,0.439250960946,0.136553913355,0.444946736097
136,0.117517480627,0.438849546015,0.137331530452,0.444377362728
137,0.117767438293,0.438328884542,0.138342544436,0.445092409849
138,0.119008759037,0.437288634479,0.139617800713,0.447971910238
139,0.120367188007,0.436452448368,0.138599187136,0.447059810162
140,0.115981377661,0.439495772123,0.136092334986,0.441344082355
141,0.118416046724,0.435303390026,0.138586759567,0.444375872612
142,0.119673714042,0.435518056154,0.137529239058,0.443099498749
143,0.119823252782,0.434454418719,0.13882984221,0.443848013878
144,0.117665490136,0.436999991536,0.136302888393,0.441430568695
145,0.120292324573,0.43346580863,0.136704951525,0.440788865089
146,0.119599794969,0.433529011905,0.139428734779,0.442235797644
147,0.121402941644,0.432969227433,0.138516560197,0.441604703665
148,0.116487052292,0.435393646359,0.139595642686,0.44081261754
149,0.120308885351,0.432882294059,0.137875318527,0.438268482685
150,0.120578834787,0.431114017963,0.139031529427,0.437856525183
151,0.120178977028,0.431639350951,0.139681890607,0.440300285816
152,0.120254956186,0.431154608727,0.139709889889,0.437626391649
153,0.118515562266,0.43136356771,0.141122087836,0.439917117357
154,0.120970143005,0.430178977549,0.140501216054,0.438952952623
155,0.121745442972,0.429443202913,0.139599397779,0.437371373177
156,0.121848719195,0.428397610784,0.140506714582,0.438476413488
157,0.121928079054,0.428272470832,0.140352651477,0.436617523432
158,0.122131051496,0.42786988616,0.140621930361,0.437748521566
159,0.122009618208,0.427611961961,0.140736475587,0.437925726175
160,0.12216943875,0.426722705364,0.141566723585,0.437579035759
161,0.121670788154,0.42693246901,0.141486421227,0.436686635017
162,0.122003600001,0.426931843162,0.140424743295,0.436076790094
163,0.122301071882,0.425619363785,0.140855237842,0.435555964708
164,0.120656419545,0.426543913782,0.141459912062,0.433708280325
165,0.121920339763,0.425339639187,0.140199005604,0.432446926832
166,0.12066212669,0.425746649504,0.14032407105,0.435736656189
167,0.120376193896,0.425357379019,0.140225231647,0.432327896357
168,0.122951356694,0.423629835248,0.140801295638,0.432335287333
169,0.121442345902,0.42415817827,0.141196429729,0.43036070466
170,0.12257986702,0.423063799739,0.142450794578,0.433855086565
171,0.12348956801,0.422472715378,0.142163187265,0.433560371399
172,0.122262433171,0.422488950193,0.142116859555,0.430157661438
173,0.120232084766,0.424026101828,0.140728995204,0.429803580046
174,0.120818980038,0.423825517297,0.140208125114,0.42899620533
175,0.12299807556,0.420451894403,0.142216101289,0.42846211791
176,0.123612314463,0.421578370035,0.139265120029,0.429847061634
177,0.122921284288,0.419965863228,0.141516059637,0.429097294807
178,0.119834097102,0.422392353415,0.14187566936,0.426227420568
179,0.122379420325,0.420359231532,0.14240154624,0.427922934294
180,0.122359152883,0.419660389423,0.14322476089,0.427551716566
181,0.120141528547,0.420884847641,0.142150849104,0.426624178886
182,0.124784657732,0.418055452406,0.142318114638,0.425690591335
183,0.12433597818,0.417950488627,0.142447605729,0.425145149231
184,0.124413834885,0.417050018907,0.142396897078,0.427251219749
185,0.125173741952,0.416725620627,0.144439473748,0.429378896952
186,0.124071981758,0.417544655502,0.141345158219,0.425893843174
187,0.124549884349,0.415907807648,0.142924934626,0.424133300781
188,0.12482477352,0.416425809264,0.141982167959,0.425181508064
189,0.124420559034,0.415601365268,0.143612548709,0.422759711742
190,0.125673264265,0.414404079318,0.144033506513,0.425581544638
191,0.124243881553,0.414870157838,0.144229486585,0.421956717968
192,0.126028167084,0.414395667613,0.14370803535,0.424872249365
193,0.124940618873,0.413821056485,0.145671591163,0.428863614798
194,0.126241452992,0.413546569645,0.144684165716,0.424890786409
195,0.123990144581,0.414623975754,0.142532110214,0.421705424786
196,0.123482072726,0.413234576583,0.145338341594,0.421618193388
197,0.12472570315,0.41328060627,0.144801139832,0.420732319355
198,0.124558540061,0.413251593709,0.143754824996,0.426387161016
199,0.121679464355,0.41382612288,0.146202877164,0.423269808292
200,0.125541955233,0.412645108998,0.143247902393,0.426274299622
201,0.125001097098,0.411566630006,0.145481258631,0.42406976223
202,0.120985789225,0.415285244584,0.142805680633,0.4193585217
203,0.123775582761,0.412079691887,0.144150003791,0.421727508307
204,0.122216382995,0.411459736526,0.146065175533,0.424671053886
205,0.126611432061,0.409715779126,0.146568909287,0.42541334033
206,0.12596398592,0.409682102501,0.147841870785,0.427207440138
207,0.126212988049,0.409155830741,0.14718824625,0.423850625753
208,0.125608120114,0.410246640444,0.144313171506,0.423475295305
209,0.124146770686,0.409937128425,0.146310165524,0.416908740997
210,0.124641774222,0.409777104855,0.146046698093,0.418367087841
211,0.126295058057,0.407831303775,0.146600395441,0.42004776001
212,0.126818429679,0.407722935081,0.146456241608,0.415358453989
213,0.127278659493,0.406899616122,0.147892147303,0.419753968716
214,0.127558112144,0.40686313808,0.146260380745,0.422427266836
215,0.12594525516,0.406453497708,0.14782550931,0.417664378881
216,0.127294471487,0.406447604299,0.146968454123,0.416153520346
217,0.126774068922,0.406291559339,0.148311346769,0.417342185974
218,0.125337429345,0.407063573599,0.147425740957,0.414483517408
219,0.126725930721,0.405568756163,0.148037791252,0.415197372437
220,0.127913983539,0.40478643775,0.147325664759,0.412811726332
221,0.125715514645,0.406297676265,0.146346658468,0.415015310049
222,0.127498021349,0.403868287802,0.147619977593,0.421146333218
223,0.127226764336,0.40423566103,0.148268461227,0.418661624193
224,0.12799868919,0.403358347714,0.148271292448,0.41352596879
225,0.127990903333,0.40293687582,0.149060800672,0.414595961571
226,0.128098953515,0.403577469289,0.147207051516,0.415105044842
227,0.126279231161,0.403863675892,0.147864028811,0.415137648582
228,0.128772212192,0.401881806552,0.148091882467,0.418622404337
229,0.129063742235,0.401526413858,0.148227572441,0.409229129553
230,0.129364999011,0.401059024036,0.14910453558,0.411667197943
231,0.127788525075,0.402754940093,0.148114115,0.414657175541
232,0.128346947953,0.400749802589,0.150673702359,0.411152631044
233,0.129222942516,0.40050560236,0.149641782045,0.414288192987
234,0.129590451717,0.400022171438,0.150950521231,0.417833447456
235,0.129474433139,0.399666957557,0.150494500995,0.41226926446
236,0.129207456484,0.399870097637,0.1504599154,0.412820190191
237,0.127396019176,0.400317139924,0.150524064898,0.409289389849
238,0.130330320448,0.398638419807,0.150234907866,0.413541764021
239,0.129885546863,0.398569077253,0.150346010923,0.414058983326
240,0.130148148164,0.398592032492,0.14974090457,0.418141484261
241,0.129377929494,0.397711664438,0.152401477098,0.412570863962
242,0.130818290636,0.397193722427,0.151835680008,0.417430251837
243,0.130451984704,0.397305294871,0.150898739696,0.409549444914
244,0.130246929824,0.397360339761,0.151675760746,0.409973561764
245,0.12926748395,0.397682771087,0.151442527771,0.40715739131
246,0.129424273968,0.396655626595,0.151756003499,0.40446600318
247,0.129799116403,0.397230632603,0.151195839047,0.411657184362
248,0.129308879375,0.396948985755,0.151323869824,0.410251230001
249,0.131242794916,0.394843235612,0.151282444596,0.411764144897
250,0.13041267544,0.395606487989,0.152093634009,0.411624580622
251,0.129404280335,0.395852424204,0.151565819979,0.403660356998
252,0.131408138201,0.394805893302,0.151628896594,0.410750329494
253,0.128391524777,0.395342901349,0.154156893492,0.406878441572
254,0.13217575103,0.394624784589,0.151399418712,0.40650627017
255,0.13115054369,0.393343299627,0.154114603996,0.407274514437
256,0.13230827637,0.393527895212,0.152097791433,0.407699465752
257,0.130311941728,0.393153838813,0.154001176357,0.401231765747
258,0.131275093183,0.394147627056,0.151226893067,0.405236721039
259,0.131660506129,0.392136581242,0.153951734304,0.402754753828
260,0.132617961615,0.392340525985,0.153174251318,0.403020918369
261,0.131290923804,0.393115028739,0.152156040072,0.399866789579
262,0.127928014845,0.395274356008,0.150199756026,0.402898430824
263,0.128895835951,0.392662756145,0.153913885355,0.400860756636
264,0.132245281711,0.39191788435,0.15202498436,0.405119270086
265,0.131905855611,0.391072370112,0.15333840251,0.404522299767
266,0.131373355165,0.39164416492,0.154314160347,0.404412657022
267,0.132666803896,0.390814505517,0.152885511518,0.404196321964
268,0.132760800421,0.38980551064,0.153899461031,0.400094985962
269,0.129316091537,0.393009707332,0.152303636074,0.402203828096
270,0.131210813299,0.390620179474,0.152885183692,0.397976398468
271,0.132514785975,0.390142008662,0.152689754963,0.406460493803
272,0.131296925247,0.38979896903,0.154887825251,0.40343311429
273,0.13343940489,0.388940244913,0.154288992286,0.400773465633
274,0.133900843561,0.388004906476,0.154985889792,0.400721997023
275,0.132747421041,0.388566985726,0.15523211658,0.399784088135
276,0.134435005486,0.38806951046,0.154705107212,0.399494171143
277,0.13384385407,0.387469112873,0.155146837234,0.401225090027
278,0.134073652327,0.387945249677,0.155125647783,0.400950700045
279,0.131772406399,0.388319581747,0.155052497983,0.407409995794
280,0.132688844576,0.387311555445,0.156260207295,0.400774121284
281,0.13320309855,0.387037463486,0.155680254102,0.400289088488
282,0.135116100311,0.386523738503,0.155201032758,0.400116562843
283,0.134042358026,0.385948069394,0.156881287694,0.401676446199
284,0.135149590671,0.386108055711,0.155185356736,0.405101388693
285,0.134133957326,0.385866701603,0.156420707703,0.400003612041
286,0.133957274258,0.386248677969,0.15510058403,0.39437738061
287,0.135033305734,0.38520026207,0.15373416245,0.395973563194
288,0.134822867811,0.384181752801,0.15716278553,0.39587944746
289,0.135370526463,0.384493134916,0.157546445727,0.397828370333
290,0.133139936253,0.386774010956,0.155347585678,0.40014025569
291,0.131625527516,0.386331953108,0.156400948763,0.392044067383
292,0.136037614197,0.383578412235,0.155242592096,0.391389966011
293,0.135305374861,0.383408859372,0.157184422016,0.393812537193
294,0.134278155863,0.38391340524,0.15873028338,0.391966700554
295,0.136259630322,0.384148307145,0.153872430325,0.391112208366
296,0.134780790657,0.382908351719,0.158306434751,0.3975302279
297,0.134228549898,0.383934646845,0.157920047641,0.395184725523
298,0.136019065976,0.382021613419,0.159055069089,0.392753273249
299,0.129995880648,0.387907080352,0.157173365355,0.391523450613
300,0.134959219024,0.38280454278,0.157178103924,0.392724663019
301,0.136114634573,0.382272429764,0.155969172716,0.391746073961
302,0.129454860464,0.384951531887,0.157298460603,0.386476516724
303,0.136705100536,0.381718508899,0.157925963402,0.390808016062
304,0.136077832431,0.381931863725,0.15725697577,0.390009194613
305,0.135969592258,0.381335824728,0.156049221754,0.389725744724
306,0.134268347174,0.382460795343,0.156993016601,0.390080451965
307,0.135636799037,0.380569249392,0.159380987287,0.392092376947
308,0.135997552425,0.381292536855,0.158915877342,0.39166790247
309,0.137197282165,0.380716145039,0.158595249057,0.390044718981
310,0.135666714981,0.380033664405,0.158689469099,0.389129281044
311,0.13590715453,0.380476407707,0.159467726946,0.389680922031
312,0.134126134217,0.382218576968,0.159076437354,0.386949002743
313,0.136612508446,0.379561036825,0.158723533154,0.39108017087
314,0.13764629513,0.378981553018,0.157122179866,0.386046558619
315,0.136536590755,0.378957428038,0.15953694284,0.390347331762
316,0.13583502546,0.379778131843,0.161200940609,0.387668818235
317,0.13704495877,0.379036024213,0.160390153527,0.386763244867
318,0.13770102337,0.37798371911,0.159633025527,0.383152216673
319,0.134719369933,0.38003872335,0.160679206252,0.390399366617
320,0.137218456715,0.378488749266,0.159500345588,0.387656956911
321,0.137070234865,0.378484673798,0.158948495984,0.388787209988
322,0.137344375253,0.377991110086,0.160388588905,0.39008140564
323,0.138521835208,0.377359837294,0.158355012536,0.386366218328
324,0.136352125555,0.378281459212,0.159121051431,0.383830904961
325,0.135757895187,0.378054060042,0.160819143057,0.382167905569
326,0.138987869024,0.376338586211,0.159785091877,0.387327134609
327,0.135396584868,0.378125980496,0.161554217339,0.384740501642
328,0.139359805733,0.375828996301,0.160688534379,0.385105878115
329,0.138600867242,0.375979550183,0.160662680864,0.387701869011
330,0.137957841158,0.375594161451,0.162651315331,0.387695640326
331,0.138127926737,0.376895911992,0.162262052298,0.382847607136
332,0.139054674655,0.375859282911,0.160370111465,0.379593074322
333,0.136709608138,0.377797022462,0.158600613475,0.384489446878
334,0.136724788696,0.377112977207,0.158357009292,0.380845725536
335,0.138508241624,0.374403841794,0.159806355834,0.383840709925
336,0.138916239142,0.374695591629,0.160906851292,0.383112460375
337,0.139060936868,0.374515086412,0.161418154836,0.381544023752
338,0.139546258375,0.375277191401,0.158142730594,0.381281346083
339,0.138220110908,0.373730629683,0.161919787526,0.379418492317
340,0.14065926522,0.373382098973,0.161180198193,0.381192743778
341,0.138846818358,0.374909251928,0.158765718341,0.383975565434
342,0.139100469649,0.373403996229,0.161354720592,0.381483405828
343,0.138667142019,0.374580770731,0.159304276109,0.383887439966
344,0.138891179115,0.373440794647,0.162527993321,0.381468653679
345,0.14019254595,0.373064689338,0.162191063166,0.385705947876
346,0.140427336097,0.372676312923,0.162775322795,0.382777392864
347,0.13814310357,0.374540098011,0.160363152623,0.382490485907
348,0.138226898387,0.373325452209,0.162624806166,0.378083139658
349,0.141200389713,0.371884189546,0.161638766527,0.378796219826
350,0.138738859445,0.373768746853,0.160554930568,0.37608730793
351,0.13842722401,0.372801370919,0.162802472711,0.378096282482
352,0.141434561461,0.371140375733,0.161122530699,0.378551155329
353,0.137881170958,0.37360022217,0.16139690578,0.372538208961
354,0.139368526638,0.371795117855,0.163643032312,0.377137184143
355,0.139690306038,0.372398801148,0.163008347154,0.378524899483
356,0.140943609178,0.370994634926,0.162743628025,0.376734793186
357,0.140835672617,0.371259212494,0.16199734807,0.378340154886
358,0.140584629029,0.371323376894,0.16238476336,0.37861263752
359,0.138582071289,0.372386045754,0.162847176194,0.372877508402
360,0.141403414309,0.37096273154,0.160591304302,0.377400904894
361,0.140966773033,0.370337352157,0.160931229591,0.375205367804
362,0.137216225266,0.373883403838,0.161368086934,0.375145107508
363,0.141350653023,0.370099656284,0.161878794432,0.378359049559
364,0.139833426103,0.370507128537,0.161854639649,0.376270800829
365,0.141133248806,0.37161450088,0.159071996808,0.377395451069
366,0.140690077096,0.370021060109,0.159318029881,0.376812815666
367,0.14120669663,0.368651017547,0.161571159959,0.375396847725
368,0.141668722034,0.368952542543,0.161965847015,0.376425355673
369,0.140232194215,0.369752779603,0.163556456566,0.376678973436
370,0.140176685527,0.369629628956,0.162802308798,0.38119238615
371,0.142208281904,0.368820108473,0.162304148078,0.374879479408
372,0.141609955579,0.368498720229,0.163912847638,0.374339520931
373,0.142933174968,0.368695497513,0.159645348787,0.376091867685
374,0.136977614835,0.372501783073,0.158671453595,0.369926273823
375,0.14052368328,0.368078000844,0.16351865232,0.373348921537
376,0.142281934619,0.367542281747,0.162371367216,0.371338427067
377,0.136712180451,0.372533015907,0.159237235785,0.37133833766
378,0.140683438629,0.368280440569,0.161201566458,0.374305158854
379,0.141726642847,0.367538645864,0.163102060556,0.375293910503
380,0.141623038799,0.36892477423,0.159350693226,0.380058467388
381,0.141432713717,0.367763362825,0.161808028817,0.372959017754
382,0.14106118679,0.367390237749,0.164043977857,0.3729993999
383,0.142754431814,0.367379143834,0.162556707859,0.374463409185
384,0.138348206878,0.369424834847,0.160571098328,0.368123859167
385,0.142129518092,0.367481060326,0.162873610854,0.373698294163
386,0.139760540798,0.368948578835,0.16271713376,0.37282499671
387,0.142786759883,0.367112904787,0.162174463272,0.373085141182
388,0.140882048756,0.367395579815,0.163300946355,0.369058638811
389,0.143782913685,0.365340940654,0.162471219897,0.371832579374
390,0.143887601793,0.364898242056,0.164378717542,0.369264662266
391,0.143558871001,0.365634396672,0.163913652301,0.368727952242
392,0.143673099577,0.365539625287,0.162975728512,0.370393335819
393,0.143701631576,0.365961693227,0.160924062133,0.370081871748
394,0.142450192943,0.365741193295,0.16259342432,0.368875056505
395,0.143818099052,0.364496149123,0.162909388542,0.368549138308
396,0.14420511201,0.364822223783,0.161657363176,0.367885202169
397,0.141082473099,0.366359896958,0.164500564337,0.368115127087
398,0.140522187576,0.366186194122,0.16596506536,0.368210405111
399,0.138163169846,0.368487685919,0.164485365152,0.370183795691
400,0.144585054368,0.364476971328,0.163831487298,0.368558824062
401,0.14127696678,0.366174794734,0.162723869085,0.364832043648
402,0.141449354589,0.365874201059,0.164059311152,0.361875265837
403,0.144600745291,0.363477379084,0.164142519236,0.365393251181
404,0.144268885255,0.364781446755,0.162690833211,0.364101499319
405,0.14061819762,0.366942934692,0.164033770561,0.363694578409
406,0.144123036414,0.362834647298,0.165482506156,0.365842729807
407,0.143611785024,0.364623680711,0.16548126936,0.366741627455
408,0.144379518926,0.363316841424,0.166317254305,0.367529034615
409,0.146349381655,0.362513273954,0.164895519614,0.367428272963
410,0.140774561092,0.365739904344,0.16429707408,0.364634901285
411,0.14526078105,0.362255416811,0.165092557669,0.364955723286
412,0.145115915686,0.362364575267,0.164591223001,0.36217430234
413,0.144845969975,0.362616941333,0.164925441146,0.364590287209
414,0.145585041493,0.362430773675,0.162023991346,0.36254748702
415,0.143727488816,0.362373352051,0.165248036385,0.363437712193
416,0.145595155656,0.362508930266,0.163088932633,0.365560263395
417,0.14049281925,0.364253863692,0.168381661177,0.364119142294
418,0.143185229972,0.364561446011,0.164102390409,0.363057762384
419,0.144885137677,0.361938126385,0.163777902722,0.363454461098
420,0.144755847752,0.362210981548,0.163587465882,0.363608807325
421,0.140890900046,0.366223633289,0.163581311703,0.36531406641
422,0.143138706684,0.362966783345,0.165033385158,0.361460626125
423,0.143600948155,0.362186588347,0.166057288647,0.361274987459
424,0.147313006222,0.361047074199,0.162571981549,0.364190369844
425,0.143749527633,0.361592918634,0.165228500962,0.360637515783
426,0.14498860389,0.360673576593,0.167602956295,0.362332969904
427,0.146832704544,0.361718729138,0.165758565068,0.361089289188
428,0.14648417756,0.360046550632,0.165211617947,0.362564086914
429,0.146001197398,0.360681436956,0.164466679096,0.361370652914
430,0.141543958336,0.363604746759,0.164779007435,0.361663222313
431,0.146426830441,0.359764494002,0.167604386806,0.361208289862
432,0.146381005645,0.360139369965,0.166698396206,0.359209209681
433,0.141340252012,0.36514236033,0.163748160005,0.35862699151
434,0.146724548191,0.359884597361,0.165855616331,0.358701169491
435,0.145097497851,0.360550120473,0.164882719517,0.356503367424
436,0.146805010736,0.359567046165,0.166289433837,0.356708645821
437,0.144725818187,0.360597006977,0.166852772236,0.35549518466
438,0.144779264927,0.36183027178,0.165544912219,0.358574837446
439,0.142813444138,0.362926676869,0.165032669902,0.356841981411
440,0.147556375712,0.359127528965,0.163779810071,0.357764184475
441,0.144601300359,0.360830418766,0.165280207992,0.354118794203
442,0.147941049188,0.358900621533,0.161669164896,0.359001666307
443,0.142126163468,0.361646175385,0.164707645774,0.363642156124
444,0.147705443203,0.358172975481,0.166461631656,0.359626442194
445,0.146876145154,0.358920812607,0.164589196444,0.358172059059
446,0.147225417197,0.358173206449,0.166910454631,0.355182915926
447,0.14351060614,0.363012827933,0.16179817915,0.366225063801
448,0.146139059216,0.358847223222,0.16396792233,0.35742226243
449,0.146048650146,0.357923954725,0.166856124997,0.355587780476
450,0.148613996804,0.35839523375,0.16371768713,0.355965107679
451,0.144492611289,0.359225742519,0.165992945433,0.359988808632
452,0.147962465882,0.35777207464,0.164601564407,0.35737118125
453,0.14722898975,0.358580477536,0.165151268244,0.35583755374
454,0.147237621248,0.358225680888,0.164943531156,0.357387572527
455,0.146489221603,0.358683981001,0.164207816124,0.35719743371
456,0.14600270614,0.359234675765,0.165303558111,0.357311099768
457,0.145663058385,0.359594039619,0.165673330426,0.357688218355
458,0.146553829312,0.358819805086,0.15980386734,0.361281186342
459,0.144899290055,0.360294982791,0.162042155862,0.355223625898
460,0.146861139685,0.356366172433,0.166386142373,0.355785489082
461,0.147792376578,0.357272870839,0.165755629539,0.355965942144
462,0.148572709411,0.357301317155,0.164684489369,0.353621214628
463,0.148833669722,0.355988822877,0.165446206927,0.355201900005
464,0.147262897342,0.357175059617,0.166664123535,0.356029868126
465,0.147770673037,0.357445247471,0.165059670806,0.362156420946
466,0.145711377263,0.357246406376,0.168467149138,0.353990286589
467,0.149201471359,0.355902723968,0.16786237061,0.3547501266
468,0.14814818278,0.35744381696,0.167510673404,0.356041312218
469,0.1463509202,0.357874922454,0.167825132608,0.35578456521
470,0.147950425744,0.356628857553,0.16956885159,0.356122136116
471,0.150087088346,0.355389498174,0.167746976018,0.35819002986
472,0.149745739996,0.355186261237,0.167833000422,0.356248736382
473,0.149081669748,0.356225036085,0.165209397674,0.354496508837
474,0.14764406532,0.356416627765,0.166208028793,0.356739550829
475,0.148985411972,0.356627956033,0.166473343968,0.35452952981
476,0.147794168442,0.356134653091,0.166262254119,0.35404676199
477,0.143476171419,0.358304016292,0.170155003667,0.35469597578
478,0.14765850082,0.357348740101,0.168895497918,0.352244645357
479,0.149275703356,0.355388768017,0.16704455018,0.353525042534
480,0.144806461409,0.357748545706,0.169404953718,0.352959364653
481,0.149499647319,0.355147764087,0.166515022516,0.352697312832
482,0.149710889906,0.354086518288,0.167207092047,0.351588517427
483,0.146916039288,0.35689035058,0.166058644652,0.353144466877
484,0.149262260646,0.354716487229,0.16723357141,0.3537324965
485,0.146467298269,0.355806171894,0.169793382287,0.351481616497
486,0.150922499597,0.354800738394,0.167161881924,0.350624263287
487,0.148694906384,0.353933773935,0.168699756265,0.351148724556
488,0.150463268161,0.354886680841,0.16710267961,0.348949253559
