epoch,jaccard,loss,val_jaccard,val_loss
0,0.0962596251629,0.61499806121,0.0959976371378,0.524613752961
1,0.0963621814735,0.52642243728,0.0993537995964,0.511845931411
2,0.0995852081105,0.513177046552,0.104118119925,0.501961916685
3,0.103330067359,0.502225186676,0.105989858508,0.489297524095
4,0.105277226772,0.493030458689,0.109594797716,0.481161393225
5,0.107860981487,0.484421502799,0.108285138384,0.472817204893
6,0.108357871883,0.476694097742,0.110918015242,0.465467713773
7,0.10967940418,0.469797132537,0.108089916408,0.45999289304
8,0.107799769379,0.463959693909,0.112722434103,0.452797092497
9,0.113146091346,0.455652931705,0.116404686123,0.446240209043
10,0.113483937923,0.448855888098,0.119332641363,0.440262585878
11,0.113515416626,0.444715587422,0.113482164219,0.436348326504
12,0.11288558552,0.439432218671,0.115835906938,0.429798528552
13,0.115913697984,0.432458950207,0.119634183124,0.424332737923
14,0.118546542246,0.426104355603,0.120508473366,0.419275850058
15,0.116962308995,0.422574387863,0.12048673816,0.415140368044
16,0.119194733445,0.416858969256,0.121659509838,0.411481708288
17,0.120496527292,0.412403771654,0.122406771407,0.406792163849
18,0.118734406773,0.409364480525,0.118379319087,0.402780935168
19,0.118467866443,0.405351597816,0.119053311646,0.399466313422
20,0.121414597146,0.399587322026,0.122908065096,0.394232004881
21,0.123377538286,0.395717993379,0.116661215201,0.391336001456
22,0.122164497152,0.391886133701,0.123694825917,0.387233056128
23,0.122386167292,0.387801244855,0.128726743162,0.382460422814
24,0.124501330312,0.384074691683,0.12717285566,0.379048161209
25,0.126461621374,0.380866866559,0.125066393986,0.376096360385
26,0.125402930658,0.377340989187,0.119688920677,0.374622471631
27,0.124189035967,0.375001138076,0.125896755606,0.369735181332
28,0.126000269782,0.371042599902,0.129527283832,0.366391777992
29,0.126905402634,0.368574161083,0.130673026666,0.364177256823
30,0.127175715286,0.364777142182,0.136546008289,0.362199351192
31,0.129262655042,0.361487716436,0.132851002738,0.357958547771
32,0.128069454338,0.359290609136,0.133356943727,0.355391018093
33,0.129371347371,0.356427200139,0.133556546643,0.352927982807
34,0.130814120173,0.353706797585,0.137983411551,0.350193746388
35,0.1305288109,0.351399838924,0.137428009883,0.348215214908
36,0.1291811876,0.34955733642,0.130891839042,0.346460580826
37,0.13087295508,0.34742436558,0.130885282531,0.343609660864
38,0.13517998578,0.342623947188,0.12955401279,0.342216640711
39,0.135099660605,0.34100815095,0.129698187113,0.340888082981
40,0.131475096103,0.340439170599,0.13442295976,0.33685002476
41,0.134464575909,0.338021112606,0.132625285536,0.335758186877
42,0.136557733174,0.334517411888,0.135159889236,0.33293132484
43,0.133286567405,0.334925338626,0.134412346408,0.332361102104
44,0.134628868196,0.33188589476,0.139842543751,0.329416371882
45,0.140667818487,0.328229885548,0.138658953831,0.326752729714
46,0.141091208905,0.326040634885,0.134494908154,0.325183816254
47,0.140801122412,0.32350496389,0.148465514183,0.323204226792
48,0.14444622444,0.320865828544,0.142446218058,0.320631161332
49,0.144636705983,0.319477086887,0.143105663359,0.319000869989
50,0.1427137875,0.317716594785,0.146793670952,0.317211285233
51,0.145042328164,0.317032145336,0.143355181441,0.316262900829
52,0.14536974486,0.31597344391,0.143601324409,0.317946575582
53,0.137136271223,0.318400796503,0.140840917826,0.315142795444
54,0.142826696858,0.314089443535,0.140071494505,0.31282094121
55,0.147591910325,0.310322836041,0.14932417497,0.310891278088
56,0.148335149046,0.309229891747,0.147019594908,0.311998277903
57,0.146873272024,0.308588001877,0.147616535425,0.30874402076
58,0.148414765485,0.306502467021,0.150133021176,0.306570455432
59,0.152614851482,0.30508913286,0.145289741457,0.305695131421
60,0.144917631522,0.306179173291,0.144152898341,0.306430779397
61,0.14769764943,0.304408930242,0.152779314667,0.304002434015
62,0.152171174064,0.301451157779,0.154586210847,0.302040241659
63,0.156004783232,0.298898862675,0.149807907641,0.300552800298
64,0.153644413687,0.297596680932,0.147384241223,0.300062999129
65,0.15299525857,0.29729193449,0.156489122659,0.297929920256
66,0.156145263463,0.295928756706,0.15908363089,0.297425754368
67,0.157594465651,0.294452190399,0.149367365986,0.297859661281
68,0.157550927252,0.292369943112,0.150818575174,0.295555323362
69,0.161313385237,0.290867222473,0.15300341323,0.293800968677
70,0.158815102652,0.290668717586,0.157086152583,0.293147776276
71,0.157904072199,0.290452837944,0.154524344951,0.293109208345
72,0.161090565845,0.288557687774,0.15990145877,0.291025843471
73,0.162110758945,0.287520454265,0.156099256128,0.290440432727
74,0.162970035337,0.285907239653,0.150794655085,0.290333107114
75,0.157384782098,0.286745739169,0.169047635049,0.288787391037
76,0.163503901102,0.285860101692,0.169075794518,0.287226643413
77,0.164820184,0.282919954509,0.161274574697,0.286594647914
78,0.167759246193,0.280730864033,0.167475230992,0.285932809114
79,0.162168147508,0.283363481984,0.169340703636,0.286140322685
80,0.170024795458,0.279616019689,0.157058976591,0.284687027335
81,0.165764772333,0.280213999562,0.160388644785,0.284803617746
82,0.170105665922,0.276866569184,0.163149885833,0.282629817724
83,0.167722512037,0.279164829291,0.168226964772,0.283863715827
84,0.16690601781,0.277376348153,0.166305989027,0.281888056546
85,0.173778823577,0.274950900115,0.170446060598,0.280130982399
86,0.171842563897,0.274565745145,0.158083982766,0.281036198139
87,0.167258073576,0.276700708084,0.162030976266,0.282954886556
88,0.16903910134,0.275345901959,0.170534044504,0.279774345458
89,0.173351778649,0.273023506626,0.171288270503,0.278094425797
90,0.176615140401,0.271171466447,0.164683416486,0.277271632105
91,0.174775078893,0.270047538914,0.174430791289,0.275646016002
92,0.17367065791,0.271141001023,0.169622469693,0.276063539088
93,0.175182944164,0.27009603288,0.182673864067,0.275115501136
94,0.180522818118,0.267253502272,0.175369672477,0.27436696738
95,0.179496600293,0.26743244566,0.169466625899,0.273658487946
96,0.176961825229,0.267992590554,0.170630898327,0.275115169585
97,0.179874639027,0.266398475505,0.183579418808,0.273157563061
98,0.180946887471,0.265084121376,0.173003848642,0.272647123784
99,0.182851216756,0.264044955373,0.18165448308,0.270722225308
100,0.180933021009,0.264850754291,0.170542374253,0.272253233939
101,0.181850235909,0.264243754558,0.186036773026,0.270861513913
102,0.184436446056,0.262087550946,0.169296555221,0.270440459251
103,0.186973099597,0.260793331079,0.182343199849,0.267888985574
104,0.186460714787,0.261786016636,0.167153723538,0.271446894854
105,0.182251764461,0.260290056467,0.185665104538,0.268254585564
106,0.184929302894,0.260659497231,0.179218877107,0.267527960241
107,0.19078738708,0.257878411561,0.17466557771,0.267369288951
108,0.190771790221,0.25665654242,0.190042499453,0.265828322619
109,0.190231893212,0.257083615288,0.191293094307,0.266545113176
110,0.190995442681,0.258093488403,0.170757219195,0.267711218446
111,0.188354512677,0.25819480326,0.175757486373,0.267256468534
112,0.186834769323,0.256893344223,0.190188013017,0.266576875001
113,0.189605234191,0.258714984171,0.177828289568,0.266734134406
114,0.190485991538,0.255585079081,0.176258858293,0.265415593982
115,0.190026865341,0.254938351922,0.18524640426,0.263652916998
116,0.192286470905,0.254781230353,0.185928784311,0.265275880694
117,0.196071305312,0.253207041882,0.194176178426,0.263406064361
118,0.196237214841,0.252328722738,0.179282944649,0.262928251177
119,0.195230800658,0.25222152099,0.159735523164,0.267547883093
120,0.191725399345,0.252902085893,0.177557691932,0.264123387635
121,0.189043885097,0.254609121941,0.181303258985,0.26446242258
122,0.195882984437,0.252193731256,0.172005981207,0.264598213136
123,0.196919346228,0.251517567784,0.182561345398,0.262518279254
124,0.19874147512,0.248962906189,0.189405813813,0.261138297617
125,0.201161280274,0.249211857095,0.192256238312,0.259735673666
126,0.202177851461,0.247378887609,0.187372986227,0.259162630886
127,0.204194572754,0.245143485256,0.197898965329,0.258305646479
128,0.206344380043,0.245576370507,0.197358451784,0.260070841759
129,0.205550436862,0.247223474085,0.181538935751,0.259880576283
130,0.198643805459,0.246739748865,0.187436327338,0.259445432574
131,0.201530875638,0.248154593632,0.166245043278,0.267149906605
132,0.197369890288,0.24917761609,0.176638264209,0.261249054223
133,0.203398829326,0.245299170725,0.191945720464,0.25785664469
134,0.201979556121,0.246183584444,0.19179424271,0.257939357311
135,0.205395168625,0.244102696888,0.185257147998,0.258313164115
136,0.205203912221,0.244989648461,0.206464786083,0.258499205112
137,0.209192783572,0.241899291053,0.204236987978,0.257774919271
138,0.208619266748,0.242372033186,0.201665204018,0.256692256778
139,0.21160349343,0.241852912121,0.191473055631,0.257061559707
140,0.207461502403,0.241947783157,0.188822019845,0.257049929351
141,0.212005334906,0.239944702014,0.201832294464,0.255256004632
142,0.215225334279,0.239017224871,0.192827198654,0.256154101342
143,0.212896269746,0.238646570593,0.205570336431,0.255252696574
144,0.215056684799,0.238397940993,0.201076794416,0.254669714719
145,0.212213382125,0.239860563539,0.177574232221,0.25915742293
146,0.209669049829,0.239109924063,0.211707994342,0.256258856505
147,0.216780698858,0.236946742982,0.197668451816,0.255773652345
148,0.207607685588,0.241437564604,0.20994958654,0.257004652172
149,0.207265025936,0.243375837803,0.193959567696,0.257611405104
150,0.21660790965,0.237501667812,0.19658010453,0.254143774509
151,0.215622604825,0.236612051725,0.208102218807,0.25508729741
152,0.215807278641,0.235901552252,0.210421260446,0.253075975925
153,0.218390883878,0.235935358331,0.201105199754,0.256406202912
154,0.220114943571,0.233520216309,0.204252962023,0.253511354327
155,0.219677030109,0.235664922744,0.203673381358,0.25260656327
156,0.220133096911,0.234455094673,0.20253701508,0.251456040889
157,0.221680467948,0.233546211384,0.203160703182,0.25293847546
158,0.223123723641,0.232296396978,0.215563837439,0.251849658787
159,0.225586758927,0.23081366159,0.20381930843,0.252106487751
160,0.225365859456,0.231834853068,0.192631635815,0.254065357149
161,0.226156817749,0.230729473755,0.204004984349,0.25164232403
162,0.223947837949,0.231395986862,0.212252154946,0.251394674182
163,0.227578280494,0.229254424572,0.21914107725,0.25223787874
164,0.231228241697,0.230741921812,0.205774221569,0.252894598991
165,0.228512246162,0.229361461475,0.210764300078,0.252667985857
166,0.224087106995,0.230770313181,0.204031996429,0.251182112843
167,0.229056566022,0.229429969564,0.192385684699,0.25334943831
168,0.224129296839,0.23204967659,0.200005944818,0.253711186349
169,0.226872203872,0.229511514306,0.202896479517,0.252052232623
170,0.228206240572,0.229665182531,0.204425062984,0.251018963754
171,0.230696327053,0.228949512355,0.201562486589,0.252615649253
172,0.226938697509,0.229502034374,0.209441199899,0.250530280173
173,0.224967178889,0.231448545121,0.213853757828,0.251395490021
174,0.223432006314,0.232056871057,0.214604895562,0.252529751509
175,0.199679649435,0.249939263798,0.195281591266,0.26183533296
176,0.212113982998,0.23912694864,0.200815331191,0.255382772535
177,0.223078161478,0.231452185661,0.21455379203,0.252959307283
178,0.22903616447,0.229499205947,0.211660590023,0.250233244151
179,0.232737974264,0.228248227388,0.208105575293,0.250959072262
180,0.234616932459,0.226717479527,0.204006582499,0.251349996775
181,0.230132884346,0.225767596625,0.222780518234,0.250793933868
182,0.239559201524,0.22432275489,0.214934721589,0.249293830246
183,0.239021364599,0.223595995456,0.215488512069,0.250927470624
184,0.234951379709,0.224402727559,0.21878137067,0.248689748347
185,0.242203177884,0.224699309096,0.205352351069,0.25104483217
186,0.232687721029,0.225468414836,0.20744477585,0.250161696225
187,0.242066879757,0.221607887186,0.209265042096,0.250680293888
188,0.239394335076,0.221986874007,0.20766626671,0.250225473195
189,0.244832745753,0.220447858796,0.204399295151,0.250433698297
190,0.239078462124,0.222192261368,0.215251740068,0.24900213629
191,0.243553861044,0.221556192264,0.211766436696,0.249990537763
192,0.243449711241,0.21979967691,0.221496548504,0.249040722847
193,0.245185966603,0.220743158832,0.212834000587,0.249784551561
194,0.24262779206,0.221113732085,0.231110319495,0.250087294728
195,0.244273696095,0.222044983879,0.213517561555,0.249722547829
196,0.237001136877,0.222354423255,0.215273290873,0.24863339588
197,0.244081549346,0.221553150564,0.221353732049,0.248558331281
198,0.242992019281,0.220418163575,0.216652676463,0.249203138053
199,0.24839701876,0.218737076037,0.222167450935,0.24731720984
200,0.246540766209,0.219142229296,0.214265406132,0.248424667865
201,0.249301278964,0.217785297893,0.225096371025,0.247931554914
202,0.251385236159,0.218324313872,0.204760976136,0.252127729356
203,0.243004825898,0.219186030328,0.222493559122,0.249077774584
204,0.245148596354,0.21988270618,0.220146641135,0.2494048886
205,0.248867316172,0.21650270652,0.222071167082,0.248877923936
206,0.249825517647,0.218360111117,0.225896209478,0.247951965779
207,0.248827684671,0.216547781602,0.235412403941,0.251056797802
208,0.23856571503,0.221815760247,0.222998064011,0.24868227914
209,0.252118449658,0.216736418195,0.225482430309,0.247667152435
210,0.253861849196,0.215716890991,0.224297866225,0.24795191735
211,0.254010045901,0.213862930425,0.232306871563,0.248817097396
212,0.251318742521,0.217167552561,0.22878921777,0.247417937964
213,0.246899896301,0.219883612357,0.224573917687,0.247752401978
214,0.248949960805,0.217413644306,0.227588906884,0.248284518719
215,0.255226113833,0.216800813563,0.228619225323,0.248615980148
216,0.251191046089,0.216238111258,0.216124549508,0.24870005995
217,0.255794075318,0.213898463175,0.22319367528,0.247702423483
218,0.256121699698,0.213184135966,0.231952305883,0.247369535267
219,0.250649618916,0.215511047281,0.238340567797,0.249269951135
220,0.257776633836,0.215008630417,0.21961139515,0.248422864825
221,0.261012643576,0.212681834586,0.21251264587,0.248359862715
222,0.254435784183,0.21439500805,0.220768555999,0.248370707035
223,0.256082040258,0.213604154997,0.220244411379,0.24870370701
224,0.259904261678,0.211849826388,0.219975400716,0.247672442347
225,0.260698799975,0.212597668171,0.215183001012,0.246529635042
226,0.256063899025,0.213072993793,0.226452916861,0.248583365232
227,0.256000494584,0.215519390069,0.220810852945,0.251630153507
228,0.252384880558,0.217872877605,0.211809642613,0.251966238022
229,0.251731480472,0.214412432164,0.229975320399,0.24878275767
230,0.261281116866,0.21180140879,0.222897239029,0.248475901783
231,0.254752028733,0.213945931755,0.216865751892,0.249461207539
232,0.262722869404,0.211710192263,0.222101382911,0.247661545873
233,0.261937998235,0.210234498605,0.229748487473,0.246750541031
234,0.262247289531,0.210947375745,0.228955343366,0.24829313159
235,0.267037522048,0.210541806184,0.219072636217,0.251444537193
236,0.261683788151,0.211063557304,0.221657134593,0.248639769852
237,0.263593154028,0.209799412638,0.22224072367,0.247877281159
238,0.261876712553,0.213807063177,0.212108433247,0.250257909298
239,0.259587124921,0.210486642085,0.22510721907,0.2482175529
240,0.264767221175,0.210195606574,0.225244227797,0.249584510922
241,0.267236772925,0.208145848475,0.221765968949,0.24920284003
242,0.26825239975,0.208053360693,0.216416038573,0.251491371542
243,0.263965844177,0.209723969921,0.231502126902,0.249648183584
244,0.266215095297,0.208670951426,0.228200279176,0.248132497072
245,0.267946229316,0.211335874163,0.207017060369,0.252927672118
246,0.261309767142,0.210371171124,0.214481275529,0.250986583531
247,0.268582430668,0.208119031042,0.232556097209,0.249354749918
248,0.259913221002,0.212096027099,0.239016603678,0.251758046448
249,0.259138252586,0.214092484675,0.226698566228,0.253057539463
250,0.258545766585,0.214162909426,0.230459433049,0.251576714218
251,0.265856017359,0.209199776873,0.227398168296,0.249495744705
252,0.268295085989,0.208855984733,0.227690767497,0.24728615582
253,0.266235632822,0.207575389184,0.227044738829,0.24717681855
254,0.270021975972,0.207323444076,0.23911145702,0.247010897845
255,0.275131322443,0.204492091201,0.235256552696,0.246272608638
256,0.271867667325,0.207710498944,0.233439266682,0.246775981039
257,0.274943158962,0.204290552065,0.235051043332,0.246590532362
258,0.275191461667,0.205204114318,0.227720044553,0.247830640525
259,0.273920560256,0.206532086246,0.202449858189,0.254157498479
260,0.267578189261,0.207503370009,0.22659380734,0.248899731785
261,0.274140499532,0.204805129208,0.220869231969,0.249266624451
262,0.275722525083,0.204538843594,0.219193246216,0.252437949181
263,0.272899177857,0.204814829864,0.23564825207,0.248097080737
264,0.276639837772,0.204013967887,0.243712894619,0.248535003513
265,0.276236793026,0.203694248572,0.246896281838,0.248953290284
266,0.275151105598,0.205584085546,0.246199563146,0.250921342522
267,0.269256865606,0.20704934001,0.236145213246,0.249652285129
268,0.278290506452,0.203727959655,0.241914749146,0.246472291648
269,0.270728926174,0.206469815224,0.23205447942,0.249353092164
270,0.277575509623,0.204253654927,0.222586192191,0.249615352601
271,0.277764547616,0.203191936947,0.237368911505,0.247936300933
272,0.277090004645,0.204985789955,0.234351683408,0.248204752803
273,0.27395983506,0.20727214776,0.232808660716,0.248916380107
274,0.275528695434,0.205422601663,0.217912007123,0.250817429274
275,0.275180572644,0.20442100428,0.22878408432,0.249496471137
276,0.279438724741,0.203342579305,0.227363843471,0.249092161655
277,0.275399626233,0.205288956873,0.228809002787,0.250239219517
278,0.28058023937,0.203519075178,0.230015739799,0.249999444932
279,0.275335272774,0.204614976421,0.241965785623,0.248330630362
280,0.278984525241,0.202873012982,0.236215546727,0.249148376286
281,0.282062675804,0.201537164859,0.243016857654,0.248688392341
282,0.281723119318,0.203886898234,0.22199729085,0.253249105066
283,0.280798709951,0.203443946317,0.227095421404,0.251367852092
284,0.283228190616,0.201195526868,0.23226576671,0.248126834631
285,0.284841129556,0.201316623017,0.235506236553,0.245734345168
286,0.280862500891,0.202081603929,0.2230299972,0.249348092824
287,0.280165706761,0.20341424644,0.243624884635,0.249151017517
288,0.281292950734,0.202098281123,0.236930184066,0.248750496656
289,0.284031679854,0.200202729553,0.239562988281,0.249629605561
290,0.285403555259,0.199750354514,0.250176619738,0.251256600022
291,0.284101441503,0.201185047626,0.235299274325,0.251356765628
292,0.285516764969,0.200501306914,0.245800055563,0.249079499394
293,0.285681672394,0.201137335971,0.234589200467,0.248402651399
294,0.283744001761,0.200977512635,0.233723025769,0.249860111624
295,0.284791974351,0.200112432241,0.2383563146,0.248284846544
296,0.286989910528,0.200171075761,0.239131957293,0.249626763165
297,0.287123624235,0.19969808124,0.239618174732,0.24916549027
298,0.289892386645,0.197812809609,0.244302630424,0.249174401164
299,0.287954168394,0.198670609854,0.237328689545,0.248973987997
300,0.28865150921,0.198505355977,0.227162059397,0.252066586167
301,0.284896450117,0.199120140634,0.2108682096,0.256526812911
302,0.281455725431,0.202372930013,0.216492313892,0.253209196031
303,0.283918879926,0.200130862184,0.23090261966,0.25368026644
304,0.287120651454,0.200848879293,0.237749926746,0.251627676189
305,0.283255748451,0.202040935867,0.241434242576,0.250816121697
306,0.29182594642,0.197843434289,0.228488449007,0.252766858786
307,0.286010369658,0.199805855751,0.24165982008,0.252021353692
308,0.287843871862,0.200264933519,0.241922490299,0.249432623386
309,0.282382754609,0.200175147504,0.253110669553,0.251427650452
310,0.287799466401,0.202433259226,0.233349274844,0.254368819296
311,0.28613589704,0.20209441334,0.228545736521,0.249735314399
312,0.285903578624,0.199573508464,0.243516936898,0.249913454056
313,0.290372430347,0.199225825258,0.242777250707,0.250076666474
314,0.290147153661,0.198042585514,0.233502555639,0.250482089818
315,0.288010821678,0.199952951632,0.229331322014,0.251211762428
316,0.289772216231,0.197204942815,0.242038521916,0.251262951642
317,0.289913075045,0.198589076288,0.230119701475,0.25238731876
318,0.290626933798,0.198832745664,0.243901427835,0.250962842256
319,0.293570449576,0.197762908414,0.23135503754,0.253020625561
320,0.289904076606,0.196909635328,0.251187514514,0.250484205782
321,0.296671288088,0.195570091717,0.249818000942,0.250788789243
322,0.291358184069,0.197669078596,0.232425633818,0.254531472921
323,0.296409839764,0.195821106434,0.247007761151,0.248861536384
324,0.294490391389,0.198305943049,0.238039985299,0.265657022595
325,0.270350203849,0.215552649461,0.206210251898,0.261058542877
326,0.2683545826,0.207513022237,0.222590882331,0.257221091539
327,0.281528946012,0.201214806177,0.24055268243,0.253268137574
328,0.29211317189,0.198534473777,0.243851576,0.249696034938
329,0.295085551217,0.197771845385,0.226601976901,0.254620824009
330,0.28722916171,0.198844682425,0.227616928518,0.254061959684
331,0.293659221381,0.196132163517,0.247717864811,0.250661432743
332,0.291736693121,0.198360646144,0.240233685821,0.250944152474
333,0.294917173684,0.197372538969,0.235057897866,0.250916972756
334,0.294957103208,0.195953105576,0.242118831724,0.252209037542
335,0.292627749965,0.196268950589,0.249886866659,0.252713147551
336,0.297654623166,0.195717516355,0.236656118184,0.253701731563
337,0.297845939174,0.195724212565,0.232584577054,0.254338987172
338,0.29847461544,0.194366952404,0.242333993316,0.253413062543
339,0.30296119675,0.192924235016,0.243337210268,0.251088060439
340,0.301271295175,0.195231371559,0.231994468719,0.25291851908
341,0.300509663299,0.194133312441,0.240407574922,0.252644952387
342,0.302541689947,0.191447175108,0.24460921064,0.250884857029
343,0.303837988526,0.194307529368,0.232956774533,0.253518629819
344,0.299409341067,0.194526894018,0.232658211142,0.253163143992
345,0.301454361528,0.19327548705,0.23434060812,0.252692960203
346,0.299465708435,0.19409301132,0.232596434653,0.253673695028
347,0.299908244982,0.194884411059,0.231433656067,0.254087664187
348,0.300264498219,0.193461691961,0.251597091556,0.252717252821
349,0.304042614996,0.193624620326,0.245459150523,0.25091766566
350,0.305555770174,0.193427574821,0.236391205341,0.249782506377
351,0.299091383815,0.193804639392,0.242461681366,0.250173460692
352,0.306116746739,0.192088455893,0.243784733117,0.250172551721
353,0.306886851788,0.191413796507,0.237607173622,0.251911673695
354,0.306232629344,0.190992907621,0.235517211258,0.253107689321
355,0.30089786835,0.192465147004,0.224694229662,0.259435065091
356,0.302285797894,0.194163734093,0.23204678297,0.252963714302
357,0.302287757397,0.193561268039,0.243939716369,0.252902109176
358,0.299399880692,0.195824903436,0.226007588208,0.257242672145
359,0.291065583006,0.197946889326,0.240239992738,0.252790804952
360,0.300649747252,0.194287571125,0.236640814692,0.255271639675
361,0.303737690672,0.192962183617,0.241877883673,0.253214839846
362,0.306966334581,0.191158898175,0.242400180548,0.25563602522
363,0.304348850623,0.191738944501,0.245966896415,0.251299668103
364,0.308122446761,0.190796155483,0.248621091247,0.250889077783
365,0.307965395972,0.19107518997,0.251290149987,0.251321844757
366,0.306184006855,0.192165894434,0.251274444163,0.25134896487
367,0.305532215163,0.191957599483,0.249962650239,0.251521356404
368,0.309771092609,0.191346005537,0.236576423049,0.255855992436
369,0.308966189623,0.190126455389,0.242195565253,0.253929071128
370,0.302884327248,0.192210480571,0.251425720751,0.252940416336
371,0.303743956611,0.196170629002,0.248516336083,0.253796692938
372,0.2901574485,0.202252426185,0.229486592114,0.255873616785
373,0.290293799713,0.198495181277,0.253821250051,0.254336349666
374,0.301659928635,0.19384486787,0.231391556561,0.254967555404
375,0.30471004732,0.192168751732,0.250750467181,0.252530843019
376,0.304715426639,0.193878663704,0.24704631418,0.255860254169
377,0.308331856504,0.191104428843,0.248175613582,0.253693044186
378,0.310201467946,0.191180454567,0.235453169793,0.254517972469
379,0.306411301717,0.190891935956,0.256257474422,0.254369430244
380,0.296666968614,0.198799814563,0.223708827049,0.260778095573
381,0.296137014404,0.195323973894,0.243061859161,0.255503613502
382,0.303099837154,0.194351617247,0.246200703084,0.254633706063
383,0.308168618008,0.191494150087,0.240911159664,0.254373829812
384,0.305408461019,0.192700360902,0.260264422745,0.254166360945
385,0.304307509214,0.193285834976,0.23358810693,0.257430009544
386,0.3089553155,0.19379695598,0.229220557958,0.258274056017
387,0.299595346674,0.193836118095,0.239771675318,0.256683722138
388,0.311437519267,0.190421205945,0.239166051149,0.257563367486
389,0.312252741307,0.190044505522,0.248961552978,0.253830570728
390,0.309905000031,0.190298250876,0.235427442938,0.258276637644
391,0.312272559851,0.189351855777,0.25217089802,0.253892783076
392,0.314561381936,0.1880905414,0.239870276302,0.257338277996
393,0.309250315651,0.190387093462,0.243579566479,0.255216903985
394,0.312706897035,0.190004745498,0.251115705818,0.256012894213
395,0.307650106028,0.191301566083,0.24245698005,0.254381433129
396,0.312887039036,0.189886290114,0.249289121479,0.25321912393
397,0.308658586815,0.192208616063,0.230221379548,0.258201103657
398,0.310257423669,0.189532430843,0.235154110938,0.257594060153
399,0.312154658139,0.188769761939,0.250656429678,0.255303524435
400,0.315246779472,0.187934002839,0.246432635933,0.255490522832
401,0.315104525536,0.187722581439,0.245709527284,0.256159823388
402,0.320180961862,0.186630679294,0.252260714769,0.251509781927
403,0.316166298464,0.187306207605,0.256300210953,0.255483575165
404,0.314478853717,0.18848439306,0.239328365773,0.258526332676
405,0.311107978225,0.191293379292,0.256105728447,0.254590343684
406,0.316174482927,0.18838926591,0.230830177665,0.258820317686
407,0.310436494648,0.190822661854,0.240483991802,0.255640920252
408,0.315417824313,0.188154149801,0.243472043425,0.257802356035
409,0.315608179197,0.187413933687,0.254733029753,0.254475861788
410,0.319943202659,0.187152820639,0.244869075716,0.256322387606
411,0.320512490347,0.185320900753,0.240329153836,0.258899502456
412,0.320107052103,0.185722522438,0.238855917007,0.259861722589
413,0.319916194305,0.186168184504,0.248566746712,0.256949622184
414,0.317146312445,0.187920310535,0.234820492566,0.259916633368
415,0.317858353257,0.186368440744,0.260786924511,0.255385808647
416,0.318096073344,0.188100878149,0.246302835643,0.255919661373
417,0.315310297534,0.187843101099,0.249388869852,0.256013464183
418,0.317328346893,0.186792668886,0.240035090595,0.258737534285
419,0.319789184257,0.185820337385,0.24629663676,0.258044935763
420,0.318990731612,0.188166770153,0.232614289969,0.257855210453
421,0.318969216198,0.187104623299,0.242689415812,0.255944035947
422,0.317200744525,0.187884932384,0.236720249057,0.256991907954
423,0.317142734304,0.1870559128,0.249999217689,0.257343236357
424,0.318202245981,0.186635033228,0.255995895714,0.257482867688
425,0.320092398673,0.187434098683,0.240869481117,0.25780235976
426,0.316356740892,0.187493623234,0.235765237361,0.258588686585
427,0.316006537527,0.187861759216,0.246457077563,0.257487930357
428,0.320511434227,0.187341709621,0.250138483942,0.254908725619
429,0.313099004328,0.188964597881,0.242162939161,0.254488795996
430,0.318119507283,0.188198403455,0.255477949977,0.255904868245
431,0.315282769501,0.187075494789,0.25176364556,0.257877200842
432,0.317795880139,0.187252828851,0.265572261065,0.259707219899
433,0.316475721076,0.188829574268,0.243244402111,0.257508952171
434,0.320511559024,0.185808600858,0.247464898974,0.255720283836
435,0.322892313823,0.18555353675,0.252773348242,0.256164886057
436,0.321991596371,0.184830768965,0.244131974876,0.260508447886
437,0.319373035803,0.186053273734,0.252754457295,0.255210842937
438,0.318701926619,0.188662897795,0.250157978386,0.256755948067
439,0.317276215181,0.187624859624,0.256531693041,0.254468657076
440,0.31044716388,0.194697402418,0.228380326182,0.262964237481
441,0.300518672913,0.194996964186,0.243808969855,0.258713226765
442,0.314027737826,0.189314235933,0.245698772371,0.257232617587
443,0.323759801686,0.185401432216,0.243039213121,0.258764445782
444,0.323489027098,0.183792997152,0.256099630147,0.257963541895
445,0.3259591721,0.185086832382,0.245402228087,0.253655567765
446,0.316892787814,0.187532101758,0.260835532099,0.257581092417
447,0.320219714195,0.185433757491,0.250123370439,0.256910428405
448,0.325296821073,0.184594737366,0.244558908045,0.257734835148
449,0.324739608914,0.185259490274,0.243818271905,0.258526198566
450,0.32182517834,0.18493707478,0.25446292758,0.255976371467
451,0.327184503898,0.18379679881,0.249346923083,0.256294373423
452,0.326944412664,0.182975353673,0.246506825089,0.260937042534
453,0.327359916642,0.184023995884,0.253079202026,0.254740685225
454,0.323280949146,0.185265450738,0.263088498265,0.257065538317
455,0.321861380711,0.186965986155,0.244357515126,0.259133338928
456,0.323064256459,0.184934042394,0.250373184681,0.259221054614
457,0.321354966611,0.186400575563,0.254184957594,0.259055882692
458,0.3214537967,0.185590190813,0.268117651343,0.257073391229
459,0.319959670305,0.188618943095,0.222292251885,0.270179931074
460,0.312973778695,0.189653439447,0.243537142873,0.258419945836
461,0.319474605843,0.186459661461,0.252250961959,0.256394293159
462,0.325765557587,0.1849111747,0.254379309714,0.258970029652
463,0.324808795005,0.184837608133,0.252182364464,0.259709890932
464,0.317713059485,0.188377108425,0.24752195552,0.257712315768
465,0.323544256389,0.185281184502,0.24661937356,0.262314770371
466,0.329924626276,0.183066514321,0.249186921865,0.256735228002
467,0.327199950814,0.182208693121,0.242141339928,0.263007972389
468,0.329050088301,0.183597782627,0.26177573204,0.257491245866
469,0.324287604541,0.184991016984,0.245896108449,0.257723186165
470,0.326534681022,0.185065228958,0.249951988459,0.256652742624
471,0.327524920925,0.183017040603,0.253905218095,0.258144345134
472,0.329139295965,0.182784250006,0.254842892289,0.258028797805
473,0.329149167985,0.183890614659,0.229658514261,0.264002934098
474,0.322669992223,0.186154568568,0.262058723718,0.25973854959
475,0.322933848947,0.186241774354,0.236125729978,0.266519613564
476,0.322450362146,0.18523365818,0.26528910175,0.258989013731
477,0.326684691012,0.18588663172,0.241939213127,0.262001279742
478,0.325051220134,0.183155215345,0.25590121001,0.257713858038
479,0.331465693191,0.182737745345,0.253632675856,0.257189985365
480,0.327685087919,0.182885386981,0.263691388071,0.257281206548
481,0.331213017926,0.180898414925,0.259819969535,0.257999513298
482,0.335739096627,0.180379157886,0.25364651531,0.257843621075
483,0.332890627906,0.181221610866,0.242815062404,0.260854352266
484,0.334056414664,0.180986594409,0.242361675948,0.262072995305
485,0.332480885088,0.182186143473,0.237628716975,0.258905567229
486,0.33000488393,0.18347027991,0.251914732158,0.270686842501
487,0.298914479092,0.197884636,0.239801932126,0.264155168086
488,0.31383209303,0.19043860212,0.246534314007,0.259240582585
489,0.322522202507,0.185160847381,0.263180956244,0.255408462137
490,0.326000474393,0.185318126343,0.234585672617,0.26017524302
491,0.322047803551,0.184977868572,0.249391399324,0.257795877755
492,0.30677572079,0.192788724788,0.236657362431,0.264392342418
493,0.314013728872,0.19106883835,0.23360933736,0.264003582299
494,0.321811845526,0.186049786396,0.244201861322,0.261018943042
495,0.327825883403,0.184555429034,0.245608311146,0.263323761523
496,0.330705750734,0.181574219838,0.259436808527,0.255264107138
497,0.33274439536,0.182076355442,0.251580066979,0.25862551108
498,0.331379801035,0.183299523778,0.246114645153,0.258959323168
499,0.326401596889,0.184323500842,0.249073877931,0.261661283672
500,0.328185802326,0.183823021129,0.253660522401,0.257597763091
501,0.323587592691,0.184379260056,0.253096852452,0.259291242808
502,0.332238059491,0.182693679817,0.26048919186,0.255474030972
503,0.334394814447,0.181537560187,0.250094383955,0.258138630539
504,0.335966253653,0.179893294349,0.255005091429,0.259878400713
505,0.33525252156,0.181853810325,0.246749464422,0.260510053486
506,0.331921316683,0.181463572197,0.265481382608,0.258090570569
507,0.336413031444,0.180173948407,0.255867548287,0.25926547125
508,0.336986750364,0.17966281902,0.261249564588,0.258962471038
509,0.334975134581,0.180396707729,0.249353989959,0.264942854643
510,0.335374323651,0.180001875851,0.273073814809,0.259295482188
511,0.334665345028,0.180427961051,0.257918141782,0.260448995978
512,0.336365999654,0.180229568854,0.237337969244,0.267421383411
513,0.333345115185,0.180926143192,0.25288772583,0.260432828218
514,0.33568995446,0.181008683518,0.257976673543,0.258311215788
515,0.328697741032,0.184609350748,0.253577578813,0.263950597495
516,0.333499353379,0.182317710482,0.25547472015,0.258923050016
517,0.33904738538,0.180387062952,0.252468287945,0.259704317898
518,0.331415785477,0.180601675995,0.262094944715,0.257796764374
519,0.335907062516,0.180505798198,0.260804273188,0.255933210254
520,0.337529087439,0.180153073743,0.257451787591,0.258548945189
521,0.337993817404,0.180193143897,0.257889375091,0.256498094648
522,0.337752817199,0.179770900868,0.24279365316,0.265398792922
523,0.335403515026,0.180315959267,0.263171210885,0.259059157223
524,0.336691934615,0.18034288194,0.251716081053,0.261987060308
525,0.332466743886,0.182697553188,0.248866479844,0.268158320338
526,0.328779598698,0.183944578283,0.235459584743,0.268803793937
527,0.330927930772,0.182796514593,0.253751013428,0.260744586587
528,0.333623515442,0.181244834326,0.25145944953,0.261383466423
529,0.336155125871,0.180370140821,0.260214399546,0.260162267834
530,0.338738156483,0.179086037446,0.249705135822,0.262007512152
531,0.338028278202,0.178903534543,0.258447222412,0.259383648634
532,0.341494124383,0.178771731909,0.26182153821,0.257122781128
533,0.337443947792,0.179326614365,0.255774062127,0.260693538934
534,0.336678490043,0.181504195556,0.247375190258,0.265224013478
535,0.337030217052,0.179234797135,0.267872262746,0.261122815311
536,0.336553614587,0.179478801787,0.268839515746,0.261636674404
537,0.337950721383,0.180792427622,0.250947456807,0.261868033558
538,0.337753901258,0.180244476534,0.234632305801,0.267772372812
539,0.332981897518,0.182167698629,0.258146941662,0.263072319329
540,0.334415443242,0.180835304316,0.264457419515,0.260683555156
541,0.339994493872,0.178539440967,0.256158750504,0.260201174766
542,0.344626795501,0.177694275975,0.255815718323,0.262576244771
543,0.339212419465,0.17872259859,0.252867855132,0.266369782388
544,0.336234653369,0.180965846404,0.258583184332,0.263832144439
545,0.338157130405,0.179656271823,0.243834804744,0.266132120043
546,0.339842032641,0.179684770294,0.258844293654,0.259077392519
547,0.337549382821,0.180041951593,0.261624589562,0.260445881635
548,0.336766935885,0.180352608673,0.259669713676,0.262236408889
549,0.339145578444,0.182326553855,0.244281020015,0.262600049376
550,0.334430899471,0.179743668996,0.260493084788,0.261429257691
551,0.339925853536,0.178560724482,0.272170763463,0.262436386198
552,0.339173162356,0.180079763755,0.242854129523,0.2651126571
553,0.338968744501,0.178571358323,0.259909406304,0.262322928756
554,0.342423722148,0.178065260872,0.251002643257,0.262760691345
555,0.33007356897,0.186212681234,0.23934591189,0.264369510114
556,0.31474384293,0.189649658743,0.222749341279,0.271466970444
557,0.321992237121,0.186816998757,0.254881087691,0.265650194138
558,0.330655559897,0.182936772704,0.242460090667,0.263511039317
559,0.336106136441,0.180190403014,0.261087201536,0.261035464704
560,0.337285585701,0.180926683359,0.237405985594,0.269416749477
561,0.335978098214,0.181021467783,0.253131907433,0.262022130191
562,0.34125040099,0.17915779911,0.254112139344,0.261147394776
563,0.339154502377,0.179025795776,0.260654933751,0.265226118267
564,0.343584595248,0.178774133325,0.255835846066,0.262481845915
565,0.335972361267,0.181691803969,0.237475838512,0.265465989709
566,0.339194940403,0.179731329903,0.247205186635,0.264411270618
567,0.337993724272,0.1791559509,0.258874449879,0.263649441302
568,0.339842945337,0.178663735278,0.235790450126,0.271566897631
569,0.342727949843,0.180276649073,0.256476782262,0.259529162198
570,0.330423131585,0.183469597716,0.248376723379,0.264984484762
571,0.339606942609,0.179834190756,0.254539120942,0.265161007643
572,0.341984372586,0.177624521777,0.254129547626,0.266286440194
573,0.34838645719,0.1765788747,0.258151840419,0.263816908002
574,0.343143058941,0.177990765311,0.258957829326,0.266693670303
575,0.343745943159,0.17820203118,0.251792885363,0.261138480157
576,0.342434227467,0.178117313422,0.241382837296,0.267377659678
577,0.34479187429,0.177481756546,0.262722820044,0.263321716338
578,0.343892132863,0.178096053191,0.25828390196,0.261277716607
579,0.341610526666,0.177840820979,0.244632270187,0.265008628368
580,0.34086272493,0.178447723389,0.273929249495,0.263396605849
581,0.338755214587,0.181222764775,0.249217081815,0.266406361014
582,0.339525589719,0.180025791284,0.239105336368,0.27317385748
583,0.342518402264,0.178924514446,0.259809087962,0.263910531998
584,0.342413047329,0.177953517996,0.262333579361,0.26591937989
585,0.345354042947,0.17721468024,0.249442446977,0.267047561705
586,0.347381049767,0.176802742761,0.261547666043,0.260925259441
587,0.346731163561,0.17696828302,0.253716945648,0.262826651335
588,0.346057105809,0.177683389746,0.249068394303,0.264881122857
589,0.347412621602,0.177242198028,0.258686110377,0.261261519045
590,0.346218183637,0.175934482366,0.260139849037,0.264834262431
591,0.349464530125,0.175537949428,0.252603720874,0.26505421102
592,0.345432817936,0.176753498614,0.262279205024,0.266799479723
593,0.350636834279,0.176016707439,0.2582478486,0.262973874807
594,0.345445854589,0.177974561229,0.26066891104,0.264039199799
595,0.343903725967,0.177296754904,0.255369193852,0.264145161957
596,0.344857579097,0.177489738911,0.258027940989,0.264715000987
597,0.346909433603,0.176922767423,0.25407974422,0.264436658472
598,0.347408920527,0.176027677022,0.261262916028,0.264034189284
599,0.347177781165,0.176409562118,0.263158254325,0.264581747353
600,0.347470002249,0.175773834344,0.261304911226,0.260071698576
601,0.349839549512,0.175380581059,0.257506322116,0.266169071198
602,0.349468071014,0.17578068655,0.255749762058,0.262056872249
603,0.348291007802,0.176343548577,0.251214351505,0.264961786568
604,0.348679291084,0.175168961287,0.26456085965,0.265449412167
605,0.346660908312,0.177311800886,0.261888381094,0.265616156161
606,0.346736384556,0.17568951752,0.260990198702,0.266626983881
607,0.347987357527,0.175784148742,0.263263337314,0.262262620032
608,0.347731573507,0.177060810849,0.254296708852,0.267084278166
609,0.347387522459,0.176315759774,0.259582865983,0.259045436978
610,0.347596766427,0.175550076179,0.267051395029,0.263046506792
611,0.345970926806,0.176748220809,0.26631789282,0.262066680938
612,0.350321182981,0.175676234998,0.26281298697,0.263483691961
613,0.345866983756,0.179036486894,0.247132711112,0.266607176512
614,0.337124405429,0.180424816906,0.254427049309,0.264682941139
615,0.34561640583,0.177034140565,0.252271611243,0.264277879149
616,0.349202945828,0.176882520784,0.262814942747,0.259131137282
617,0.345695046708,0.177123348229,0.252969659865,0.26592361927
618,0.345156146213,0.177867969964,0.254709873348,0.265112742782
619,0.346916683018,0.177858480718,0.262804444879,0.261542972177
620,0.349529230967,0.176174799446,0.257759593427,0.262295991182
621,0.347082057968,0.175579530187,0.269822791219,0.266834262758
622,0.350062806159,0.175351870246,0.247486580163,0.268741980195
623,0.350214466453,0.176296331454,0.26293713972,0.266612041742
624,0.346938621253,0.17803430371,0.257372710854,0.271608568728
625,0.343151802197,0.178217904642,0.255357336253,0.268473297358
626,0.345519550145,0.178679562639,0.24895991385,0.272326473147
627,0.333115767688,0.182341338135,0.251909255981,0.269469063729
628,0.338644430041,0.179745135829,0.267614006996,0.26175686717
629,0.347004024312,0.178349170368,0.269642125815,0.261410381645
630,0.348606877029,0.175638494082,0.255537364632,0.264755766839
631,0.353171320632,0.174431818537,0.265007134527,0.261223841459
632,0.341682227328,0.179484684952,0.265938390046,0.267482120544
633,0.345727443695,0.177729596384,0.253459632397,0.266087524593
634,0.351935962215,0.175216904841,0.25906343013,0.261604834348
635,0.350266177207,0.175056003034,0.257810819894,0.263764828444
636,0.354773545638,0.173799621873,0.256782598794,0.265880361199
637,0.353246325627,0.173965190537,0.259473711252,0.26642338559
638,0.354682646692,0.174106355291,0.261663515121,0.264617174864
639,0.351779742166,0.174696664792,0.27115502581,0.264208298177
640,0.349771074951,0.175574649125,0.262460879982,0.265153281391
641,0.353705972433,0.175239493139,0.259033709764,0.266740921885
642,0.35013178736,0.174833374098,0.257744990289,0.268257960677
643,0.355847090483,0.173828389496,0.264066156,0.268256988376
644,0.354623278603,0.173834227957,0.249699667096,0.272946577519
645,0.354553442448,0.173734615557,0.263907171786,0.265519060194
646,0.353138675913,0.174136554822,0.272051118314,0.264388263226
647,0.353212967515,0.174242976122,0.260003689677,0.264087930322
648,0.352085355669,0.174577290192,0.260388698429,0.26884580031
649,0.353844756261,0.174542451743,0.247653979808,0.267451878637
650,0.352188907564,0.176337827463,0.254291322082,0.269124221057
651,0.350905925035,0.174452957697,0.271774202585,0.265670921654
652,0.349530456588,0.177087264135,0.267893638462,0.263439904898
653,0.351597029716,0.174341800623,0.263906609267,0.268148582429
654,0.356527397409,0.173696350772,0.255010791123,0.269318535924
655,0.356232477352,0.174373462796,0.266695547849,0.264121163636
656,0.35373127833,0.17481850367,0.249958597124,0.267663959414
657,0.351625800133,0.174466499127,0.250616967678,0.271942600608
658,0.354873232543,0.174190702848,0.25650722906,0.268425483257
659,0.353188527748,0.174760376103,0.26365102455,0.264893639833
660,0.352255973965,0.174704826437,0.256814736873,0.268475092947
661,0.352563450113,0.174662563019,0.259134266526,0.269934609532
662,0.35527260229,0.173610016704,0.257707137614,0.263045541942
663,0.358002955094,0.172352218069,0.25080018118,0.267565906048
664,0.356603104621,0.17283996148,0.24721679464,0.269522439688
665,0.358401760459,0.172788700555,0.253665246069,0.270299296826
666,0.355040887371,0.173793105409,0.261501114815,0.264593839645
667,0.357368046418,0.173569922335,0.252701807767,0.265627685934
668,0.356032637879,0.173295304179,0.257884722203,0.262718442827
669,0.354718990624,0.173405519687,0.25995220989,0.270898200572
670,0.355202140287,0.173556887545,0.260247077793,0.267493706197
671,0.346297362819,0.177723892964,0.265073169023,0.265430804342
672,0.344453118742,0.179023954086,0.253169525415,0.265306863934
673,0.349869281054,0.17619137466,0.262022782117,0.268732305616
674,0.355737747625,0.174925170839,0.256551489234,0.267454318702
675,0.352032072842,0.175008527003,0.245689362288,0.271010026336
676,0.354387067258,0.174629688263,0.25215806812,0.270499750972
677,0.352415872738,0.17490124004,0.269310567528,0.265264891088
678,0.35606613569,0.173725968227,0.269344873726,0.264013662934
679,0.353564852849,0.175324551295,0.262704703957,0.270394168794
680,0.34873660095,0.176326825283,0.27017230168,0.267078608274
681,0.352833390236,0.175028671045,0.257470779121,0.269612528384
682,0.355152472854,0.173480857164,0.261259693652,0.269608493894
683,0.355618171394,0.173168278299,0.272032991052,0.266696739942
684,0.349971540272,0.175915578846,0.27081798017,0.266173370183
685,0.349777422845,0.177235847339,0.237482260913,0.269321728498
686,0.350014949217,0.175130975898,0.269868791103,0.265073731542
687,0.350217575207,0.177778623067,0.252264119685,0.268805045635
688,0.345052607358,0.181814147625,0.261150892824,0.278468497097
689,0.324574960396,0.185987360775,0.263827867806,0.267271321267
690,0.345116890967,0.180620281957,0.255275305361,0.267726764083
691,0.350354831666,0.175438607112,0.253859490156,0.266928084195
692,0.354486420751,0.174868471455,0.265094660223,0.264983125031
693,0.354364875704,0.174437807873,0.258904840797,0.26461931318
694,0.352226246148,0.174051222391,0.255405668169,0.270570859313
695,0.357547931373,0.174454657361,0.246619597077,0.275729488581
696,0.354293486103,0.173989276402,0.26263865456,0.272212032229
697,0.357105653733,0.172950334847,0.271452713758,0.266992773861
698,0.353993976489,0.175935517997,0.247903238982,0.269363742322
699,0.355314511806,0.175333325285,0.262220200151,0.268738966435
700,0.348664602265,0.175856970716,0.260761063546,0.266596466303
701,0.354566704482,0.175558112562,0.259622056037,0.267091877759
702,0.352279512212,0.174638898112,0.256705056876,0.26382349059
703,0.356229586527,0.175281931181,0.263155642897,0.270076051354
704,0.359064348042,0.172324202023,0.256438460201,0.271501250565
705,0.357309097424,0.17325362796,0.268322590739,0.269922874868
706,0.358466485515,0.17208646331,0.262501724064,0.266990624368
707,0.363049641252,0.171671087854,0.24639935419,0.270308412611
708,0.359983649105,0.172869840637,0.261990789324,0.264404974878
709,0.360812177882,0.171281168237,0.266807869077,0.265884168446
710,0.36350203678,0.171181223821,0.257841620594,0.268888063729
711,0.360566319898,0.171606787946,0.270469762385,0.269932940602
712,0.362370867282,0.171662750654,0.268031235784,0.267383310944
713,0.361251050606,0.171954211313,0.268307767808,0.265868760645
714,0.362528068945,0.17092827335,0.258201498538,0.269902512431
715,0.362906139344,0.171000840142,0.255541607738,0.268789790571
716,0.357930699363,0.172856117599,0.265751823783,0.268486451358
717,0.357126947492,0.174404088873,0.266337566078,0.268905691803
718,0.358796972781,0.17260229867,0.258049245924,0.269934497774
719,0.361131314188,0.173131247982,0.272478792816,0.263454753906
720,0.353405062109,0.174497836269,0.259372189641,0.267258998007
721,0.361738098785,0.172200571746,0.264787353575,0.268454112113
722,0.359471831471,0.172425236087,0.26639758423,0.266588933766
723,0.358778906986,0.172336548567,0.265294715762,0.271625049412
724,0.357855563983,0.17257700488,0.263488132507,0.271951787174
725,0.358258880675,0.173863658216,0.264960847795,0.268609728664
726,0.359353207052,0.172748632729,0.260626044124,0.269717879593
727,0.361060936004,0.172166110948,0.252129066736,0.273151364177
728,0.358455363661,0.172462890856,0.260267272592,0.269350253046
729,0.36449624598,0.171061899513,0.260472405702,0.269007466733
730,0.358448775485,0.172349166125,0.273089624941,0.268329087645
731,0.360123826191,0.173074509483,0.255372978747,0.266707811505
732,0.354839866981,0.174002899788,0.257054213434,0.267482731491
733,0.362502915785,0.171076208353,0.26598514989,0.270209360868
734,0.364252401516,0.171185120009,0.25517578423,0.269073147327
735,0.361261479557,0.17144415807,0.260173801333,0.272820789367
736,0.362175121903,0.171365546063,0.265554938465,0.268827371299
737,0.365333864465,0.171060245484,0.26037343964,0.266728755087
738,0.361470993608,0.171244456433,0.26018641144,0.263580452651
739,0.359431521967,0.172287207097,0.266535058618,0.265936337411
740,0.362253265455,0.171941363253,0.259417794645,0.268047425896
741,0.362716402858,0.171359432861,0.250171426684,0.273516427726
742,0.35918597877,0.172580529004,0.257808759809,0.272099159658
743,0.36183626391,0.172296574339,0.269398581237,0.270038209856
744,0.361287645996,0.171421995386,0.263982381672,0.2702864483
745,0.361680943519,0.171215843409,0.262523408979,0.269629668444
746,0.364576036111,0.170945565216,0.267479594797,0.270264502615
747,0.363734852523,0.170818546787,0.265458319336,0.270521402359
748,0.363897800446,0.171396761201,0.270868904889,0.265668526292
749,0.359087552875,0.172996561974,0.261437933892,0.270651884377
750,0.362746620551,0.171181167942,0.276201248169,0.270322285593
751,0.364422189072,0.171832711436,0.252751499414,0.273981358856
752,0.35883070901,0.173272438347,0.234511032701,0.27982205525
753,0.352941211313,0.175149318762,0.257791176438,0.27524696663
754,0.361718494445,0.171918625012,0.258593566716,0.277058351785
755,0.363508207723,0.171665095724,0.2533942312,0.275941532105
756,0.361225545406,0.172396605834,0.255109801888,0.269236180931
757,0.356143908575,0.17460656818,0.258567906916,0.271760128438
758,0.353512968868,0.1747952234,0.2636375539,0.269409246743
759,0.359456727281,0.17383398395,0.252343330532,0.265487276018
760,0.354591418058,0.172468130942,0.271703958511,0.26499286294
761,0.363593734801,0.171838356182,0.243988648057,0.276267249137
762,0.363866852596,0.171789800283,0.258320637047,0.271478544921
763,0.366870433092,0.169910790399,0.262119274586,0.267473042011
764,0.366151930764,0.17006260436,0.258743923157,0.274686597288
765,0.364726696163,0.172066214494,0.258716773242,0.269995257258
766,0.361456962302,0.171555519104,0.259387262166,0.269686259329
767,0.364780237898,0.171597043052,0.275075480342,0.272926032543
768,0.360988890752,0.172802885529,0.260097049177,0.269321456552
769,0.359658695757,0.172271696851,0.263437468559,0.271485317498
770,0.35005402565,0.177363152616,0.263737291098,0.272799953818
771,0.341198457405,0.181443823967,0.25375649333,0.269965995103
772,0.353138193488,0.174730369821,0.262603376061,0.270369954407
773,0.360580733046,0.172846391797,0.257381472737,0.269670266658
774,0.364179784432,0.171290645376,0.254005048424,0.271681506187
775,0.363784506917,0.172096212395,0.265900753438,0.26795732975
776,0.357562378049,0.172351802699,0.273109510541,0.271817106754
777,0.367656541988,0.170324409381,0.258391369134,0.271710313857
778,0.361895473674,0.171639506239,0.259736958891,0.27268673107
779,0.362412642688,0.172554560937,0.255473487079,0.27251573652
780,0.363346368074,0.171182671096,0.273186318576,0.270482692868
781,0.365674620494,0.170942461118,0.256271779537,0.268184043467
782,0.359423089772,0.172425067984,0.269528653473,0.268609013408
783,0.362555757165,0.171755199321,0.269214935601,0.266852434725
784,0.365408571437,0.172281344421,0.260634697974,0.269449818879
785,0.364831047133,0.170559380203,0.263486631215,0.269900415093
786,0.366964871064,0.169863338582,0.253282994032,0.273208234459
787,0.365240603685,0.170981641859,0.270137578249,0.270374588668
788,0.3675100822,0.1701398734,0.262566823512,0.272536661476
789,0.368447331712,0.169762243051,0.252452723682,0.271857846528
790,0.366458935663,0.169545199722,0.258571203798,0.272462032735
791,0.370618060231,0.168846731074,0.275402061641,0.269694343209
792,0.366795444861,0.169956131838,0.259235739708,0.272731829435
793,0.363471217453,0.171107960865,0.256894405931,0.274450760335
794,0.369237992913,0.169915788807,0.246825378388,0.278023891151
795,0.365511611104,0.171193157323,0.256865851581,0.275234367698
796,0.368137652054,0.169236291666,0.262103218585,0.274012032896
797,0.368987394497,0.169469930232,0.261637032032,0.271947730333
798,0.368425607681,0.168998757843,0.263479486108,0.27348889783
799,0.369782622904,0.169502089731,0.258418079466,0.274997368455
800,0.363296711817,0.172074842732,0.253479164094,0.272500216961
801,0.365495368838,0.171935367398,0.250771127641,0.272173080593
802,0.363266384229,0.170621801168,0.268080752343,0.268183778971
803,0.367911858484,0.170212414116,0.266731027514,0.2684282884
804,0.364510437474,0.170690863859,0.26884258166,0.272203911096
805,0.367898089811,0.170031363145,0.266113769263,0.270086470991
806,0.366023888811,0.170805696398,0.266295023263,0.265177529305
807,0.3619134482,0.172210641205,0.26641555503,0.269256673753
808,0.363947100937,0.171317148488,0.268074154854,0.268907975405
809,0.363156488165,0.171500059776,0.266189735383,0.268765535206
810,0.365520918742,0.170800093096,0.253445986658,0.272378988564
811,0.366111371666,0.171723803971,0.252269309014,0.272967133671
812,0.363754242659,0.171715403441,0.268435936421,0.267674654722
813,0.368081595749,0.170184406452,0.255922261626,0.269534561783
814,0.367602007464,0.169905465096,0.254389774054,0.27094450593
815,0.369284978136,0.16924909642,0.259676940739,0.269011616707
816,0.369985958561,0.168987243902,0.25662368536,0.271838523448
817,0.369698621333,0.169127197005,0.252449851483,0.274138342589
818,0.364167973399,0.171881577,0.259039774537,0.273684520274
819,0.365964001045,0.171967527829,0.25038819015,0.270815465599
820,0.364981302992,0.170102435164,0.259082265198,0.273843549192
821,0.368201667443,0.169908987824,0.265022519976,0.271159127355
822,0.364600680768,0.171456918586,0.269286192954,0.266344916075
823,0.356017341837,0.173202444799,0.277627877891,0.268728412688
824,0.3590232227,0.174862430431,0.245722863823,0.275208797306
825,0.358904931694,0.173448614776,0.260582048446,0.272268701345
826,0.361853122711,0.172128747217,0.271947935224,0.271248497069
