epoch,jaccard,loss,val_jaccard,val_loss
0,0.0998449716717,0.661144837737,0.116504885256,0.5657081604
1,0.0897643193603,0.44760466367,0.107463084161,0.483425319195
2,0.0795880015939,0.394465319812,0.0970821008086,0.435516774654
3,0.0708202151582,0.366088211536,0.0872019529343,0.414396077394
4,0.0628096470609,0.359666571021,0.0790170803666,0.408036112785
5,0.0569757055491,0.360502101481,0.073342345655,0.407984882593
6,0.0535615682602,0.36238297075,0.0702983140945,0.409202009439
7,0.0543225184083,0.362529836595,0.0693335086107,0.409758061171
8,0.0617437120527,0.359559848905,0.0696553140879,0.409564554691
9,0.0644364841282,0.359886445105,0.0698418542743,0.409455627203
10,0.0621318137273,0.359222963452,0.0694133937359,0.409708172083
11,0.0602158764377,0.359378732741,0.0692846551538,0.409787684679
12,0.0603304691613,0.359343990684,0.0691251307726,0.409887582064
13,0.0615007290617,0.359525680542,0.0694252550602,0.409700542688
14,0.0613953126594,0.359469264746,0.0693389475346,0.409754902124
15,0.061377428472,0.359176442027,0.0693300142884,0.409760981798
16,0.0619490053505,0.359270177782,0.0691870823503,0.409848332405
17,0.0616249395534,0.359270885587,0.069077052176,0.409918129444
18,0.0614421637729,0.359288305044,0.0691298544407,0.409885346889
19,0.0618656100705,0.3592498824,0.0690972581506,0.409906536341
20,0.0610183114186,0.359457448125,0.0688451826572,0.410068631172
21,0.0610923599452,0.359241373837,0.0688923150301,0.41003704071
22,0.0606242157519,0.359430357814,0.0688186511397,0.410086810589
23,0.0616634171456,0.359264485538,0.0690210238099,0.409954220057
24,0.0622794488445,0.359282307327,0.0692016035318,0.409840524197
25,0.0611077062786,0.359524413943,0.0687323436141,0.410144031048
26,0.0605932530016,0.359393894672,0.0686625912786,0.410190463066
27,0.0614477368072,0.359588071704,0.0688974261284,0.410033911467
28,0.0611068373546,0.35933034122,0.0690143331885,0.409959167242
29,0.0616292590275,0.359252244234,0.0693030133843,0.409775912762
30,0.0624470002949,0.359493859112,0.0695530697703,0.409624487162
31,0.0609879000112,0.359534651041,0.0691700652242,0.409859657288
32,0.0598162999377,0.359475150704,0.0692680254579,0.409797608852
33,0.0616170875728,0.359276726842,0.0697988197207,0.409480988979
34,0.0626380732283,0.359416000545,0.0698854029179,0.409430444241
35,0.062069744803,0.359449133277,0.069331407547,0.409759223461
36,0.0609761532396,0.359271258116,0.0691599324346,0.409865111113
37,0.0612929062918,0.359436698258,0.0694781914353,0.40967014432
38,0.0617075366899,0.359266631305,0.0692390948534,0.40981644392
39,0.0613534208387,0.359278000891,0.0691667273641,0.409861057997
40,0.0612444914877,0.359296828508,0.0692494884133,0.409809678793
41,0.0608056914061,0.359459429979,0.0689008533955,0.41003254056
42,0.0603476716205,0.359486110508,0.0695120990276,0.409648269415
43,0.061557915993,0.359339468181,0.0689784735441,0.409981071949
44,0.061552609317,0.359316252172,0.0691640302539,0.409862071276
45,0.0609525907785,0.359343186021,0.0686985403299,0.410166054964
46,0.0613056207076,0.35927157104,0.0689549446106,0.40999725461
47,0.0613507525995,0.359429083765,0.069231711328,0.409821212292
48,0.062181587331,0.359358355403,0.0692851990461,0.409787297249
49,0.0619110977277,0.359274089336,0.0689586102962,0.409995377064
50,0.0601523090154,0.359834335744,0.0678822174668,0.410740941763
51,0.0606550974771,0.35940527916,0.0685488283634,0.4102678895
52,0.0613623028621,0.359264947474,0.069019779563,0.409954160452
53,0.0620927996933,0.359232462943,0.0689432993531,0.410004496574
54,0.0616538561881,0.359254904091,0.0686018019915,0.410231739283
55,0.0613202657551,0.359179638326,0.0685398876667,0.410272717476
56,0.0617166263983,0.359280861914,0.0687881931663,0.410105586052
57,0.0618263902143,0.359243035316,0.0684040486813,0.410367131233
58,0.0615496365353,0.359263584018,0.0684452131391,0.410338789225
59,0.0611730124801,0.359281040728,0.0680465176702,0.410619735718
60,0.0607306929305,0.359301447868,0.0681699737906,0.410531401634
61,0.0615310091525,0.359278731048,0.0686208829284,0.410218119621
62,0.0618215752766,0.359249725938,0.0685067996383,0.410294979811
63,0.0615309774876,0.359252117574,0.0684305280447,0.410348266363
64,0.0615157568827,0.359251148999,0.0683030411601,0.41043767333
65,0.0616806931794,0.35927529633,0.068636842072,0.410206466913
66,0.0615360680968,0.359305106103,0.0685388222337,0.410273700953
67,0.0598108358681,0.359668314457,0.0674701184034,0.411052256823
68,0.0600949712098,0.359353728592,0.0679171904922,0.410714328289
69,0.0609927363694,0.359114080667,0.0681728422642,0.410530358553
70,0.0617989348248,0.359264567494,0.0687123686075,0.410156548023
71,0.061822893098,0.359313264489,0.0683998763561,0.410392165184
72,0.0617125267163,0.359227485955,0.0682873651385,0.410677462816
73,0.0618768678978,0.359236836433,0.0683808997273,0.410885691643
74,0.0615844940767,0.359293811023,0.0682438462973,0.411029756069
75,0.0617774398997,0.359266057611,0.0684686750174,0.410721361637
76,0.0619532987475,0.359272100031,0.0684582665563,0.410567104816
77,0.0610051397234,0.359422266483,0.0675358697772,0.411118388176
78,0.0605785334483,0.359358310699,0.0677629411221,0.410881370306
79,0.0607779761776,0.359390161932,0.0685338973999,0.410304069519
80,0.0615191636607,0.359260298312,0.0683586299419,0.410415589809
81,0.0615685936064,0.359264671803,0.0682628378272,0.410479575396
