epoch,jaccard,loss,val_jaccard,val_loss
0,0.0752425241427,0.715568082837,0.0695022944274,4.03081325069
1,0.0707086739847,0.661077215121,0.0695363197592,1.24652636331
2,0.0710958362772,0.634896523677,0.0720406654,1.11856268439
3,0.0730115450525,0.613495190556,0.0685475231876,2.28667055443
4,0.0735089493056,0.597582508738,0.071521568927,1.94453231804
5,0.0735707494717,0.575223427552,0.0722177530115,1.23475035559
6,0.0724566763339,0.558764294936,0.0686813701323,0.636582717299
7,0.0723497521204,0.545666309503,0.0779662357818,0.901037669741
8,0.0734494273336,0.527355324764,0.076088586211,0.866417249665
9,0.0708286484632,0.516282162987,0.0682892210752,1.40347612742
10,0.0723955728687,0.499929539286,0.0710371054302,0.517093010247
11,0.0724128744063,0.485302368036,0.072060477396,0.486567232758
12,0.0723157617837,0.475540604729,0.0652527521306,0.545195843559
13,0.0710331040542,0.463166940671,0.0700688503712,0.46061197808
14,0.0746339804744,0.447768170673,0.0767883712833,0.769310425501
15,0.0754314900304,0.437353412119,0.0704484099406,1.0786302085
16,0.073363413085,0.429492769333,0.0702353724337,1.0688043721
17,0.0731003891605,0.418058838409,0.0718645720335,0.404300472233
18,0.0742350178413,0.409671593171,0.0725878777739,0.471017963719
19,0.0719830922854,0.401792239684,0.0765771397564,0.466063154861
20,0.0763609265156,0.390174156198,0.0712055974,0.702821348794
21,0.0694140395006,0.38727704321,0.0630612679233,0.360996961128
22,0.0691278972305,0.380970667761,0.0609378179506,0.360060515348
23,0.0678949833561,0.372367481773,0.067062629867,0.356258141808
24,0.0723468334271,0.362409283335,0.0680543595226,0.350868715905
25,0.0735960944484,0.35396061723,0.0730562089302,0.345050044823
26,0.0733201921416,0.349370692785,0.0675370506069,0.336648202967
27,0.0741546666608,0.342849024786,0.0649912550871,0.32707874896
28,0.0752484488408,0.335930420229,0.0718966613058,0.324631155469
29,0.0765945670338,0.329064679834,0.0747083578317,0.319615466287
30,0.0766233509908,0.324147333892,0.0719440200482,0.312884541461
31,0.0747377217138,0.318936503277,0.0796707476838,0.311165023362
32,0.0768871129705,0.313683276566,0.0788461956836,0.302650206024
33,0.0749818361543,0.311033811134,0.0727243922011,0.301038016099
34,0.0774788500813,0.305305081491,0.0755818695179,0.295863019535
35,0.0752231256965,0.302199054223,0.0710790327576,0.304738027975
36,0.0784765417473,0.296387056319,0.0849691518524,0.28674023319
37,0.078325050489,0.292360759125,0.0743106108566,0.285530728288
38,0.0780421252936,0.289223286681,0.0795652965317,0.308036879869
39,0.0765025874671,0.286785004231,0.0867470357916,4.02984398417
40,0.0767104193712,0.285024785652,0.072505121876,0.815987776965
41,0.0781737863301,0.282061181103,0.0675446966488,0.581178837689
42,0.0783555976724,0.277643201443,0.06048067355,0.286734177032
43,0.0768607814187,0.279983346565,0.0635224399448,0.601694155019
44,0.080808784956,0.27070251795,0.0626785594213,0.266921523493
45,0.0822156381507,0.268789841292,0.0737530907209,0.371250820579
46,0.081507116986,0.26839425902,0.0726368004398,0.264682438225
