epoch,jaccard,loss,val_jaccard,val_loss
0,0.0957142424304,0.582757662982,0.0993014834821,0.534098207951
1,0.100362124387,0.53017462045,0.109175750986,0.51761777699
2,0.105904368684,0.516837637872,0.112933045253,0.505208700895
3,0.110849414021,0.504193527624,0.114415250719,0.495134539902
4,0.113549456466,0.49378734827,0.114126725122,0.486297279596
5,0.114772523288,0.484732717276,0.116846833378,0.479066856205
6,0.115974050481,0.476921895519,0.118133762851,0.470688089728
7,0.117811007891,0.468935884535,0.121192378923,0.462802484632
8,0.120366064832,0.461028020829,0.119462553412,0.455982491374
9,0.118074741215,0.455647226423,0.11300384067,0.45306750387
10,0.116817236878,0.451095864177,0.121461661533,0.445040732622
11,0.120226134546,0.443886555731,0.120277732611,0.438077613711
12,0.122357569635,0.436550509185,0.124355308712,0.432343095541
13,0.122084432747,0.431995946914,0.115083392709,0.43003988266
14,0.12154069636,0.42658887431,0.125799598172,0.421545803547
15,0.125528082717,0.419627118856,0.12828508392,0.41553029418
16,0.126684023533,0.414659433067,0.123334603384,0.411568917334
17,0.127765202429,0.408591611311,0.128792596981,0.406215071678
18,0.129804879893,0.403202192858,0.133798062801,0.401503250003
19,0.131557912566,0.398250283673,0.13437933661,0.395369969308
20,0.131638324354,0.394000213593,0.137138463557,0.392118446529
21,0.130847033579,0.391278697178,0.130472756922,0.388681977987
22,0.129639369436,0.38820912689,0.129396349192,0.385349370539
23,0.129797418602,0.38437544927,0.139534747228,0.382001698017
24,0.132418612018,0.38020968996,0.138475956395,0.377395741642
25,0.135342596099,0.375001158565,0.138323264197,0.373438894749
26,0.13619634416,0.371156908572,0.137052774429,0.369430042803
27,0.139464884065,0.366638246924,0.1366156023,0.365495450795
28,0.137677893043,0.364201392978,0.133704761043,0.362806655467
29,0.138828185853,0.360854063183,0.140126204118,0.360720559955
30,0.138069453649,0.358591325581,0.141190296039,0.358987122774
31,0.141674376559,0.354735530913,0.14225178957,0.354737147689
32,0.137314327527,0.354230061173,0.145356563851,0.353660270572
33,0.139109934215,0.351176632568,0.137977575883,0.35049726814
34,0.1447178456,0.346030367538,0.140833461657,0.34582285583
35,0.144950564019,0.343332543969,0.143902167678,0.342674650252
36,0.145287954714,0.34042900987,0.142248086631,0.339947015047
37,0.144199760631,0.338920984417,0.139992775396,0.338834680617
38,0.137726384215,0.341882642359,0.137270987034,0.341127596796
39,0.14219226595,0.337611814961,0.146669106558,0.336626812816
40,0.147467145231,0.332497343421,0.149503607303,0.332215406001
41,0.150310751982,0.328903563321,0.142506688833,0.329938985407
42,0.148720445577,0.327608169988,0.153983674943,0.327441930771
43,0.152024338022,0.324579041451,0.154271092266,0.324539385736
44,0.151826518122,0.322974482551,0.146111445501,0.323646329343
45,0.151310071349,0.320376496762,0.152339261025,0.322027973831
46,0.156537719071,0.317113187164,0.156863953918,0.318815864623
47,0.159052830189,0.314459428191,0.158968579024,0.315837152302
48,0.161941087339,0.311801806092,0.153896119446,0.314580179751
49,0.158642915543,0.310351159424,0.160920850933,0.312630370259
50,0.164106375538,0.30752241984,0.15086364001,0.311689198017
51,0.157604462933,0.309088570997,0.144287001342,0.312155514956
52,0.162103192415,0.306760713458,0.154490105808,0.30868306756
53,0.15865297569,0.306416124105,0.162331089377,0.308061264455
54,0.161282181274,0.304353319108,0.149851772934,0.307558193803
55,0.164566496387,0.30125208199,0.156070064753,0.304288588464
56,0.165097759105,0.298598665744,0.173759743571,0.300818443298
57,0.16798061505,0.298857234418,0.167993716896,0.300926290452
58,0.168332006782,0.296883930452,0.168056853116,0.300162322819
59,0.168552528135,0.294695238583,0.162194576114,0.297854475677
60,0.173820458353,0.291391856968,0.166475921869,0.295569337904
61,0.175644124858,0.288913035765,0.167355190963,0.293501786888
62,0.175397426821,0.287940368056,0.176550429314,0.291730955243
63,0.174592309631,0.289196445607,0.164871234447,0.293394625187
64,0.175408379175,0.286386640742,0.172657240182,0.291654549539
65,0.172551059164,0.288180807605,0.173476170748,0.290130395442
66,0.177565304562,0.284492311999,0.166922219098,0.289423130453
67,0.179315325804,0.282276898623,0.185834005475,0.28697302565
68,0.183482092805,0.280710387975,0.160946287215,0.28923086077
69,0.17820122093,0.280434011482,0.186800681055,0.285845659673
70,0.183058221824,0.279059268534,0.184530451894,0.282492808998
71,0.185008370318,0.277298958972,0.166249301285,0.284878619015
72,0.185309342109,0.275014399551,0.182315737009,0.281166758388
73,0.184978298843,0.276320020668,0.171996291727,0.282557792962
74,0.186579704285,0.274028059095,0.176681723446,0.281208161265
75,0.184928733855,0.273416199721,0.181486118585,0.280176553875
76,0.189933091402,0.270946029574,0.196477726102,0.278821412474
77,0.194910094142,0.269156040624,0.191255975515,0.277061983943
78,0.19335598778,0.267567152157,0.19480117783,0.274548549205
79,0.193758788519,0.26740047615,0.195505920798,0.274148739874
80,0.19639318157,0.268145279959,0.167853407562,0.277507632971
81,0.187694860622,0.269112410024,0.181811902672,0.275446180254
82,0.191416314803,0.26729723718,0.196766205132,0.272686958313
83,0.195724979043,0.266249923036,0.184694044292,0.273128055036
84,0.19871861022,0.263062929735,0.197540294379,0.271645177156
85,0.201943866909,0.261737913825,0.187594924122,0.269819498062
86,0.202950516716,0.259331473149,0.189695257694,0.268086191267
87,0.203459702432,0.258839238435,0.198669467121,0.269143603742
88,0.20820639655,0.256713392213,0.192975275218,0.266718234867
89,0.208069726825,0.255434172228,0.199904408306,0.266277272254
90,0.207778696902,0.255788107403,0.198743309826,0.267316669226
91,0.198931171559,0.25939049013,0.205555792898,0.269805982709
92,0.208224641159,0.256358116865,0.192624401301,0.267285238951
93,0.210306499153,0.253293497488,0.204003877938,0.263872530311
94,0.216703814454,0.249980665743,0.203261658549,0.262871690094
95,0.214794510044,0.251091993414,0.201106071472,0.265199009329
96,0.214682293124,0.250380736776,0.208175066859,0.262449450791
97,0.218966715038,0.248461936601,0.207071922719,0.262167546898
98,0.216229193844,0.247777420096,0.211294684559,0.259848676622
99,0.223936335184,0.245141141117,0.20890621841,0.259053647518
100,0.219968856312,0.247246163897,0.211864035577,0.260184731334
101,0.212702536955,0.252714587376,0.204267416149,0.264762207866
102,0.211596598849,0.251357108355,0.201544068754,0.261011242867
103,0.219158686697,0.246384400874,0.212048351765,0.257875174284
104,0.228317111731,0.24174544774,0.220736969262,0.25559367612
105,0.228697737679,0.240909743123,0.212541930377,0.25567612797
106,0.234967783093,0.237861084752,0.210678644478,0.254621595144
107,0.234166653827,0.237024257891,0.217538841069,0.254930995405
108,0.23357776925,0.238534539938,0.211924385279,0.255218926817
109,0.233695383184,0.237394136377,0.210933301598,0.254377774894
110,0.233444920741,0.237043690868,0.207773622125,0.253719851375
111,0.232511440292,0.238793235272,0.218488000333,0.254760745913
112,0.237023789436,0.234918285161,0.217626374215,0.253529638052
113,0.237026323564,0.235306886956,0.227957826108,0.253533486277
114,0.236940417439,0.235435793176,0.224853102118,0.255052685738
115,0.238813071512,0.234839915298,0.225642897189,0.252620030195
116,0.243874033913,0.231406790204,0.22846339643,0.249983604997
117,0.238399494439,0.23549634032,0.22850387916,0.250282149762
118,0.241333265789,0.232880610973,0.223394975066,0.251963187009
119,0.241306655109,0.23143455945,0.230514012277,0.249154243618
120,0.248518327251,0.229411262088,0.229083396494,0.249962903559
121,0.248307798058,0.230033147149,0.212819069624,0.251985430717
122,0.239850599319,0.233343608677,0.228074658662,0.252108436078
123,0.248394661583,0.229740696028,0.223718028516,0.249651409686
124,0.251083351672,0.226083726622,0.236569520086,0.247231729329
125,0.253731879406,0.226200787351,0.231343433261,0.250319942832
126,0.253330550157,0.225967152975,0.228757992387,0.246678400785
127,0.255563495681,0.224904270843,0.233172744513,0.246414348483
128,0.2594557181,0.222369617783,0.236097551882,0.246876627207
129,0.255725380033,0.224397901446,0.242455262691,0.249154735357
130,0.261359769851,0.222319384106,0.235188901424,0.246335297823
131,0.263779272325,0.219696654938,0.240805670619,0.245378240943
132,0.262569297105,0.221053864807,0.233372427523,0.245969824493
133,0.261964110658,0.220249625854,0.234545249492,0.24557306245
134,0.26490300335,0.21990476083,0.24003322795,0.24514600262
135,0.266474235803,0.218791005202,0.229525968432,0.247575711459
136,0.257717313245,0.223070746288,0.23609951511,0.245436493307
137,0.259805004112,0.221279804595,0.238201688975,0.244942642748
138,0.2656468926,0.220199536532,0.237017307431,0.244761582464
139,0.267551884055,0.21799253393,0.242107111961,0.244513466954
140,0.26997073181,0.217038412578,0.23528291285,0.243534062058
141,0.271818021312,0.215402768925,0.243613693863,0.243032362312
142,0.272082727402,0.21577393543,0.253681268543,0.244499739259
143,0.27613016963,0.214120742865,0.241903718561,0.242666214705
144,0.27970514819,0.212348727509,0.254102472216,0.242291834205
145,0.27958169952,0.212213757448,0.246124155819,0.242386028171
146,0.276061411947,0.214195843786,0.247132841498,0.245106719434
147,0.274865260348,0.215351204388,0.243615996093,0.244353253394
148,0.277687786147,0.21247266978,0.24749647826,0.242746986449
149,0.276026623324,0.213657964021,0.251830879599,0.244671050459
150,0.274369823746,0.214443576522,0.241776503623,0.246972624213
151,0.273791434243,0.215914283879,0.231756433845,0.245087582618
152,0.280276441947,0.211149243638,0.243829153478,0.241622466594
153,0.284835582599,0.209112918004,0.252760514617,0.241510540247
154,0.287959905341,0.207752125338,0.24310137704,0.242977563292
155,0.291288092732,0.206307929941,0.252367403358,0.240680318326
156,0.287554033101,0.208940236829,0.244681272656,0.24096378684
157,0.287421174347,0.208620405756,0.252308677882,0.242379877716
158,0.288299094886,0.20828870032,0.248226448894,0.240878947079
159,0.296023318544,0.204988083802,0.248039275408,0.24076230824
160,0.292392939329,0.206479044631,0.246357154101,0.243611216545
161,0.291475087404,0.205497310497,0.260215729475,0.240910455585
162,0.298700693995,0.204274978489,0.25337928161,0.241680976003
163,0.300693333149,0.202316144481,0.246378473938,0.24242888391
164,0.298670237884,0.201960936189,0.262075550854,0.241443052888
165,0.29980657436,0.204061803408,0.248276103288,0.24351060763
166,0.297242633998,0.202395938337,0.254374649376,0.240316703916
167,0.299080274999,0.202822821215,0.240602441132,0.241218529642
168,0.301305802539,0.201929177158,0.243018724024,0.241008915007
169,0.302167553455,0.200939247385,0.263807997108,0.238500613719
170,0.307587282732,0.198451310396,0.252895288169,0.240925457329
171,0.302844220772,0.20163605921,0.251931771636,0.246426410973
172,0.30135929212,0.201884776354,0.258455034345,0.242011703551
173,0.301187569275,0.202428330667,0.247283872217,0.247783202678
174,0.29718873091,0.203752967529,0.249951463193,0.24174413085
175,0.301708538085,0.201684230939,0.256177641451,0.239598020911
176,0.307556048036,0.200068247505,0.24044695124,0.243282798678
177,0.30522846058,0.199075039476,0.254351627082,0.241323348135
178,0.310464624316,0.198327193037,0.260134719312,0.239952325821
179,0.309127692133,0.197503466159,0.269958160818,0.238264840096
180,0.311396284029,0.1982299136,0.269051846117,0.238782681525
181,0.315488021821,0.194701862521,0.270904835314,0.238877087831
182,0.321635115892,0.193747911602,0.248505339026,0.24208521843
183,0.310283889994,0.19676953461,0.265776779503,0.238892156631
184,0.300751737319,0.202595870942,0.260163966566,0.241838339716
185,0.30515682511,0.201081195846,0.261177320033,0.241103611887
186,0.315156331286,0.195526462048,0.263498321176,0.238868672401
187,0.319719186053,0.194127341732,0.2631284073,0.241181746125
188,0.32159088552,0.192706813104,0.273723334074,0.238320644945
189,0.323139678687,0.192488761619,0.267752550542,0.238713931292
190,0.328500842676,0.190567103215,0.263932354748,0.242310419679
191,0.32693348825,0.190529126674,0.258854944259,0.241501249373
192,0.326756238937,0.190052072518,0.273616626859,0.240180063993
193,0.329803811386,0.189958333038,0.271121930331,0.238050676882
194,0.329353172332,0.189456013963,0.252133704722,0.240883201361
195,0.324685610831,0.192078268155,0.261338740587,0.240264687687
196,0.324476966634,0.19126271829,0.274065166712,0.242048386484
197,0.32991752401,0.190161610022,0.246926460415,0.243709817529
198,0.31989948824,0.193927240558,0.255369577557,0.242453675717
199,0.320419749245,0.19273301214,0.269251383841,0.241848565638
200,0.332659721375,0.188973321579,0.254868850112,0.240977954119
201,0.329903779551,0.189549937844,0.268636379391,0.240122262388
202,0.332325929776,0.188383691944,0.271066322923,0.238110646605
203,0.33312676847,0.187409929931,0.266270495951,0.242093037814
204,0.338161807507,0.186092397198,0.268925752491,0.239757165313
205,0.335457310081,0.186314472929,0.27827168256,0.238670945168
206,0.34039074555,0.185708136298,0.270294263959,0.238062415272
207,0.341328687966,0.184192428365,0.273539438844,0.238700326532
208,0.340834476054,0.185296042822,0.269012894481,0.238880392164
209,0.340366661549,0.184237536043,0.283554412425,0.237813595682
210,0.346521519125,0.184585681185,0.260254908353,0.243642397225
211,0.342814648524,0.183511301875,0.267614025623,0.238366879523
212,0.347956283018,0.182362337597,0.276689969003,0.238609999418
213,0.347897022963,0.181903379038,0.273739486933,0.238905396312
214,0.346389047801,0.182375482284,0.276180356741,0.238531228155
215,0.346505424008,0.183265692554,0.27003018558,0.240531694144
216,0.344579782337,0.183710801415,0.261170167476,0.242547463626
217,0.342480076477,0.184118714184,0.271300628781,0.239781592041
218,0.345864862204,0.183151300065,0.261783275753,0.241262171417
219,0.34878323786,0.181634719484,0.278337515891,0.241115596145
220,0.351921230555,0.181275293231,0.270972490311,0.240864336491
221,0.349539259449,0.180994669907,0.27344314009,0.241563595831
222,0.35092333518,0.181641438045,0.269901841879,0.240006957203
223,0.351604027674,0.180527660996,0.281818665564,0.238155309111
224,0.352583214641,0.180500004441,0.265385210514,0.241836044937
225,0.34767751582,0.182620055042,0.292260862887,0.240478277206
226,0.348756158724,0.182175323833,0.285246178508,0.238832175732
227,0.354622963816,0.180501911789,0.283507950604,0.241208452731
228,0.353105235845,0.17966085393,0.285349592566,0.239213861525
229,0.358113622293,0.179199010134,0.279204115272,0.241709176451
230,0.360224995762,0.177300762385,0.284674584866,0.240048509091
231,0.363569943234,0.176491149701,0.280696429312,0.239464376122
232,0.356681412086,0.17925030645,0.285308018327,0.241247344762
233,0.358980914578,0.178087450564,0.286839835346,0.240120112896
234,0.36204986833,0.177680118941,0.278072610497,0.242771800607
235,0.362373825163,0.176213272382,0.277848623693,0.242115579545
236,0.361346831545,0.177337264642,0.293400995433,0.239532817155
237,0.367977015674,0.17516491143,0.281541258097,0.238780722022
238,0.367644531652,0.173976370133,0.289740040898,0.241579215974
239,0.366614568979,0.176720415242,0.280474931002,0.242747560143
240,0.366608336568,0.174485197291,0.292900234461,0.2390393354
241,0.370496734977,0.175314159133,0.28214816004,0.240658573806
242,0.368165854365,0.174356054515,0.285154461861,0.239699158818
243,0.369418077171,0.173856122419,0.28452771157,0.240888558328
244,0.371483143419,0.173735181801,0.284183189273,0.243685156107
245,0.371311455965,0.173990588635,0.283495187759,0.241172775626
246,0.370532913134,0.173938159831,0.272662580013,0.247131496668
247,0.36933196336,0.173996687867,0.292216695845,0.240865558386
248,0.377152949572,0.17209298443,0.285840146244,0.2414351888
249,0.374038845301,0.171627712436,0.299395754933,0.242830116302
250,0.373485997319,0.174509139732,0.285089641809,0.243982776999
251,0.376210378483,0.171275096014,0.291244976223,0.243310756981
252,0.379559431225,0.170829953626,0.286723643541,0.243479929864
253,0.375641489401,0.172287534922,0.29881349951,0.243258025497
254,0.371066208929,0.175788925029,0.277696952224,0.244326718152
255,0.367628736421,0.175120795146,0.284516625106,0.243272677064
256,0.377080246806,0.171925238334,0.288445547223,0.242378912866
257,0.377548351884,0.171732074581,0.286689586937,0.241681344807
258,0.378346493468,0.171502143145,0.289803408086,0.242753412575
259,0.381345394999,0.170267176814,0.292331635952,0.242758851498
260,0.383707972243,0.169530548155,0.282081373036,0.243514526635
261,0.380655743182,0.170287569985,0.286359287798,0.242106582969
262,0.38009012118,0.170462487265,0.286716096103,0.243092548102
263,0.386162096635,0.167676360346,0.302229359746,0.239614348859
264,0.389360664412,0.168141433038,0.291650548577,0.24183049798
265,0.381888942793,0.170543216169,0.284080266953,0.246063955128
266,0.382799588144,0.16926378943,0.295457720757,0.241556230932
267,0.390642473474,0.168220845982,0.289238087833,0.248031787574
268,0.382206020877,0.170318340417,0.28819924593,0.243818558753
269,0.382328629494,0.170892570633,0.297087192535,0.242185391486
270,0.386942317709,0.168984821066,0.277294963598,0.247779708356
271,0.384725607932,0.169213255867,0.281385026872,0.247553501278
272,0.381424916908,0.170401520096,0.284544318914,0.245585620403
273,0.380322119221,0.170720296912,0.285850927234,0.245334405452
274,0.388688828796,0.167941320688,0.285743780434,0.2456824705
275,0.392417678609,0.165781349409,0.302314288914,0.243768051267
276,0.394446965307,0.166862910613,0.293607264757,0.243407141417
277,0.392175707966,0.166242082603,0.303013369441,0.242555920035
278,0.39628489688,0.165615541395,0.297849707305,0.245833154768
279,0.395156282932,0.165894756094,0.28455208987,0.244246713817
280,0.391344487667,0.165982551873,0.296761445701,0.241115257144
281,0.39661221765,0.165792259388,0.291700787842,0.244562160224
282,0.39819153212,0.164680381306,0.286497056484,0.245601836592
283,0.397142035887,0.164421150461,0.28205743432,0.247956503183
284,0.391951244324,0.167437573429,0.295603476465,0.245512906462
285,0.393779547885,0.167679821141,0.272755354643,0.252080660313
286,0.388538241386,0.168250821531,0.291718177497,0.245453748852
287,0.390521742404,0.167259669863,0.308307029307,0.246006201953
288,0.395770851523,0.166654982604,0.299353048205,0.245824873447
289,0.401391549036,0.163075373508,0.294370427728,0.24544904381
290,0.402660403401,0.163076587953,0.297881558537,0.245605427772
291,0.408875379711,0.161213374231,0.284665085375,0.247517328709
292,0.402947504073,0.16235952545,0.300830818713,0.244430094957
293,0.403443060815,0.163593288511,0.292446270585,0.24874432385
294,0.401231797412,0.164311353117,0.306941069663,0.248618092388
295,0.403194118291,0.164328889456,0.284493267536,0.247350949794
296,0.399868361652,0.163736168295,0.302169762552,0.247278127819
297,0.404664104804,0.163254765794,0.298080101609,0.246399123222
298,0.404435176402,0.162962222006,0.304704032838,0.244971856475
299,0.405605988577,0.162655535154,0.292934156954,0.243591044098
300,0.409210015088,0.160851748195,0.304644197226,0.243529416621
301,0.411551024765,0.159759533592,0.295876160264,0.249400313944
302,0.413257563487,0.160081957467,0.301168568432,0.24621040374
303,0.412672100589,0.159756970592,0.30088699609,0.246254432946
304,0.408163236454,0.160476255231,0.305116295815,0.244640141726
305,0.411270195618,0.161483590491,0.291193500161,0.253290381283
306,0.406503923237,0.161090448499,0.29535997659,0.246376316994
307,0.408860377967,0.160980594344,0.300747513771,0.246938183904
308,0.412293195724,0.160093379207,0.300917565823,0.246141176671
309,0.412138966843,0.160384950228,0.309275358915,0.244618017226
310,0.415539488196,0.158938806504,0.310624472797,0.245227728039
311,0.413152966648,0.159263840877,0.297519423068,0.248697455972
312,0.411550072953,0.160210071597,0.303395234048,0.245702400804
313,0.417350273579,0.15826931037,0.308534324169,0.246391978115
314,0.417076813057,0.158656456973,0.301836177707,0.249851550907
315,0.414868542925,0.159906705841,0.297576546669,0.25274656713
316,0.412320693955,0.160436787643,0.298532679677,0.249319333583
317,0.410705937073,0.160254934803,0.302784249187,0.247334253043
318,0.417708894238,0.158023698255,0.290521167219,0.252646431327
319,0.418222282082,0.158732303418,0.297967977822,0.249443039298
320,0.419120747596,0.157371954061,0.310070879757,0.248311731964
321,0.421300223097,0.156910860911,0.308436915278,0.248628970236
322,0.416073879227,0.15903115971,0.303535483778,0.25113491714
323,0.410954955965,0.160553872585,0.305087275803,0.245397713035
324,0.419428203255,0.158257352188,0.301283188164,0.250587083399
325,0.417098999023,0.159551399294,0.302820414305,0.251108784229
326,0.399620195851,0.166077783331,0.299036346376,0.264435820282
327,0.393141755834,0.168782487512,0.304645933211,0.252986583859
328,0.404663683847,0.163464736193,0.301027797163,0.249693151563
329,0.414656545967,0.160631153733,0.290457211435,0.252375945449
330,0.412779381499,0.158961620647,0.310088612139,0.250075321645
331,0.421659026295,0.158600084484,0.308642610908,0.24959814176
332,0.419141683728,0.158611809835,0.297388143837,0.251138206571
333,0.419828413054,0.156847610604,0.306210808456,0.249899357557
334,0.425108773634,0.158548403531,0.302111595869,0.251411724836
335,0.419814908877,0.157947870437,0.307042390108,0.250818613917
336,0.418305374682,0.158798323944,0.306594796479,0.251554641873
337,0.422147855163,0.157519932836,0.30901774019,0.250352662057
338,0.426246775314,0.15572200017,0.306331835687,0.252226117998
339,0.425075627863,0.156327444594,0.298637717962,0.255628019571
340,0.424129968509,0.156678859144,0.297406814992,0.253148190677
341,0.427401006222,0.155732690357,0.309358373284,0.251850213856
342,0.425564514473,0.156778695062,0.309445403516,0.254482761025
343,0.427354626358,0.156256594695,0.292255163193,0.255350355059
344,0.426525093615,0.155021250248,0.311702221632,0.251621812582
345,0.431701950729,0.15491369972,0.310068331659,0.247819770128
346,0.420340346172,0.157907001209,0.313592739403,0.24809730798
347,0.420909104869,0.158233465161,0.316172018647,0.247736722231
348,0.417973697186,0.159295171499,0.310096777976,0.249655716121
349,0.42683195509,0.156458029523,0.306423991919,0.247652966529
350,0.430975109339,0.154323919676,0.315209828317,0.249380391091
351,0.431175492704,0.155859585851,0.305598959327,0.250844798982
352,0.427568972111,0.155299238861,0.301144436002,0.252710312605
353,0.426994679496,0.156196251512,0.306054063141,0.253946773708
354,0.432038621977,0.155077819247,0.312293931842,0.247843138874
355,0.436834206805,0.152513027191,0.303295999765,0.251700975001
356,0.437491679564,0.151982153766,0.30446446687,0.251112755388
357,0.435005728155,0.153155782726,0.313187509775,0.250400789082
358,0.4362350218,0.152337281965,0.317230947316,0.250818543136
359,0.439981522039,0.152114481665,0.317484758794,0.251278866082
360,0.433306511492,0.154665526003,0.299512721598,0.258835736662
361,0.429349385202,0.154376238119,0.320892177522,0.25438144058
362,0.436810081825,0.153168454766,0.302230678499,0.253248307854
363,0.434589480981,0.153137273155,0.303848326206,0.255352098495
364,0.426298974082,0.157921135426,0.29724303633,0.256198454648
365,0.4195218198,0.158612288069,0.305969901383,0.253285139799
366,0.428764333948,0.155990320258,0.313706278801,0.25270434469
367,0.43522015959,0.153354896698,0.308453068137,0.253167819232
368,0.440757278353,0.151403415017,0.315612860024,0.250793237239
369,0.443491786718,0.151573511306,0.298815429211,0.254852328449
370,0.440502716228,0.151115250308,0.311890125275,0.250971402973
371,0.443974349648,0.150065805763,0.312636688352,0.253857661039
372,0.444957694039,0.149849853944,0.309387028217,0.253099765629
373,0.443367116153,0.150781763718,0.310514561832,0.253062900156
374,0.444160057232,0.150336075108,0.312369227409,0.252077620476
375,0.44573546201,0.149511257187,0.314372159541,0.253774788231
376,0.438877400011,0.153174163308,0.313872814178,0.255868662149
377,0.440282672644,0.15123046143,0.311132714152,0.256129346788
378,0.437035016716,0.154536956921,0.295787245035,0.262722898275
379,0.430604472756,0.155201804359,0.309366799891,0.260506454855
380,0.438887668774,0.152422248852,0.314035855234,0.257974080741
381,0.444727892056,0.15036364831,0.301451228559,0.257515382022
382,0.4432796482,0.149600646924,0.321804717183,0.25541254878
383,0.444307425991,0.151075240225,0.304544612765,0.259663607925
384,0.445574998856,0.150341714732,0.307958751917,0.257576871663
385,0.443810623139,0.151752245147,0.30049289763,0.257183812559
386,0.444822661579,0.149947384372,0.309637717903,0.255226586014
387,0.447941720486,0.149184406269,0.31567530334,0.253297291696
388,0.448320560157,0.149205913302,0.308941304684,0.254299640656
389,0.446609754115,0.150629170705,0.296186335385,0.258370034397
390,0.442684885114,0.151307919994,0.296703711152,0.263199981302
391,0.440491382033,0.152517643292,0.298484995961,0.258233636618
392,0.437092982233,0.152165390085,0.314152516425,0.255039155483
393,0.44774913229,0.150381791871,0.311009407043,0.255203321576
394,0.447839939967,0.148855464533,0.308166101575,0.254814792424
395,0.449922630563,0.148900848348,0.320023454726,0.25492080301
396,0.450808895752,0.148377896287,0.31349285692,0.256498057395
397,0.455345133319,0.146549777593,0.320028185844,0.256691176444
398,0.453898185864,0.147988273297,0.309974722564,0.254789121449
399,0.452565092593,0.147510976996,0.310996569693,0.25552470237
400,0.442715199664,0.152478440199,0.303363658488,0.261671919376
401,0.434675611556,0.154937234242,0.294332362711,0.268861543387
402,0.42858713679,0.156962181441,0.296276807785,0.259771756828
403,0.441207958385,0.151389431208,0.31394071877,0.25959488377
404,0.450251499191,0.148835183121,0.309993177652,0.258821453899
405,0.45097557269,0.148787403014,0.308263495564,0.259568747133
406,0.454974338412,0.147140362766,0.310109637678,0.25618852675
407,0.449359137565,0.149605162907,0.299289062619,0.261621836573
408,0.440769063309,0.153242101893,0.305390335619,0.257973641157
409,0.448747102171,0.149194234051,0.308991588652,0.25781044364
410,0.45426286757,0.147941994015,0.314068466425,0.264482416213
411,0.448938768357,0.148446247913,0.322585523129,0.255946744233
412,0.455237489194,0.147608407773,0.31810182333,0.257787901908
413,0.458675015718,0.146705965512,0.313200309873,0.261331040412
414,0.452544940636,0.148050731514,0.305964134634,0.261645264924
415,0.453509896994,0.147543651983,0.313890293241,0.258820660412
416,0.457666188478,0.147084507626,0.310335367918,0.260353241116
417,0.457636218518,0.146373571828,0.308500945568,0.257616832852
418,0.457266321406,0.145926094148,0.308612421155,0.261656228453
419,0.458706535399,0.14639491681,0.313274398446,0.263567026705
420,0.456028070301,0.146564004943,0.323619574308,0.261337731034
421,0.457741411403,0.147231595591,0.310700848699,0.260104265064
422,0.45688277483,0.147099938709,0.320452861488,0.260392412543
423,0.460158629343,0.145744150504,0.318177610636,0.260090846568
424,0.45838662982,0.146305386443,0.315478123724,0.258627332747
425,0.457646153867,0.146220650524,0.316467069089,0.258922979236
426,0.461408168077,0.145795297343,0.314036086202,0.259862788022
427,0.460449820384,0.14531433396,0.319516837597,0.26061778143
428,0.458903733641,0.145783762913,0.314262256026,0.258253142238
429,0.461858497933,0.145678439178,0.314564175904,0.260945033282
430,0.459743265063,0.145277559757,0.321939729154,0.26004248485
431,0.460494937375,0.145784136374,0.306957989931,0.261223237962
432,0.458201140165,0.146800173912,0.311369769275,0.265516281128
433,0.453137623146,0.147939965595,0.310301683843,0.26010235399
434,0.460042206571,0.145309686195,0.322264894843,0.261610355228
435,0.459443228319,0.14703781018,0.304839119315,0.262539036572
436,0.453774735332,0.14851798676,0.310438171029,0.263536810875
437,0.45705235377,0.147603411693,0.313801050186,0.259865183383
438,0.45562217012,0.148230408784,0.31476649642,0.2588156946
439,0.45711026527,0.146991488058,0.298327490687,0.264194879681
440,0.456188829616,0.146394960117,0.303202994168,0.266175422817
441,0.46238941513,0.145938776433,0.313191927969,0.265249416232
442,0.46408688277,0.144666242413,0.314861088991,0.259442802519
443,0.443492796272,0.155001793988,0.28912641108,0.269646972418
444,0.41693190299,0.161470076069,0.286656841636,0.263662420213
445,0.437637718394,0.153038419783,0.310128696263,0.262641359121
446,0.451069092378,0.150597538799,0.31040148437,0.261255130172
447,0.457223007455,0.147459908854,0.306974366307,0.265553120524
448,0.462477639318,0.145404125098,0.318562328815,0.264890018851
449,0.459936443716,0.146423981991,0.329021349549,0.258398670703
450,0.460866507143,0.147018238902,0.316439911723,0.264515548944
451,0.463501757011,0.144501228817,0.32410658896,0.263242945075
452,0.470382336527,0.142752960324,0.320053562522,0.265000123531
453,0.469047496095,0.143109986559,0.321675702929,0.259808238596
454,0.469249960035,0.1441042074,0.308261603117,0.263256173581
455,0.468074055389,0.143137327395,0.320438615978,0.265928868204
456,0.472384575754,0.142649945337,0.314789094031,0.264155052602
457,0.47307279706,0.142592995428,0.316056385636,0.264218322933
458,0.4669636935,0.143945164047,0.303616434336,0.266687911004
459,0.469186387956,0.143205130473,0.315060630441,0.263581898063
460,0.471404219046,0.14217589004,0.324729949236,0.258723452687
461,0.470881959423,0.142663293052,0.308428943157,0.265673749149
462,0.469542250037,0.144423045684,0.30378074199,0.267159473151
463,0.464847784489,0.144263076596,0.315361134708,0.264485355467
464,0.46800882183,0.143378126435,0.301492065191,0.26630596444
465,0.468110702932,0.143645978533,0.31565079838,0.268403016031
466,0.470093913376,0.143090513535,0.300054572523,0.272781845182
467,0.46725676395,0.144271189813,0.3099302724,0.270185045898
468,0.469597201794,0.143112328835,0.319750666618,0.264547664672
469,0.46845100075,0.146147997584,0.311887472868,0.269251696765
470,0.460124179721,0.145793958567,0.308561377227,0.265478637069
471,0.468024689704,0.142935354263,0.3328679353,0.264044903219
472,0.473625112325,0.142905227374,0.314613170922,0.264985904098
473,0.473273064941,0.1421404141,0.304079763591,0.275836464018
474,0.467071473598,0.14420927316,0.316941671073,0.265552744269
475,0.471879472956,0.142861162312,0.313761427999,0.266458213329
476,0.474282694981,0.141637882218,0.32309576124,0.265537075698
477,0.474913027138,0.142009667121,0.325923912227,0.264012251049
478,0.475777041167,0.142018876038,0.311381265521,0.265211582184
479,0.477008679882,0.140566868708,0.31858214736,0.263352598995
480,0.478310951963,0.140245874412,0.318773470819,0.265212111175
481,0.481625914574,0.139947406016,0.313534006476,0.265809971839
482,0.47788236104,0.140667189378,0.318786941469,0.269439544529
483,0.475022766739,0.141398006119,0.308854103088,0.269669447094
484,0.476264605299,0.140881084371,0.317602112889,0.267393052578
485,0.477878054604,0.140618832316,0.306811444461,0.266628406942
486,0.477561417967,0.140220724512,0.320499002934,0.265311919153
487,0.479316651821,0.139896614477,0.32831159234,0.267002079636
488,0.483619309962,0.139504102059,0.320046238601,0.269272051752
489,0.479803459719,0.140198082197,0.31150534004,0.271071255207
490,0.478207677603,0.140339386184,0.31661490351,0.265374034643
491,0.476785331964,0.14032655675,0.330488830805,0.262092266232
492,0.478119174019,0.140598646365,0.316069446504,0.269368547946
493,0.479318808764,0.140470638406,0.310329988599,0.271155219525
494,0.481615731493,0.13978318451,0.309500038624,0.270313858986
495,0.479254676029,0.139422419947,0.322643704712,0.271551545709
496,0.47792641446,0.141305467114,0.317238591611,0.275844622403
497,0.46537637338,0.145389972255,0.312187001109,0.268460247666
498,0.468028951436,0.144422130194,0.307586237788,0.267997048795
499,0.471553297713,0.142368960194,0.3189984411,0.266728870571
500,0.477794809267,0.140247806441,0.320124812424,0.267996821553
501,0.47836243175,0.14068129519,0.322080165148,0.266607552767
502,0.478124210611,0.140606099274,0.320412069559,0.264863055199
503,0.469411373138,0.144226615317,0.296315670013,0.276728436351
504,0.466170782223,0.145817149431,0.315440490842,0.27073058486
505,0.467711921781,0.144490565639,0.317985333502,0.271571267396
506,0.471670320258,0.142880430911,0.308708317578,0.273560281843
507,0.476750642061,0.141698754393,0.321237780154,0.269254699349
508,0.475553287193,0.142626686022,0.315744146705,0.269109416753
509,0.471363097429,0.142894478515,0.316951796412,0.263439346105
510,0.472523123026,0.144374564756,0.303171373904,0.266471322626
511,0.467829937115,0.144442026038,0.311973705888,0.267577826977
512,0.473637472838,0.142014164943,0.323442034423,0.268693499267
513,0.480618145317,0.140572783072,0.320414178073,0.267644960433
514,0.483322748914,0.139371384867,0.319564908743,0.271068688482
515,0.480646381155,0.140010878909,0.321017175913,0.272021986544
516,0.483726182953,0.138972456101,0.315538778901,0.273497663438
517,0.484430449083,0.139421942178,0.320992946625,0.266485527158
518,0.484934180975,0.138105019927,0.320454530418,0.269674830139
519,0.487450297922,0.138107907027,0.321696542203,0.270168010145
520,0.488593202084,0.137669786345,0.32532133162,0.268248341978
521,0.485946070403,0.139452078845,0.319018997252,0.264571551234
522,0.476827742532,0.140378389973,0.331289097667,0.27361780405
523,0.48247558251,0.139589522034,0.32683070749,0.269276101142
524,0.485274706036,0.138514740393,0.323698088527,0.267878890038
525,0.484936432913,0.138874399941,0.315576910973,0.269352689385
526,0.484586128965,0.139000799507,0.312661811709,0.272635959089
527,0.480051035061,0.140072224662,0.323693186045,0.272196531296
528,0.48133283481,0.139404310845,0.315208517015,0.26915217936
529,0.484656244516,0.139213374816,0.315135404468,0.272462792695
530,0.485192956403,0.138524793554,0.320887878537,0.272246163338
531,0.487026495859,0.138934131246,0.314455382526,0.271557021886
532,0.484902981669,0.139302047435,0.315713010728,0.271703954786
533,0.481953350827,0.139407147188,0.323422513902,0.268439996988
534,0.486736487597,0.138092461973,0.314043916762,0.269027862698
535,0.485075341538,0.139217026066,0.309406206012,0.270563580096
536,0.484518019482,0.13914550934,0.314178533852,0.275147017092
537,0.481286872178,0.139925460797,0.315958611667,0.267939314246
538,0.482384899631,0.139611546416,0.319336108863,0.270222019404
539,0.48669686541,0.137761370745,0.32301915437,0.268910437822
540,0.492000086233,0.137335158885,0.316935583949,0.268327038735
541,0.484665513039,0.137835812289,0.335116222501,0.270776484162
542,0.48361797072,0.140745744109,0.321926116943,0.274031847715
543,0.474889611825,0.142018286977,0.315147548914,0.270442325622
544,0.482396760955,0.140054701827,0.310876555741,0.274481683969
545,0.482077175751,0.140219027642,0.324431948364,0.276946965605
546,0.486011372879,0.138545205817,0.320895858109,0.273033171892
547,0.489333141595,0.137810472865,0.294978916645,0.279876980931
548,0.487878132612,0.137981794309,0.320424847305,0.271204039454
549,0.489463260397,0.138186869677,0.318231634796,0.272277221084
550,0.480259176344,0.14153536642,0.317096307874,0.274194341153
551,0.479865528643,0.140813337173,0.32107783854,0.270967762917
552,0.487460928038,0.1384157422,0.314648628235,0.276472721249
553,0.487875530496,0.138531661127,0.329088330269,0.268276296556
554,0.482254175469,0.141058717854,0.316145755351,0.276148706675
555,0.470154132694,0.143769271206,0.316515162587,0.272683981806
556,0.481344858184,0.14010304492,0.316838860512,0.273755177855
557,0.488849667832,0.138265670277,0.315328404307,0.275517504662
558,0.488633273169,0.137320305686,0.327872648835,0.270381722599
559,0.493024237454,0.137186533771,0.317979350686,0.27213653177
560,0.491884920746,0.136982006487,0.316667631269,0.276871331036
561,0.494033329189,0.135439285543,0.3230214715,0.271041736007
562,0.49606314674,0.136095485184,0.315490320325,0.276597421616
563,0.492066772655,0.136795052327,0.316878594458,0.274372193962
564,0.492999387905,0.136149638798,0.315605357289,0.27181121707
565,0.493435600773,0.136024553329,0.315265320241,0.274157710373
566,0.498781500384,0.134712422732,0.323711633682,0.273796889931
567,0.497594863176,0.134904926643,0.322450265288,0.273555777967
568,0.49621322751,0.136556339916,0.299746237695,0.277355927974
569,0.485031671822,0.139198435005,0.299206122756,0.27962430194
570,0.479927891865,0.142388981767,0.300955273211,0.281792666763
571,0.482463000342,0.13927209191,0.319912061095,0.274009633809
572,0.485176123679,0.138804316055,0.31860819459,0.268531378359
573,0.485019331798,0.138641457539,0.325244344771,0.272981569171
574,0.486397283152,0.139180973638,0.318592898548,0.272023987025
575,0.495932999998,0.136355141178,0.315194517374,0.27904740721
576,0.493782227859,0.136133058462,0.315018169582,0.27883047238
577,0.497322721407,0.13498359127,0.317787721753,0.279394723475
578,0.493602070957,0.136478004511,0.298147022724,0.28070391342
579,0.491590783,0.136269066948,0.32918844372,0.270713511854
580,0.49507060647,0.135515175294,0.32333150506,0.271772202104
581,0.49862274155,0.134654151741,0.32555899024,0.271271169186
582,0.498723173514,0.135188920889,0.326259963214,0.271908242255
583,0.49756619893,0.135048268829,0.334316752851,0.270742431283
584,0.49099268578,0.138865849003,0.304138995707,0.276947796345
585,0.487604042515,0.138008913025,0.326113253832,0.272675558925
586,0.486488481984,0.13991354173,0.325715258718,0.27050678432
587,0.489166144282,0.138208709192,0.325863771141,0.273699555546
588,0.490233458579,0.137504720129,0.328580915928,0.275480050594
589,0.49134301208,0.137180137914,0.318737015128,0.278084352612
590,0.495233034715,0.136586541776,0.321350164711,0.275340195745
591,0.49740405567,0.135175907984,0.316423915327,0.273703344166
592,0.496551830322,0.135553583503,0.329109415412,0.273617304862
593,0.498356278986,0.135709625669,0.327021427453,0.275186479092
594,0.49168350175,0.136993382126,0.330730721354,0.276990175247
595,0.498236017302,0.136009729467,0.318815328181,0.278888635337
