epoch,jaccard,loss,val_jaccard,val_loss
0,0.109695754945,0.786899879575,0.125148892403,0.709388911724
1,0.0994101744145,0.542185291648,0.124165408313,0.691819548607
2,0.0979817751795,0.525414705276,0.123971946537,0.685857534409
3,0.0976336933672,0.51970666647,0.123914673924,0.68039804697
4,0.0975576676428,0.516129642725,0.123798072338,0.6728541255
5,0.0977116152644,0.513568535447,0.123596973717,0.665541052818
6,0.097608005628,0.511502191424,0.123284913599,0.658400475979
7,0.0976372044533,0.509629704058,0.122992545366,0.652589023113
8,0.0979698672891,0.508002430201,0.122873812914,0.648803889751
9,0.0973314940929,0.506782062352,0.122921429574,0.646896004677
10,0.0977583564818,0.505273923278,0.123073630035,0.645374536514
11,0.0979348532856,0.503905087709,0.123467944562,0.64663952589
12,0.0987798590213,0.502389907837,0.124030090868,0.648549377918
13,0.0987134482712,0.501172766089,0.124482318759,0.648678719997
14,0.0990753993392,0.499752379954,0.125348135829,0.655391991138
15,0.100323947147,0.498107425869,0.126290097833,0.663646042347
16,0.101661106572,0.496369831264,0.127714261413,0.67745500803
17,0.103061150759,0.494601473212,0.129070937634,0.68921482563
18,0.104704434052,0.492954231799,0.130322992802,0.705190956593
19,0.10634463653,0.490663774312,0.13230265677,0.750236809254
20,0.109891120344,0.488070577383,0.133433014154,0.752200901508
21,0.110038487241,0.486747391522,0.134889736772,0.802889764309
22,0.112391879782,0.485001340508,0.135070174932,0.794623494148
23,0.114253887907,0.482343412936,0.136181518435,0.806395173073
24,0.114247154444,0.481604076922,0.136758983135,0.784915566444
25,0.117552153766,0.477519102395,0.137752681971,0.831434845924
26,0.118527960032,0.476645588875,0.137885302305,0.862815260887
27,0.121381495148,0.474073268473,0.137925490737,0.8476806283
28,0.122366787866,0.471941158175,0.138646349311,0.877958059311
29,0.124512255192,0.469980113208,0.139342322946,0.789906442165
30,0.123313874006,0.470702424645,0.139084473252,0.770973861217
31,0.126263713464,0.466201767325,0.139554485679,0.807134747505
32,0.128004487604,0.464454956353,0.140260487795,0.777938306332
33,0.126804556698,0.465265363455,0.139709711075,0.784618794918
34,0.130808178335,0.460764020681,0.140160262585,0.765272796154
35,0.129852820188,0.460744999349,0.140830010176,0.791141927242
36,0.129696665332,0.460014998913,0.141486644745,0.776518285275
37,0.131179153919,0.458522364497,0.140964373946,0.778447329998
38,0.129884032533,0.458245292306,0.141413271427,0.757925570011
39,0.13354255259,0.455276913941,0.141259327531,0.729012548923
40,0.133174868301,0.454694159329,0.142499893904,0.748448133469
41,0.133819047362,0.45387853682,0.142052546144,0.721757352352
42,0.135122636333,0.450575493276,0.143170461059,0.716771185398
43,0.137589965016,0.449029684067,0.141245096922,0.629747509956
44,0.135152742267,0.449026860297,0.144295275211,0.756010174751
45,0.13832943514,0.447823256254,0.143142953515,0.641162753105
46,0.13940185681,0.445182062685,0.14432144165,0.662765145302
47,0.137662861496,0.446760997176,0.143436953425,0.639334738255
48,0.139628024772,0.444260239601,0.141379848123,0.602293610573
49,0.14154593274,0.440995909274,0.143994778395,0.644374072552
50,0.141770962626,0.441247552633,0.142784357071,0.627716720104
51,0.139210714027,0.443097271025,0.141754642129,0.595553517342
52,0.141322439536,0.439577370882,0.141593620181,0.589947342873
53,0.139317236841,0.440410405397,0.143557146192,0.599524080753
54,0.143135346472,0.436546206474,0.143577963114,0.583419203758
55,0.141316048801,0.436425730586,0.14759837091,0.666542112827
56,0.145700203255,0.434170603752,0.144844815135,0.603437185287
57,0.147968299687,0.431615442038,0.143237441778,0.602103054523
58,0.147178079933,0.431438915431,0.143043920398,0.60005325079
59,0.140964446589,0.438222251832,0.141902804375,0.564044952393
60,0.144893463701,0.430074818432,0.143009096384,0.562113523483
61,0.149036519229,0.427334375679,0.144019111991,0.577437102795
62,0.14655717276,0.427292823792,0.147169515491,0.595413923264
63,0.150165006518,0.426727697253,0.142800375819,0.54977452755
64,0.149869311601,0.425636544824,0.143258675933,0.553596377373
65,0.149959545583,0.424611508846,0.143697500229,0.548431158066
66,0.152860894799,0.421078123152,0.143689751625,0.5397310853
67,0.152756262571,0.421940349042,0.141367405653,0.534815788269
68,0.148724649101,0.42539472878,0.137147963047,0.516288161278
69,0.151497390121,0.419920220971,0.138547360897,0.523599386215
70,0.151931077242,0.419066980481,0.142461895943,0.54818969965
71,0.149444522336,0.42358019948,0.136939942837,0.506026566029
72,0.151017658412,0.417702160776,0.140332624316,0.508921325207
73,0.153924541548,0.414796799421,0.144139587879,0.533084869385
74,0.154523145407,0.417003564537,0.138907462358,0.511429190636
75,0.154754776508,0.414408817887,0.142852693796,0.51622068882
76,0.155890798196,0.412843063474,0.14538295567,0.52526563406
77,0.158097799867,0.411046177149,0.143845707178,0.527858614922
78,0.15292737633,0.413483530283,0.148630440235,0.582232654095
79,0.152774307877,0.417248144746,0.139205470681,0.49920514226
80,0.155684683472,0.410272106528,0.144149109721,0.510414004326
81,0.157231871039,0.408720947802,0.143653452396,0.516205668449
82,0.156495148316,0.40998891741,0.138263851404,0.490472942591
83,0.158583078533,0.403902001679,0.148239910603,0.534589648247
84,0.161648791283,0.404669873416,0.148610174656,0.535544276237
85,0.161692958325,0.403474166989,0.143565580249,0.504050910473
86,0.162532746792,0.403222791851,0.139309093356,0.49278691411
87,0.163032956421,0.400333471596,0.143111944199,0.50157558918
88,0.159226145595,0.405598655343,0.137072205544,0.48004335165
89,0.162925988436,0.398748368025,0.143643140793,0.496039003134
90,0.165467746556,0.396436884999,0.144230797887,0.501369357109
91,0.163502536714,0.397762790322,0.14574405551,0.503028690815
92,0.163991417736,0.399529635906,0.139100298285,0.483184933662
93,0.166738912463,0.393566153944,0.143166348338,0.490521103144
94,0.168410483748,0.393770709634,0.139366596937,0.484448760748
95,0.165486287326,0.393386058509,0.145402312279,0.49519264698
96,0.168326072395,0.393315829337,0.139989390969,0.480549424887
97,0.164347045124,0.394507348537,0.146676599979,0.496077150106
98,0.172505363822,0.388420753181,0.138907641172,0.47964990139
99,0.170395798981,0.3876876086,0.144151583314,0.491200089455
100,0.167041756213,0.391145497561,0.144000187516,0.488495230675
101,0.170511133969,0.387740813196,0.141154438257,0.480471313
102,0.171454552561,0.386682152748,0.134993731976,0.47037807107
103,0.168253593147,0.388748064637,0.138670772314,0.477893322706
104,0.17027503252,0.384905636311,0.140136346221,0.477771610022
105,0.16937802732,0.385763570666,0.146795228124,0.495635151863
106,0.174467608333,0.3817101717,0.141838207841,0.48089453578
107,0.174130186439,0.382843971252,0.139332488179,0.4827080369
108,0.174719423056,0.380712047219,0.139541879296,0.474597305059
109,0.177765939385,0.377147905529,0.138182491064,0.4714640975
110,0.177051220089,0.377911485732,0.138048365712,0.467032819986
111,0.174178842455,0.378031030297,0.144517675042,0.47724199295
112,0.176067076623,0.377376034856,0.147587582469,0.490361094475
113,0.174725342542,0.378442250192,0.137878626585,0.466700404882
114,0.175319787115,0.376609958708,0.142827793956,0.478700518608
115,0.177552763373,0.374705858529,0.142736062407,0.479537963867
116,0.17861847952,0.37421002984,0.136666134,0.462036460638
117,0.182172365487,0.369087487459,0.135712236166,0.462430328131
118,0.183637503535,0.367127671838,0.142008289695,0.47292548418
119,0.18215116486,0.369372263551,0.14140406251,0.4725702703
120,0.182860299945,0.366626165807,0.147566601634,0.483072280884
121,0.178875572979,0.371485874057,0.145128473639,0.499582409859
122,0.176932580769,0.373244658113,0.141238003969,0.468873858452
123,0.183444965631,0.364866308868,0.140516147017,0.473167091608
124,0.174640230834,0.372549712658,0.14733338356,0.491947233677
125,0.182109311223,0.368176847696,0.137633368373,0.462782412767
126,0.185136429965,0.362168744206,0.13619787991,0.458449184895
127,0.186805475503,0.360090062022,0.139730319381,0.465730965137
128,0.187188759446,0.360714070499,0.136833921075,0.457244604826
129,0.187508538365,0.361090511084,0.130800008774,0.451542466879
130,0.185153774917,0.359301663935,0.139207258821,0.463834345341
131,0.187442254275,0.360388025641,0.135228991508,0.459960997105
132,0.189469974488,0.357688434422,0.134079411626,0.456454366446
133,0.189077995718,0.354827269912,0.137517124414,0.460247933865
134,0.192047104239,0.354506522417,0.137479409575,0.459517091513
135,0.191999133676,0.352702863514,0.140159159899,0.460703849792
136,0.191200241446,0.354935608804,0.134680479765,0.452426850796
137,0.192936044186,0.350449547172,0.139810279012,0.462414264679
138,0.195510264486,0.350387178361,0.138257026672,0.461531937122
139,0.189271301031,0.354092955589,0.138187944889,0.463478296995
140,0.191120095551,0.351915597916,0.140973761678,0.468158841133
141,0.192211586982,0.351019367576,0.135532855988,0.448527216911
142,0.193256232888,0.349209062755,0.138787567616,0.455222308636
143,0.184638090432,0.357625484467,0.134922251105,0.447322070599
144,0.19729969278,0.343196921051,0.137994393706,0.452487409115
145,0.201722092927,0.341716907918,0.139203488827,0.458451867104
146,0.197910033166,0.344379223883,0.134466215968,0.457188010216
147,0.196367967874,0.344173535705,0.140127256513,0.460850834846
148,0.197333857417,0.344276711345,0.14023694396,0.462961018085
149,0.198140610009,0.342022158206,0.145966529846,0.482336968184
150,0.203699395061,0.339215986431,0.133178949356,0.445439338684
151,0.199219513685,0.337433964014,0.15129058063,0.488445609808
152,0.202822461724,0.33872949332,0.146507620811,0.478300213814
153,0.202281769365,0.338019289076,0.144337520003,0.465566307306
154,0.202635608613,0.337468244135,0.142194136977,0.466339290142
155,0.198336578906,0.342916376889,0.138570278883,0.452706873417
156,0.205022823066,0.332333020866,0.140000373125,0.46146556735
157,0.202106617391,0.334724649787,0.14382827282,0.481599062681
158,0.205362286419,0.336080238223,0.138592109084,0.454887777567
159,0.209619898349,0.330791205168,0.131821647286,0.444951117039
160,0.205001085997,0.330468207598,0.143871933222,0.459029525518
161,0.208100184798,0.331984199584,0.13308519125,0.443773180246
162,0.206410553306,0.329521976411,0.140204131603,0.459694772959
163,0.212244898081,0.325314983726,0.137902021408,0.452070295811
164,0.205023165792,0.328489363194,0.151650339365,0.487500816584
165,0.209470517933,0.327294044197,0.149807482958,0.479700744152
166,0.208477146924,0.326855935156,0.146855205297,0.472825884819
167,0.207656294107,0.331245370209,0.138034179807,0.447814822197
168,0.211532305926,0.324847079813,0.139013066888,0.452941775322
169,0.206121396273,0.32897695899,0.1407956779,0.459182918072
170,0.206604205072,0.326604515314,0.140958592296,0.460713893175
171,0.213875632733,0.323086470366,0.132826834917,0.44357535243
172,0.217041250318,0.318694457412,0.132568135858,0.440513163805
173,0.219443764538,0.314322672784,0.139612346888,0.448968827724
174,0.218149926513,0.317291975021,0.139641910791,0.451444357634
175,0.220911584795,0.314983166754,0.138989269733,0.447991549969
176,0.219587054104,0.313768744469,0.152172744274,0.482674151659
177,0.215434584767,0.320198953152,0.151424989104,0.485304474831
178,0.216427866369,0.320769257843,0.1380969733,0.448123246431
179,0.213899873197,0.317149348557,0.147373080254,0.470780521631
180,0.224290363491,0.311061665416,0.1394610852,0.449673384428
181,0.222629483789,0.311672113836,0.135868132114,0.44804623723
182,0.218777492642,0.314250789583,0.138086885214,0.445894420147
183,0.225124124438,0.3087766096,0.134485855699,0.444719702005
184,0.22161449492,0.309445559978,0.146999821067,0.463138520718
185,0.227051589638,0.30862031132,0.13799034059,0.445649892092
186,0.222542297095,0.308164469898,0.148268952966,0.466264277697
187,0.230031393468,0.306281752884,0.131798371673,0.433058738708
188,0.225435465574,0.306096792221,0.139489546418,0.447866439819
189,0.222558811307,0.309082426131,0.14204454422,0.456720203161
190,0.227970473468,0.306601338089,0.132061928511,0.435103803873
191,0.230127792805,0.299253448844,0.143519505858,0.4546636343
192,0.231997005641,0.301590852439,0.142851501703,0.454670339823
193,0.230668708682,0.300648868084,0.14355841279,0.458746790886
194,0.233010202646,0.301040582359,0.139526560903,0.454992830753
195,0.226245451719,0.305257335305,0.141555964947,0.461658805609
196,0.229942280799,0.301260612905,0.139840528369,0.448687165976
197,0.234921108931,0.294632412493,0.146802961826,0.461129963398
198,0.237085290253,0.297091573477,0.135812267661,0.436435312033
199,0.237138848752,0.295519821346,0.130268543959,0.437467515469
200,0.233396917582,0.294079355896,0.147349715233,0.468612521887
201,0.231947146356,0.299765877426,0.148602977395,0.4654083848
202,0.23840470612,0.294485650957,0.139147952199,0.441224187613
203,0.236627671868,0.295286774635,0.133348092437,0.43408241868
204,0.239038992673,0.290585301816,0.13720151782,0.44480034709
205,0.238696154207,0.291299201548,0.136321559548,0.443101257086
206,0.236226286739,0.294956602156,0.130073159933,0.430973678827
207,0.23261282593,0.296162582934,0.133013308048,0.432795703411
208,0.24333485961,0.285002499819,0.144321799278,0.455220609903
209,0.243244115263,0.288598164916,0.136944398284,0.437424600124
210,0.248050894588,0.283193267882,0.134695962071,0.438080787659
211,0.240262370557,0.290753081441,0.130933195353,0.434205412865
212,0.238667786121,0.288483530283,0.13937279582,0.438780575991
213,0.22898010537,0.297756701708,0.141526460648,0.446725279093
214,0.245983805507,0.283524312079,0.137746483088,0.439284533262
215,0.251930881292,0.279889576137,0.133295714855,0.434290856123
216,0.251874260604,0.274606496096,0.148885771632,0.460145533085
217,0.257157322019,0.27766764164,0.135278537869,0.435910254717
218,0.246403966099,0.281261436641,0.142941012979,0.45272192359
219,0.244675405324,0.287366680801,0.130498677492,0.432928025723
220,0.247791673988,0.280064299703,0.135953471065,0.439435482025
221,0.250452261418,0.27815990895,0.140428200364,0.44896236062
222,0.253571748734,0.277198240161,0.141873553395,0.447430163622
223,0.251594450325,0.279481470585,0.133047878742,0.433660775423
224,0.255049783736,0.274467237294,0.129791736603,0.429950296879
225,0.251199007034,0.276117816567,0.140407949686,0.443516790867
226,0.255986321718,0.271773092449,0.148940727115,0.462886422873
227,0.256114333868,0.274175718427,0.148117810488,0.468072265387
228,0.252822045237,0.2747496292,0.152164623141,0.474011749029
229,0.263290248811,0.269232861698,0.145151391625,0.459189683199
230,0.264508783817,0.267361484468,0.13881957531,0.444056332111
231,0.266118124127,0.265267834067,0.139844700694,0.444944947958
232,0.265534877777,0.265021130443,0.141717731953,0.458819359541
233,0.259176746011,0.271923556924,0.137732177973,0.450380414724
234,0.256660722196,0.273677304387,0.134222075343,0.440248817205
235,0.261014159769,0.26473274827,0.147667899728,0.460386008024
236,0.269594505429,0.262425631285,0.139084741473,0.441911399364
237,0.269181586802,0.26162520051,0.140031039715,0.439374238253
238,0.264975007623,0.266283512115,0.135968536139,0.438003987074
239,0.264718644321,0.263309657574,0.14509563148,0.452876210213
240,0.266828648746,0.264182813466,0.145234942436,0.456183105707
241,0.270834878087,0.26042868197,0.138880088925,0.447597831488
242,0.267240442336,0.260707177222,0.140451803803,0.451723009348
243,0.26708380878,0.261851325631,0.15090739727,0.465532511473
244,0.266769610345,0.265318952501,0.130704388022,0.435068547726
245,0.262310598046,0.266787707806,0.130472764373,0.428340554237
246,0.273336775601,0.255166351795,0.138579025865,0.440102905035
247,0.279712699354,0.252315763384,0.134799256921,0.435298025608
248,0.276687867939,0.253029182553,0.13871884346,0.444146424532
249,0.273386619985,0.256145223975,0.140460938215,0.44957318902
250,0.27502027899,0.257254194468,0.133854866028,0.435205549002
251,0.276488684118,0.254135187715,0.135342642665,0.440120965242
252,0.269455038011,0.257724799216,0.145583972335,0.450419485569
253,0.27402761206,0.255184259266,0.145285204053,0.458060711622
254,0.284102551639,0.247196912766,0.144588381052,0.454634606838
255,0.284310922027,0.249741639942,0.136617317796,0.438158601522
256,0.279515348375,0.251761358231,0.134035363793,0.436050415039
