epoch,jaccard,loss,val_jaccard,val_loss
0,0.096588306129,0.74159283936,0.0966352522373,0.639796316624
1,0.0952458530664,0.640062868595,0.0962624624372,0.573526978493
2,0.0946286991239,0.589389905334,0.0953040346503,0.541317224503
3,0.0939330197871,0.561829596758,0.0951473638415,0.526479005814
4,0.0940504856408,0.545807406306,0.0954083874822,0.519189417362
5,0.0935648232698,0.536282896996,0.0954636484385,0.514819025993
6,0.0936778523028,0.529999136925,0.0954997688532,0.51139998436
7,0.093779636547,0.525121763349,0.0958348885179,0.508468031883
8,0.0940364543349,0.521251410246,0.0963920876384,0.505842447281
9,0.0945838894695,0.517831981182,0.0970462933183,0.503313541412
10,0.0949906259775,0.514853850007,0.0976699665189,0.500729680061
11,0.0955898854882,0.511805862188,0.0984283909202,0.498164117336
12,0.0960794929415,0.509103834629,0.0994825363159,0.495431035757
13,0.0969446264207,0.506045430899,0.0998157262802,0.492888152599
14,0.0968998670578,0.503680586815,0.100437186658,0.490343630314
15,0.0980825833976,0.500871926546,0.10178809613,0.487750798464
16,0.0992252472788,0.498271264136,0.101836562157,0.485653042793
17,0.0994736012071,0.495658658445,0.102692618966,0.483100175858
18,0.100629320368,0.493130624294,0.104080848396,0.480703175068
19,0.101637421176,0.490826293826,0.103720761836,0.478542625904
20,0.10187038593,0.488337121904,0.10605994612,0.475868076086
21,0.103588074446,0.485857531428,0.106048218906,0.47365295887
22,0.103375457227,0.483888849616,0.107292331755,0.47134450078
23,0.105272695422,0.481232658029,0.107175417244,0.46969306469
24,0.104260118678,0.479548372328,0.107487857342,0.467543751001
25,0.106092873961,0.477299869061,0.109542608261,0.465277224779
26,0.105997709557,0.475071370602,0.108110398054,0.463761687279
27,0.10634341836,0.473298028111,0.110634662211,0.461474746466
28,0.107521701604,0.471122890711,0.109843701124,0.459870070219
29,0.107490902767,0.469325020909,0.111283391714,0.457867115736
30,0.10768876411,0.467413693666,0.110578767955,0.456707656384
31,0.108426664025,0.465720929205,0.112410239875,0.454325467348
32,0.108460607007,0.4640404284,0.11079711467,0.453525751829
33,0.108658306301,0.462050683796,0.113539084792,0.451618343592
34,0.109543943778,0.460351228714,0.112117893994,0.449941009283
35,0.109116841108,0.45856461674,0.114109389484,0.448086500168
36,0.110763411969,0.45696260035,0.113076217473,0.446589082479
37,0.109967229888,0.455041058362,0.114099100232,0.444899737835
38,0.110919583589,0.453820094466,0.114069603384,0.443361103535
39,0.110691625625,0.451969496906,0.114569634199,0.442492961884
40,0.110621811822,0.450810067356,0.114563174546,0.440281152725
41,0.111423421651,0.448667965829,0.116916805506,0.438723117113
42,0.112430034205,0.447268456221,0.115530133247,0.437066704035
43,0.112061209977,0.445480756462,0.115919999778,0.43566647172
44,0.112173764035,0.444404482841,0.117512248456,0.434686005116
45,0.113463696092,0.442431360483,0.116512767971,0.432865977287
46,0.113211918622,0.440803900361,0.11797644943,0.431350916624
47,0.114107135683,0.439176768064,0.116739422083,0.430108338594
48,0.114198934287,0.437998726964,0.118237651885,0.429123550653
49,0.114353299141,0.436290279031,0.118427492678,0.427110016346
50,0.113786067814,0.435935035348,0.118730574846,0.425286978483
51,0.113986084238,0.43343962729,0.119352608919,0.424355953932
52,0.116505375132,0.431983992457,0.118504710495,0.423666059971
53,0.115100247785,0.430614791811,0.118845909834,0.422136932611
54,0.116846209392,0.429163582623,0.120755262673,0.420819789171
55,0.115508701652,0.428002811968,0.119459964335,0.419112592936
56,0.116941766813,0.426241472363,0.120686449111,0.418387323618
57,0.117772560567,0.42492890358,0.120978064835,0.416138589382
58,0.117378758267,0.423864006996,0.119164429605,0.415887981653
59,0.114775158465,0.423921830952,0.122544594109,0.413833677769
60,0.117524353787,0.421277873218,0.119965367019,0.412733644247
61,0.118033241481,0.419983804226,0.123469494283,0.411522775888
62,0.118675798178,0.418841481209,0.120676800609,0.410853564739
63,0.117428261787,0.417355932295,0.122449986637,0.409304141998
64,0.119799965993,0.415991306305,0.122958473861,0.408014833927
65,0.118869286031,0.414772614837,0.122588954866,0.406418949366
66,0.118372488767,0.413625657558,0.122895762324,0.405935078859
67,0.120754605159,0.412143722177,0.124002121389,0.404297918081
68,0.120188528672,0.411042168736,0.12309782207,0.403265982866
69,0.118404110894,0.410451442003,0.125456213951,0.401530206203
70,0.120923470706,0.409292906523,0.122117437422,0.402005344629
71,0.119364166632,0.408465288579,0.125391438603,0.400058865547
72,0.120389627293,0.406632170081,0.12239523977,0.399069547653
73,0.120476894081,0.405333466828,0.126705616713,0.397509127855
74,0.121601589024,0.404316276312,0.125537082553,0.396581530571
75,0.122176786885,0.403154678643,0.125799879432,0.394991189241
76,0.120645640418,0.401937462389,0.124552749097,0.394505560398
77,0.121461248025,0.400855235755,0.127194195986,0.393393993378
78,0.123586479574,0.399299681187,0.125063240528,0.39225846529
79,0.122421244159,0.398291237652,0.127910301089,0.390697211027
80,0.123024821281,0.397533349693,0.126047328115,0.390377432108
81,0.122948972508,0.396476775408,0.126352161169,0.38938125968
82,0.123578725383,0.395405843854,0.127079769969,0.38776871562
83,0.122570896521,0.39424457401,0.127814635634,0.386739641428
84,0.123436955735,0.393731802702,0.128574326634,0.38593390584
85,0.123444020748,0.392303928733,0.128318354487,0.385443717241
86,0.123206648976,0.391866572201,0.127258300781,0.384137064219
87,0.12464135699,0.39016854018,0.129219919443,0.383344471455
88,0.124081391841,0.38965228945,0.127922385931,0.381942778826
89,0.124092107639,0.388350196183,0.130466267467,0.381149172783
90,0.125511636958,0.387338936329,0.129347115755,0.380015969276
91,0.124469256029,0.386683419347,0.128686085343,0.379470080137
92,0.12379447557,0.385884732008,0.129742637277,0.378079414368
93,0.124922212213,0.384644068778,0.130172595382,0.377622246742
94,0.126498229802,0.383488342166,0.129726976156,0.37669506669
95,0.126412509009,0.382370948792,0.131327524781,0.37516734004
96,0.126839177683,0.38145288825,0.129653707147,0.375051617622
97,0.124038172886,0.38095407933,0.130501851439,0.3734344244
98,0.127538140863,0.380198694766,0.131821855903,0.373193532228
99,0.125558875501,0.379188850522,0.129716560245,0.372625142336
100,0.126546876505,0.378205642104,0.132713228464,0.370999753475
101,0.128211308271,0.377117983997,0.130795180798,0.370853692293
102,0.126328153536,0.376407660544,0.131642043591,0.369262635708
103,0.127369379625,0.375460021198,0.132197335362,0.368809938431
104,0.127796825022,0.374503172934,0.132280707359,0.367470383644
105,0.127926206216,0.373373426497,0.132897570729,0.367649435997
106,0.126329159364,0.373332925141,0.131173238158,0.366206020117
107,0.129301367328,0.371728129685,0.134658157825,0.366051018238
108,0.12913543731,0.371212057769,0.131818920374,0.364678174257
109,0.128335848451,0.370175108314,0.133286163211,0.364275842905
110,0.128901368007,0.36957629025,0.132392242551,0.363503158092
111,0.128262834623,0.368645466864,0.132876574993,0.362246364355
112,0.129839664325,0.368002690375,0.135400190949,0.361357808113
113,0.128691857681,0.36723819375,0.131612405181,0.361365199089
114,0.129618499428,0.366262726486,0.135524630547,0.360500991344
115,0.131014306098,0.365532718599,0.132509887218,0.359753757715
116,0.128561904654,0.364694193006,0.135133355856,0.358810245991
117,0.130583200604,0.363996073604,0.133350744843,0.358414411545
118,0.129412639886,0.363399602473,0.134098500013,0.357410520315
119,0.130227953196,0.363020844758,0.133676946163,0.357007801533
120,0.129674350843,0.362510576844,0.133407786489,0.356687307358
121,0.128877518699,0.361390970647,0.135517016053,0.354586094618
122,0.131089305505,0.359980270267,0.134839698672,0.354660600424
123,0.130346097052,0.359445996583,0.137766614556,0.353037148714
124,0.133329864591,0.358609296381,0.137858733535,0.352335691452
125,0.131475396454,0.357879824936,0.133476153016,0.352611750364
126,0.129119448364,0.357587039471,0.137779951096,0.351042598486
127,0.13327645883,0.356247037649,0.13606710732,0.351493805647
128,0.131136771291,0.356636546552,0.137102335691,0.349493414164
129,0.131864225492,0.355733439326,0.136440694332,0.349629461765
130,0.131668653339,0.354056186974,0.13657219708,0.34827914834
131,0.133614763618,0.353657960892,0.138230055571,0.347792059183
132,0.132282553241,0.353323630989,0.136866256595,0.347116887569
133,0.132562533021,0.352083876729,0.138200312853,0.346442073584
134,0.133837472647,0.351464018226,0.138905495405,0.345722794533
135,0.131458878517,0.351675674319,0.137497261167,0.34519007802
136,0.134161785245,0.350277043879,0.13956014812,0.344646245241
137,0.134360045195,0.349327653646,0.139004617929,0.343887507915
138,0.133683361113,0.348858326674,0.138794675469,0.343053638935
139,0.134315641597,0.348232515156,0.140430256724,0.343136519194
140,0.135469678789,0.348363660276,0.138750478625,0.342049658298
141,0.133603814989,0.346423827112,0.138394355774,0.341660380363
142,0.135367752984,0.346213497221,0.140106588602,0.340337187052
143,0.134146070108,0.345300212502,0.13869638741,0.340411931276
144,0.135480694473,0.344653651118,0.141881629825,0.339132755995
145,0.135550402105,0.344347782433,0.139854922891,0.339205384254
146,0.135714262724,0.343429341912,0.140406444669,0.339271754026
147,0.136065555736,0.343415744603,0.139485016465,0.337726444006
148,0.135460555553,0.342269822955,0.141268461943,0.337149292231
149,0.137135066092,0.341910712421,0.141103774309,0.336633563042
150,0.135195806623,0.341003701091,0.139343127608,0.336634427309
151,0.137172717601,0.340592026711,0.141801089048,0.33580237627
152,0.13618972525,0.340117774904,0.140491366386,0.335155755281
153,0.135931987315,0.339692123234,0.142453715205,0.33459174633
154,0.1381431669,0.339169688523,0.141887128353,0.334119260311
155,0.136204764247,0.338239237666,0.141968652606,0.333235889673
156,0.137655619532,0.337402567267,0.142790958285,0.332492262125
157,0.136958669871,0.337201848626,0.142201006413,0.332843929529
158,0.136642191559,0.337352082133,0.1419441998,0.331569939852
159,0.137623824179,0.336202181876,0.144089624286,0.331166952848
160,0.140203922987,0.335498809814,0.141541987658,0.331307858229
161,0.135135650635,0.335588172078,0.141594290733,0.330413728952
162,0.135871466249,0.335451185703,0.143314793706,0.330035716295
163,0.139429975301,0.333877123892,0.143103152514,0.329417854548
164,0.138949491084,0.333182290196,0.143521472812,0.328661084175
165,0.138219002634,0.332723326981,0.14490775764,0.327988177538
166,0.138729564846,0.332761988044,0.142574563622,0.328294277191
167,0.139090936631,0.331677272916,0.143996492028,0.326873362064
168,0.139896161854,0.330778203905,0.145097613335,0.326441287994
169,0.139820247889,0.331183075905,0.144289299846,0.326622694731
170,0.140327788889,0.329825177789,0.14268822968,0.325432926416
171,0.140167158097,0.329490154982,0.144332945347,0.32542681694
172,0.136726450175,0.330188564956,0.14276432991,0.324533134699
173,0.140730686486,0.329134888947,0.145216867328,0.324589520693
174,0.13853501901,0.328532271087,0.14438650012,0.323680669069
175,0.141171652824,0.327333152294,0.14680762589,0.322863310575
176,0.140911048278,0.327315293252,0.144496485591,0.322753220797
177,0.140901483595,0.326061308384,0.147321328521,0.322037160397
178,0.142759975046,0.325585089624,0.144227713346,0.321504682302
179,0.140207894146,0.325094267726,0.147958800197,0.321159392595
180,0.14386844635,0.324837096035,0.146062999964,0.320661783218
181,0.141464442015,0.323842473328,0.145876511931,0.319753140211
182,0.142144497484,0.323870822787,0.148496687412,0.31963211298
183,0.14216626808,0.323971472681,0.146773800254,0.319974809885
184,0.143550012261,0.323037900031,0.146415323019,0.318646878004
185,0.140507511795,0.322748161852,0.145124986768,0.318963885307
186,0.142141506076,0.322029925883,0.14758695662,0.318528234959
187,0.143917281181,0.322415411472,0.145993873477,0.317745089531
188,0.140578459948,0.321202836931,0.146659001708,0.317009150982
189,0.144576698542,0.321702927351,0.147511377931,0.316918134689
190,0.141876190901,0.320649154484,0.146012246609,0.31631052494
191,0.141052329913,0.320448689163,0.14674654603,0.31579247117
192,0.142091650516,0.319303631783,0.150978833437,0.315156430006
193,0.147262252867,0.319563813508,0.146600723267,0.315681815147
194,0.140006970614,0.318722598255,0.144679486752,0.31471991539
195,0.142694212496,0.319768078625,0.152690067887,0.314176350832
196,0.144347559661,0.318066552281,0.145535245538,0.314201265574
197,0.143043395132,0.317417010665,0.149449214339,0.313909351826
198,0.1429862082,0.317644760013,0.148408547044,0.31322029233
199,0.145724128932,0.316415823996,0.150508120656,0.31264090538
200,0.144401539117,0.31582108885,0.148313656449,0.312190055847
201,0.145226418972,0.315193377435,0.1507178545,0.311507642269
202,0.147003918886,0.314889423549,0.149255186319,0.311750054359
203,0.146478485316,0.314394935966,0.151117190719,0.310607999563
204,0.145696394145,0.313579000533,0.149057045579,0.31093865633
205,0.146631125361,0.313085481524,0.150220438838,0.310053288937
206,0.147349786013,0.313043445349,0.151238173246,0.30973815918
207,0.145718168467,0.313330627978,0.14983035624,0.309656351805
208,0.146676011384,0.312736816704,0.150844112039,0.308976441622
209,0.145098879933,0.312138408422,0.150703623891,0.30867728591
210,0.147576447576,0.312095470726,0.149253875017,0.309683889151
211,0.146505136043,0.311695449054,0.150315403938,0.308112442493
212,0.144382819533,0.311173193157,0.150742217898,0.307412773371
213,0.146583568305,0.310902163386,0.151895627379,0.30850404501
214,0.150099609047,0.30986712873,0.15197314322,0.307081341743
215,0.145802836865,0.310325995088,0.15107819438,0.307014524937
216,0.144144710153,0.310510598123,0.150708958507,0.306466817856
217,0.149964410812,0.308860853314,0.153654292226,0.306240707636
218,0.146944746375,0.309088289738,0.151798009872,0.30521440506
219,0.147220917046,0.308638326824,0.152135938406,0.305213481188
220,0.147748216987,0.308147981763,0.152619466186,0.305024415255
221,0.148902673274,0.309245243669,0.149876743555,0.305682867765
222,0.146509900689,0.308208033442,0.15152092278,0.304873883724
223,0.147442176938,0.307510912418,0.15022815764,0.304461270571
224,0.148056354374,0.307354845107,0.153919830918,0.303695678711
225,0.147650517523,0.306354485452,0.152758672833,0.303017526865
226,0.146526824683,0.306340880692,0.155945330858,0.302932500839
227,0.152134012431,0.305454462767,0.152012676001,0.30348187685
228,0.147825457156,0.304867766798,0.153947412968,0.302238285542
229,0.150762047619,0.304432101548,0.154186114669,0.302005976439
230,0.150498762727,0.304654717445,0.153231352568,0.301389336586
231,0.150572467595,0.303323864937,0.156485185027,0.30086132884
232,0.149374704808,0.303521685302,0.154723256826,0.301095604897
233,0.152359869331,0.3026406914,0.154384836555,0.300781399012
234,0.151306040585,0.30291094631,0.154226481915,0.301282912493
235,0.150377981365,0.302971795201,0.15367500484,0.300231665373
236,0.150000166148,0.301984064281,0.155444830656,0.299707144499
237,0.151227835566,0.301813393831,0.155491873622,0.300054639578
238,0.15202690661,0.301698669791,0.156196653843,0.299442231655
239,0.151959400624,0.302009910345,0.153956145048,0.298817515373
240,0.150670271367,0.301664479077,0.153845652938,0.299353331327
241,0.150312993675,0.300779223442,0.152756288648,0.298826158047
242,0.150767575949,0.300630159676,0.155471026897,0.298506259918
243,0.153321094811,0.299428597093,0.155735045671,0.297245085239
244,0.152016755193,0.29901907593,0.15709489584,0.296838879585
245,0.152090791613,0.298839107156,0.15633867681,0.296872466803
246,0.156003400683,0.298377819359,0.157939329743,0.296622127295
247,0.151667784899,0.299177639186,0.153211995959,0.296889871359
248,0.15131348744,0.298812717199,0.15781852603,0.296352565289
249,0.15469116345,0.298402950168,0.154357343912,0.296153664589
250,0.150834515691,0.297776721418,0.157490670681,0.295443743467
251,0.153371948749,0.297291219234,0.156290069222,0.296205610037
252,0.155838046223,0.296718284488,0.157834663987,0.29444372654
253,0.153291445225,0.296108938754,0.158128365874,0.294584661722
254,0.156517647207,0.295517079532,0.158881425858,0.294344365597
255,0.154459688812,0.29530583322,0.158226504922,0.293361574411
256,0.154684212059,0.295215435326,0.160326808691,0.293257951736
257,0.157720994204,0.294671088457,0.158368930221,0.293245136738
258,0.155595611781,0.294253237545,0.158931553364,0.292691677809
259,0.155068453401,0.294159397483,0.159008711576,0.292650550604
260,0.156831897795,0.293708458543,0.15955093503,0.292670696974
261,0.156017616391,0.293501146138,0.159346684813,0.292151391506
262,0.155335985124,0.293866761029,0.161022186279,0.291682183743
263,0.15402624011,0.294130288064,0.15902864933,0.292136669159
264,0.158361881971,0.292861305177,0.159913808107,0.292313367128
265,0.157374255359,0.292491093278,0.158579975367,0.290921330452
266,0.154276866466,0.292168475688,0.159495055676,0.290760576725
267,0.159262578934,0.292068205774,0.162219077349,0.290118783712
268,0.156053435057,0.291421271861,0.160638615489,0.290000349283
269,0.158399242908,0.290922738612,0.159398943186,0.290877640247
270,0.157892972231,0.290917098522,0.16151446104,0.289580792189
271,0.158144850284,0.2906017676,0.160830751061,0.289997577667
272,0.156389307231,0.291200265288,0.159936636686,0.289370507002
273,0.154249545187,0.291155517101,0.163145124912,0.289105266333
274,0.161873333156,0.290294423699,0.160112708807,0.289356321096
275,0.154201753438,0.290669836104,0.160602062941,0.288739860058
276,0.157979939133,0.289762280881,0.163778588176,0.288081020117
277,0.157706312835,0.289857022464,0.160617947578,0.288213282824
278,0.158960945904,0.288762062788,0.160458147526,0.288776099682
279,0.159467238933,0.28840868175,0.164404347539,0.287308901548
280,0.156289506704,0.289912596345,0.160744786263,0.287961065769
281,0.158414233476,0.289115779102,0.161870494485,0.287934690714
282,0.157752215862,0.288472659886,0.162725254893,0.287279248238
283,0.159374952316,0.289033122361,0.16331461072,0.286660820246
284,0.157379668206,0.287477239966,0.159248426557,0.286675632
285,0.158278532326,0.287254221737,0.165155217052,0.286136388779
286,0.161521557719,0.28695577383,0.163230240345,0.286187142134
287,0.160316601396,0.286630563438,0.163236856461,0.285634249449
288,0.157643120736,0.28698656708,0.162654474378,0.285555452108
289,0.160281088203,0.286197260022,0.163852006197,0.285417795181
290,0.16337050125,0.285546161234,0.165060341358,0.284661322832
291,0.157765008509,0.286318324506,0.163058027625,0.285024136305
292,0.161321356893,0.285776883364,0.162704139948,0.284988969564
293,0.160818155855,0.285007253289,0.16708958149,0.284059286118
294,0.162743043154,0.284411661327,0.16284942627,0.284340500832
295,0.16107609123,0.283940777183,0.1659963727,0.283315122128
296,0.162886742502,0.283862151206,0.166804626584,0.283752560616
297,0.163269687444,0.283242687583,0.163846448064,0.282978385687
298,0.162327080965,0.283421657979,0.166257500648,0.282924056053
299,0.162602331489,0.282994955778,0.164994627237,0.283265799284
300,0.163751583546,0.282878354192,0.163436546922,0.283241212368
301,0.159119509161,0.284284040332,0.167049959302,0.282762497663
302,0.163564987481,0.282699547708,0.163515925407,0.282848954201
303,0.163060355932,0.282959975302,0.168618679047,0.282213002443
304,0.161167118698,0.283146977425,0.16245123744,0.282651692629
305,0.16043363139,0.282193467021,0.16957500577,0.281930506229
306,0.167012967169,0.283107481897,0.162834823132,0.282662808895
307,0.160209622234,0.282246850431,0.163831785321,0.281240850687
308,0.160474229604,0.281757622957,0.16769041121,0.282484561205
309,0.165481936187,0.281654439867,0.163524597883,0.282006174326
310,0.161422882229,0.28248360008,0.166623160243,0.280807942152
311,0.164055492729,0.280924901366,0.164377525449,0.281102180481
312,0.162374489009,0.28050737083,0.166818633676,0.28063800931
313,0.164832707494,0.279715403914,0.167847245932,0.280104726553
314,0.163921788335,0.279937125742,0.168441906571,0.279604762793
315,0.164835769683,0.279722988605,0.166651174426,0.280760526657
316,0.163270477206,0.280232802033,0.168117195368,0.279317378998
317,0.166994474828,0.278566792607,0.167834535241,0.279095083475
318,0.166179575026,0.278246171772,0.168225064874,0.278811484575
319,0.167093634605,0.279181726277,0.16902808845,0.278604835272
320,0.16262941435,0.278645016253,0.167199417949,0.27858170867
321,0.166500352323,0.278064191341,0.169299066067,0.278654903173
322,0.165361151099,0.278539709747,0.167976722121,0.278586566448
323,0.166201815009,0.277488894761,0.168531730771,0.278010904789
324,0.168210025877,0.278288416564,0.168968379498,0.277749687433
325,0.162027150393,0.279005132616,0.166353091598,0.278717160225
326,0.163345187902,0.277925148606,0.167841464281,0.278302192688
327,0.166488282382,0.277211874723,0.171317383647,0.278177857399
328,0.167986679822,0.277346871793,0.169163152575,0.277231276035
329,0.165799669921,0.276368848979,0.167638555169,0.277587682009
330,0.168530009687,0.27612593025,0.172022685409,0.2766482234
331,0.164568066597,0.2776331231,0.170368656516,0.276898771524
332,0.16913901642,0.275907285511,0.170280411839,0.276519477367
333,0.164251998067,0.276376463473,0.169101834297,0.276512503624
334,0.167609643191,0.276041552424,0.171507492661,0.276444554329
335,0.16879151389,0.275418117642,0.169685289264,0.276229083538
336,0.167406130582,0.274966806173,0.172413870692,0.275583654642
337,0.169558506459,0.275158561766,0.16814057529,0.275985121727
338,0.167527273297,0.274250358343,0.170162156224,0.27544131875
339,0.168349754065,0.273873470724,0.171476110816,0.275544047356
340,0.170800019056,0.274283058941,0.170591428876,0.275217801332
341,0.168253425509,0.273593880236,0.171138107777,0.274687796831
342,0.169765677303,0.273537799716,0.171555802226,0.276079773903
343,0.16983262077,0.273936443031,0.17378911376,0.274249106646
344,0.169606190175,0.273354433477,0.171072438359,0.274405241013
345,0.169071841985,0.273428179324,0.169312223792,0.275173991919
346,0.169321011752,0.27284065634,0.173070773482,0.274119704962
347,0.17026944831,0.272833578289,0.172185838223,0.273541688919
348,0.171551603824,0.272305071354,0.170068651438,0.273877948523
349,0.169117290527,0.272017389536,0.174378678203,0.273295462132
350,0.171745609492,0.271580629051,0.172049388289,0.273510813713
351,0.171178229153,0.27225228399,0.172504797578,0.272938370705
352,0.168083067983,0.272399164736,0.173170566559,0.273167282343
353,0.172478098422,0.271212801337,0.175272002816,0.272934854031
354,0.172317240387,0.271794304252,0.170401498675,0.273555755615
355,0.168724186718,0.271650321782,0.17357480526,0.272546350956
356,0.171465281397,0.271301787347,0.173157528043,0.272673606873
357,0.171349678189,0.270737662911,0.175435230136,0.271824747324
358,0.172216944396,0.270300894976,0.17244052887,0.272390156984
359,0.172403983772,0.270942192525,0.170886680484,0.272687792778
360,0.167168136686,0.271174050868,0.174953818321,0.272397965193
361,0.173851963133,0.270550318062,0.174657016993,0.272120803595
362,0.169531874359,0.270930692554,0.173830315471,0.2719373703
363,0.172002445906,0.270160857588,0.17217053473,0.271623104811
364,0.171930730343,0.269429042935,0.17672252655,0.271250873804
365,0.172844756395,0.269414074719,0.17250482738,0.271290719509
366,0.17308101058,0.268900819123,0.176409885287,0.270514160395
367,0.173239883035,0.268966704607,0.1740706563,0.271316021681
368,0.174289200455,0.268743507564,0.173039749265,0.270891696215
369,0.173315294087,0.268277168274,0.175866812468,0.270336866379
370,0.173330713063,0.268109858036,0.175313577056,0.270521461964
371,0.171745639294,0.268655501306,0.174369111657,0.271530151367
372,0.175473667681,0.268440298736,0.177366778255,0.269889742136
373,0.167850699276,0.269683208317,0.173928380013,0.271396815777
374,0.174726802856,0.270954679698,0.173669338226,0.273518115282
375,0.167263854295,0.270282424986,0.169967129827,0.271104842424
376,0.172225728631,0.269078113139,0.176257267594,0.271414101124
377,0.170897681266,0.269166566432,0.174229234457,0.269920021296
378,0.17369729653,0.268756065518,0.177082046866,0.269506067038
379,0.173901166767,0.267804201692,0.172410726547,0.270048350096
380,0.16932489723,0.268708016723,0.174891501665,0.269715517759
381,0.175522081554,0.267127200961,0.17703589797,0.269327104092
382,0.174090255052,0.266769506037,0.178534194827,0.268889039755
383,0.174502585083,0.267287261784,0.173846930265,0.269999802113
384,0.176796790212,0.267859082669,0.177154809237,0.268403857946
385,0.167196784168,0.267340265214,0.170543253422,0.269695103168
386,0.17520615086,0.266340471804,0.181298211217,0.2695119977
387,0.178718432784,0.266198396683,0.174595415592,0.268884152174
388,0.171110715717,0.266356036067,0.177572563291,0.267915248871
389,0.17664879933,0.266094356775,0.17724712193,0.268529683352
390,0.174307506531,0.265038080513,0.177906170487,0.267857313156
391,0.178789302707,0.264984898269,0.176299646497,0.2684905231
392,0.174171108752,0.265404962003,0.177615299821,0.267421156168
393,0.17571600154,0.26519632712,0.175493225455,0.267504930496
394,0.1755579561,0.265547525138,0.178235203028,0.2672342062
395,0.175266139209,0.264907579869,0.177148461342,0.267428189516
396,0.175522267818,0.264122381806,0.182086095214,0.266851693392
397,0.179758597165,0.263820972294,0.176860243082,0.267625629902
398,0.178000736982,0.26430753991,0.179531246424,0.266350418329
399,0.17618008703,0.263746723533,0.176889672875,0.267061829567
400,0.176227595657,0.263764068484,0.177212163806,0.266603052616
401,0.176294311881,0.264637123793,0.181832328439,0.266203910112
402,0.179441463202,0.263321373612,0.178664043546,0.266423106194
403,0.174977116287,0.262961581349,0.179824888706,0.265552550554
404,0.177977360785,0.263314466923,0.180021136999,0.26572406292
405,0.176396071911,0.263092666864,0.180651292205,0.266257435083
406,0.17944111675,0.263658069074,0.182237967849,0.265521168709
407,0.179345395416,0.26278603822,0.177862524986,0.265861362219
408,0.176698777825,0.262301877141,0.179926529527,0.265165328979
409,0.179248917848,0.262159697711,0.182070225477,0.265962958336
410,0.180620998144,0.261822760105,0.177470356226,0.265599399805
411,0.178209193051,0.261579383165,0.181243658066,0.264893174171
412,0.179234862328,0.261718105525,0.179038226604,0.266019523144
413,0.179722864181,0.261931989342,0.181701332331,0.265209764242
414,0.175155300647,0.262712854892,0.179477006197,0.265497535467
415,0.183267332613,0.261346116662,0.183237507939,0.265002310276
416,0.179427161813,0.261911313981,0.176478400826,0.265337735415
417,0.17561590299,0.262177649885,0.182034656405,0.264545708895
418,0.177551887929,0.261057458818,0.180912956595,0.264806598425
419,0.181557878852,0.26027841121,0.182781383395,0.264339625835
420,0.182142842561,0.260741580278,0.180539906025,0.263912767172
421,0.178915470839,0.260241083801,0.182139113545,0.264108389616
422,0.180142071098,0.260933835059,0.180913195014,0.264426141977
423,0.181762907654,0.260734204203,0.180829226971,0.263871282339
424,0.173964858055,0.260732099414,0.182078838348,0.263410717249
425,0.181905828416,0.26104998216,0.183516383171,0.264244765043
426,0.182449262589,0.260696981102,0.180405184627,0.264265626669
427,0.177235282958,0.260816559196,0.177132382989,0.264985114336
428,0.178754244,0.261389750987,0.181679606438,0.263190418482
429,0.17909733206,0.259830974042,0.181130751967,0.263096421957
430,0.178633000702,0.259521596134,0.18535156548,0.263237386942
431,0.184998977929,0.259072203189,0.185464724898,0.26317229867
432,0.181159228086,0.25868216902,0.180673271418,0.262665331364
433,0.180047333241,0.259068861604,0.18392200768,0.264334261417
434,0.181565791368,0.259543299675,0.181342795491,0.263232260942
435,0.181836035103,0.258363798261,0.183292970061,0.262343198061
436,0.182626802474,0.258536949754,0.185249939561,0.262136161327
437,0.182911865413,0.258470691741,0.182214662433,0.262571662664
438,0.182829614729,0.258390508592,0.183842718601,0.262484103441
439,0.180975932628,0.257504284382,0.183337062597,0.26173055172
440,0.178618203849,0.258718360215,0.184081494808,0.263027429581
441,0.187000986189,0.258234992623,0.185465380549,0.262458890676
442,0.180852022022,0.258324738592,0.180395320058,0.262511640787
443,0.182816147804,0.257097363472,0.187325626612,0.26162302494
444,0.182209122926,0.258563507348,0.181848317385,0.262179762125
445,0.185406479985,0.256617255509,0.186673521996,0.262043237686
446,0.182563427836,0.256695471704,0.182626932859,0.261376291513
447,0.183173470199,0.257870458066,0.181114211679,0.261389017105
448,0.181688133627,0.257631760091,0.188107207417,0.261578679085
449,0.185543593019,0.256436184049,0.182448968291,0.262065172195
450,0.183508731425,0.256372582167,0.182650968432,0.26136931777
451,0.182704832405,0.256868161261,0.185965076089,0.261114954948
452,0.185212146491,0.256171837449,0.185203447938,0.261343717575
453,0.183320876211,0.256234273314,0.181803807616,0.261472553015
454,0.183999434114,0.256180979311,0.187287658453,0.260264992714
455,0.187422052026,0.2556537278,0.186925560236,0.26074141264
456,0.18291996792,0.255017451942,0.184807360172,0.260461062193
457,0.187356129289,0.255843698978,0.186738654971,0.260885298252
458,0.184825856239,0.254506912082,0.18382820487,0.260731548071
459,0.186503097415,0.25465362519,0.18900744617,0.259786635637
460,0.186952479184,0.254144385457,0.184914290905,0.260185778141
461,0.184505876154,0.256402648985,0.185611620545,0.260236889124
462,0.183525599539,0.255046568811,0.186318665743,0.260917752981
463,0.187046606094,0.254590392113,0.187555730343,0.259844809771
464,0.184479065239,0.254530340433,0.187638655305,0.259706586599
465,0.189616274089,0.254326462746,0.185320973396,0.260343939066
466,0.184564743191,0.25468211621,0.185299351811,0.259693294764
467,0.184826824814,0.255092080683,0.187303960323,0.259992659092
468,0.185158409178,0.25461383909,0.184720337391,0.259872823954
469,0.186888515949,0.254514865577,0.186632677913,0.259746491909
470,0.187206946313,0.254855442792,0.185090318322,0.25973752141
471,0.185555301607,0.253751188517,0.185122400522,0.25949177146
472,0.185921434313,0.255373645574,0.186337396502,0.259209007025
473,0.184865090996,0.253649558872,0.182184696198,0.259756535292
474,0.185992851853,0.254193518311,0.191422864795,0.258996516466
475,0.185082614422,0.253832124174,0.1842879951,0.258908778429
476,0.184367049485,0.254055023193,0.190630674362,0.259334087372
477,0.187765914947,0.254285823554,0.187640175223,0.258739203215
478,0.188002739102,0.253471300006,0.186067283154,0.258862346411
479,0.185273315758,0.252483084798,0.189483076334,0.258215099573
480,0.191052265465,0.252614431083,0.187199488282,0.258549779654
