epoch,jaccard,loss,val_jaccard,val_loss
0,0.102177687455,0.784544080496,0.105745450594,0.64158590883
1,0.099779893877,0.626155622303,0.104316880926,0.548421114683
2,0.100591922877,0.557160412893,0.106292092241,0.520723722875
3,0.102052616654,0.53294075653,0.107231520116,0.508904121816
4,0.103189879097,0.520857306197,0.107155065052,0.501190397888
5,0.103353848448,0.512573696673,0.107978100888,0.494510632008
6,0.105219914811,0.505223643035,0.108810563572,0.488784246147
7,0.104670070577,0.498918523081,0.108345111832,0.48392720148
8,0.105661539594,0.492638175376,0.111307325773,0.478838998824
9,0.10651821713,0.487745733932,0.110003307462,0.474331337959
10,0.10767210857,0.482624619268,0.110620025545,0.46999321878
11,0.108097581426,0.478066474199,0.11183596123,0.46551129967
12,0.108649129281,0.473512129858,0.111887150444,0.461917616427
13,0.109329778934,0.468860251829,0.114457665943,0.457258176059
14,0.110049530165,0.465111006983,0.114492716268,0.453363437206
15,0.111570677254,0.460335732438,0.115008667111,0.449539911002
16,0.111569868168,0.456774096005,0.114720663987,0.446256097406
17,0.111091137864,0.453207978047,0.116613339633,0.44224923104
18,0.113777966937,0.44864865113,0.116311671212,0.439449358732
19,0.112945595291,0.445920216851,0.11387574859,0.43711393699
20,0.113279249286,0.441878156736,0.118269779719,0.432908575982
21,0.114148169989,0.438898149878,0.117464615032,0.429475203156
22,0.113498717314,0.435569385998,0.118266122416,0.426719337702
23,0.115109530976,0.431583279744,0.119010834023,0.423493586481
24,0.115791189019,0.428349864669,0.119436915964,0.421082042158
25,0.116031297017,0.425181874074,0.121208652854,0.417393390089
26,0.117434577784,0.422150908038,0.119955623522,0.415279950947
27,0.117085363483,0.419824042358,0.117575263605,0.414262380451
28,0.116648255615,0.416320852935,0.12267994415,0.410091232508
29,0.117629967397,0.413893091492,0.121065395884,0.406820189208
30,0.1190304216,0.410439558327,0.121238361113,0.404673658311
31,0.119271266507,0.407278333791,0.123023233376,0.401606973261
32,0.119681803277,0.405152106658,0.120953593403,0.399931401014
33,0.120385814924,0.402513132431,0.120189679787,0.398081790656
34,0.119442742784,0.400514608249,0.12079003267,0.396129772067
35,0.120482582832,0.397191352211,0.125836682506,0.392873626202
36,0.120806810213,0.395193072967,0.124119251035,0.390435308218
37,0.122106629889,0.392593431287,0.125301028602,0.388407383114
38,0.120619482594,0.390035757795,0.129726409912,0.387083411217
39,0.12322257692,0.387992533855,0.123616221361,0.384608536959
40,0.122332966188,0.385666494258,0.124912960455,0.382567983121
41,0.123057802208,0.383126236498,0.128704220057,0.380984775722
42,0.123866467271,0.381723494269,0.126225855201,0.379308421165
43,0.125402553705,0.379076327197,0.12497036159,0.377188161016
