epoch,jaccard,loss,val_jaccard,val_loss
0,0.10480218567,0.799051359296,0.134872585535,1.01208198071
1,0.101597690955,0.611491143703,0.140632078052,1.46496975422
2,0.0982457473874,0.554952383041,0.142751470208,2.17826342583
3,0.096643589437,0.537615165114,0.14266552031,2.30004262924
4,0.0959406625479,0.530507698655,0.140375614166,1.61830151081
5,0.0959251280874,0.525975733995,0.134617611766,1.05419909954
6,0.0956147182733,0.523122817278,0.128651067615,0.820827484131
7,0.0955302286893,0.520485982299,0.123189724982,0.686444878578
8,0.0953515376896,0.517620541155,0.120463676751,0.643153727055
9,0.0952769126743,0.515125989914,0.119644463062,0.629183113575
10,0.0947625972331,0.513052046299,0.11925894767,0.621231138706
11,0.0950635913759,0.510651282966,0.119144678116,0.617046415806
12,0.0969618633389,0.507991492748,0.119571961462,0.61534923315
13,0.0993214417249,0.505146928132,0.122007377446,0.615584254265
14,0.102401902899,0.502523936331,0.12324051559,0.60836404562
15,0.103388611227,0.499870918691,0.126050129533,0.615501344204
16,0.106189709157,0.496274031699,0.123338632286,0.595525681973
17,0.108207691461,0.49243722856,0.125215619802,0.594876646996
18,0.110402578488,0.490065023303,0.125252187252,0.587892472744
19,0.113602889702,0.486801944673,0.124432362616,0.579148590565
20,0.113231748343,0.485556297004,0.120576858521,0.566211104393
21,0.113696612418,0.483174882829,0.1182692945,0.55845952034
22,0.109921650961,0.482982411981,0.115228250623,0.552736163139
23,0.112971860915,0.477979160845,0.119149342179,0.551059782505
24,0.117497913539,0.475545451045,0.120409205556,0.549497187138
25,0.116978593171,0.47369004041,0.118398167193,0.542603611946
26,0.117846496403,0.470668248832,0.118258751929,0.53991651535
27,0.11991530098,0.468287885189,0.119757965207,0.538403332233
28,0.120583586395,0.465950161219,0.119824767113,0.534520447254
29,0.120031811297,0.464853219688,0.123535893857,0.536616921425
30,0.121102731675,0.4625460729,0.12157523632,0.531642377377
31,0.121137412265,0.460754409432,0.124649897218,0.534804522991
32,0.124292552471,0.457673467696,0.122541330755,0.525725901127
33,0.122078342363,0.456663459539,0.123771980405,0.52857208252
34,0.125344241038,0.454745046794,0.132467895746,0.549026191235
35,0.124215850607,0.453400410712,0.129506960511,0.535791814327
36,0.125738965347,0.449818991125,0.122025564313,0.515560925007
37,0.129560060799,0.447085343301,0.129407644272,0.530499339104
38,0.130150526762,0.444809891284,0.126676216722,0.520743310452
39,0.130564086139,0.442606963217,0.12943674624,0.528625249863
40,0.133058130741,0.440272539854,0.129867374897,0.525544881821
41,0.134978428483,0.437874883413,0.129894018173,0.524098098278
42,0.135971946642,0.435891695321,0.131673440337,0.537413537502
43,0.138131767511,0.432758204639,0.132363453507,0.53631991148
44,0.139446806163,0.43004360795,0.134815573692,0.542977750301
45,0.142771229148,0.428394451737,0.133553698659,0.543560564518
46,0.140460863709,0.426862865686,0.131702288985,0.526858747005
47,0.145237673074,0.424134992063,0.134263068438,0.53235667944
48,0.143651481718,0.422171078622,0.135255649686,0.537778139114
49,0.148333370686,0.419430397451,0.134860187769,0.542281210423
50,0.147362839431,0.417139612138,0.136330932379,0.543550372124
51,0.151329874992,0.415474265814,0.136669412255,0.55151450634
52,0.14974617213,0.41386769712,0.138847663999,0.554978847504
53,0.15165200457,0.41135609895,0.134225770831,0.524535894394
54,0.149279242381,0.411415815353,0.14086291194,0.545800209045
55,0.157506585121,0.406781956553,0.13961429894,0.552711129189
56,0.156339291483,0.404804341495,0.139238730073,0.546497762203
57,0.154800886288,0.404693618417,0.136647805572,0.525656759739
58,0.159862492234,0.400798887014,0.140767037868,0.553058743477
59,0.157360374928,0.401021584868,0.135962858796,0.523792684078
60,0.160863040015,0.397713944316,0.143751963973,0.58095908165
61,0.162448469549,0.395853482187,0.137271121144,0.531111419201
62,0.164232481271,0.392714604735,0.140478044748,0.550337731838
63,0.167726721615,0.390342719853,0.137865751982,0.532386898994
64,0.170544631779,0.387792989612,0.140029326081,0.532934248447
65,0.166482053697,0.387856692076,0.136679306626,0.519228875637
66,0.168926291168,0.387074664235,0.13683719933,0.518111288548
67,0.172697473317,0.384029142559,0.140480399132,0.556164860725
68,0.173516474664,0.380578055978,0.137993440032,0.52918702364
69,0.172704864293,0.380111329257,0.140516623855,0.538713276386
70,0.178486991674,0.376577951014,0.137650102377,0.548190236092
71,0.176368374377,0.374339267612,0.138519138098,0.525009930134
72,0.183655161411,0.372091859579,0.138401806355,0.52366232872
73,0.183951050043,0.369606755674,0.136850178242,0.527513623238
74,0.181394934654,0.36939778924,0.138977661729,0.518321156502
75,0.188580498099,0.365523256361,0.139276772738,0.52767598629
76,0.188322536647,0.363353990018,0.135738298297,0.510204851627
77,0.189713895321,0.362212724984,0.138315334916,0.516275167465
78,0.190885808319,0.358831942081,0.137564972043,0.505219221115
79,0.195388123393,0.358570575714,0.137743368745,0.506585180759
80,0.192736461759,0.356003858149,0.137219905853,0.507892072201
81,0.194179352373,0.35727981478,0.138325899839,0.51623827219
82,0.181739583611,0.36098202318,0.140202060342,0.51960092783
83,0.199618469924,0.354470431805,0.140803322196,0.530079901218
84,0.194163326174,0.352922394872,0.141273245215,0.518478691578
85,0.194169200957,0.352680869401,0.143678382039,0.532007277012
86,0.202861491591,0.347718946636,0.136574804783,0.506969809532
87,0.196899235249,0.347329460084,0.140916422009,0.498513102531
88,0.206989206374,0.342678815126,0.141398459673,0.509491384029
89,0.2051961869,0.342539221048,0.13693793118,0.488242536783
90,0.20711228624,0.338896863163,0.139752686024,0.512774646282
91,0.21580908075,0.335146069527,0.137523114681,0.491898745298
92,0.215185269713,0.333260640502,0.137082502246,0.48493745923
93,0.216191697866,0.333033844829,0.136385634542,0.487417250872
94,0.217509422451,0.328783102334,0.135936647654,0.481678873301
95,0.221440706402,0.327306583524,0.136892154813,0.492848098278
96,0.221393577754,0.329119436443,0.138197481632,0.491651415825
97,0.217807613313,0.325732588768,0.134028673172,0.472898304462
98,0.22155623138,0.326632626355,0.139959320426,0.499854952097
99,0.227229140699,0.322854481637,0.131032675505,0.477468311787
100,0.22142431885,0.321712814271,0.14101408422,0.489953786135
101,0.228893589228,0.318547300994,0.135405436158,0.488493472338
102,0.231639612466,0.318217583001,0.136455610394,0.491630285978
103,0.231489088386,0.31499838084,0.134470283985,0.477533906698
104,0.230999752879,0.313479691744,0.136845931411,0.484936714172
105,0.239595301449,0.311309456825,0.135850831866,0.482119470835
106,0.238736119121,0.308110587299,0.136981278658,0.486324667931
107,0.238282795995,0.307810083032,0.138329431415,0.487200796604
108,0.240475468338,0.306691609323,0.137236759067,0.484622448683
109,0.244093101472,0.306566804647,0.139034867287,0.501368224621
110,0.242402561009,0.305868960917,0.134849593043,0.475237458944
111,0.239530101418,0.302672043443,0.142267912626,0.501961112022
112,0.244523320347,0.302573084831,0.137864366174,0.496996074915
113,0.249794565141,0.298242583871,0.139528274536,0.498245686293
114,0.247431464493,0.298700921237,0.141215026379,0.502199709415
115,0.254483908415,0.297041617334,0.13056999445,0.477407217026
116,0.242784760892,0.298799857497,0.139561131597,0.493486106396
117,0.25338184461,0.294119797647,0.14025683701,0.511926293373
118,0.256505910307,0.291667401791,0.140992432833,0.505010664463
119,0.257289100438,0.292890690267,0.136488512158,0.496576994658
120,0.250764731318,0.292597815394,0.139184981585,0.487550526857
121,0.253614213318,0.290071718395,0.140882134438,0.50857257843
122,0.261699315161,0.287763684988,0.138384252787,0.483920395374
123,0.25735508278,0.286363296211,0.1393622756,0.486281514168
124,0.261666309088,0.288180366158,0.140764206648,0.514905154705
125,0.265703942627,0.283741913736,0.139481171966,0.49152547121
126,0.254624515772,0.284823648632,0.144176438451,0.508965194225
127,0.268378436565,0.282739154994,0.138166442513,0.495390564203
128,0.263023011386,0.282125212252,0.143604591489,0.504853963852
129,0.272234991193,0.277996107936,0.137994408607,0.496004313231
130,0.271365582943,0.276150003076,0.140405192971,0.492160588503
131,0.274377554655,0.273192070425,0.138397723436,0.489706456661
132,0.278568349779,0.27139185369,0.139084532857,0.492188870907
133,0.272947601974,0.273165538907,0.138667985797,0.486254870892
134,0.281623922288,0.273881301284,0.134770080447,0.492679268122
135,0.272755533457,0.270934715867,0.142920807004,0.496511787176
136,0.280817300081,0.270248316228,0.140077769756,0.511199235916
137,0.280084654689,0.267969310284,0.137861594558,0.48555457592
138,0.28018155694,0.267364874482,0.139083847404,0.499397009611
139,0.287298284471,0.26457375288,0.138315021992,0.493740230799
140,0.283897936344,0.262807644904,0.139309182763,0.485738247633
141,0.290193147957,0.264033101499,0.138006642461,0.497769862413
142,0.285287693143,0.261579394341,0.14193379879,0.50779902935
143,0.288401328027,0.260480329394,0.138470962644,0.50364035368
144,0.292705975473,0.258500263095,0.142926961184,0.512190401554
145,0.293960668147,0.259263515472,0.138163432479,0.500318586826
146,0.291202969849,0.256885625422,0.141151383519,0.490068942308
147,0.298793762922,0.254454605281,0.138484731317,0.495156377554
148,0.294795483351,0.254439264536,0.139952525496,0.500280201435
149,0.300633080304,0.255068317056,0.13654050231,0.483933478594
150,0.291685692966,0.255215648562,0.145065203309,0.507908821106
151,0.303990229964,0.251769285649,0.134235516191,0.496724843979
152,0.297639749944,0.249695431441,0.140559643507,0.495454192162
153,0.30552996695,0.249615002424,0.134426638484,0.485976785421
154,0.305171146989,0.246934257448,0.138789728284,0.498320043087
155,0.306328751147,0.246059950441,0.134119480848,0.471933156252
156,0.308356158435,0.244687583297,0.137461960316,0.492143273354
157,0.307180419564,0.246631000191,0.13924190402,0.507421016693
158,0.309391133487,0.24314071238,0.13704881072,0.490947008133
159,0.31143514812,0.243185315281,0.135339677334,0.493373781443
160,0.308707125485,0.24214874953,0.138924255967,0.488375008106
161,0.306837104261,0.244586057961,0.13987326622,0.520989537239
162,0.318182244897,0.24040203914,0.135934770107,0.485982686281
163,0.312708869576,0.239830639213,0.136847510934,0.492967456579
164,0.316490963101,0.238425973803,0.137909531593,0.503796339035
165,0.313450828195,0.237241763622,0.138301745057,0.490737110376
166,0.321928098798,0.235815245658,0.135778695345,0.486277759075
167,0.319236643612,0.234989304096,0.137287274003,0.482898950577
168,0.323126502335,0.234218426049,0.138460680842,0.489783257246
169,0.313708275557,0.236664265394,0.138880759478,0.485161930323
170,0.322613790631,0.238094147295,0.136529028416,0.500383377075
171,0.315013349056,0.235733121634,0.135398179293,0.475600630045
172,0.319764904678,0.235353883356,0.13742120564,0.490761637688
173,0.319643937051,0.233608294278,0.133116528392,0.476290941238
174,0.322847150266,0.232178337872,0.136343926191,0.485335826874
175,0.321450635791,0.233272988349,0.134389162064,0.477672278881
176,0.325730539858,0.228781014681,0.135475844145,0.481955826283
177,0.330710142851,0.227334834635,0.134238094091,0.477763801813
178,0.328324042261,0.228857979178,0.133445382118,0.482706218958
179,0.325921013951,0.226664595306,0.138538181782,0.480684757233
180,0.335404120386,0.224415935576,0.130309104919,0.488925397396
181,0.332789003849,0.224468626082,0.138012647629,0.482276797295
182,0.336631588638,0.223712008446,0.132696568966,0.479857653379
183,0.33724873513,0.222519692034,0.136777892709,0.489811748266
184,0.336314290762,0.221500240266,0.134198740125,0.476351201534
185,0.326865792274,0.226851299405,0.138194561005,0.484513372183
186,0.333913590759,0.229543510824,0.136992990971,0.509698331356
187,0.310625083745,0.234575942159,0.139944538474,0.484859764576
188,0.323953710496,0.231979247183,0.139723151922,0.512531220913
189,0.321661137044,0.228815790266,0.130494728684,0.471335947514
190,0.327328786254,0.226256355643,0.136082261801,0.467967689037
191,0.331289343536,0.223331209272,0.133685946465,0.477877497673
192,0.337120868266,0.22305014357,0.135255426168,0.48374709487
193,0.335661195219,0.220243725926,0.133026897907,0.472135037184
194,0.337670817971,0.218564566225,0.130443632603,0.465671658516
195,0.34257478267,0.218933984637,0.134563907981,0.482433497906
196,0.340237349272,0.216507580131,0.13133110106,0.472892463207
197,0.34461517632,0.215265695006,0.135344579816,0.479361832142
198,0.347048431635,0.212370160967,0.132828503847,0.470147013664
199,0.355142123997,0.210259929299,0.135221078992,0.480098843575
200,0.354495808482,0.2089519687,0.133719578385,0.472473323345
201,0.354834631085,0.208556488156,0.134148210287,0.476702034473
202,0.356187969446,0.20921183005,0.135628476739,0.493376344442
203,0.352846942842,0.207693301141,0.138549685478,0.48894032836
204,0.363040730357,0.207559652627,0.131354033947,0.489517658949
205,0.353698343039,0.207166608423,0.137911394238,0.482700884342
206,0.358991034329,0.206623066217,0.133295252919,0.487633109093
207,0.361636646092,0.203660521656,0.137463316321,0.49219506979
208,0.356890842319,0.205706894398,0.139314353466,0.500000119209
209,0.369182690978,0.202565386891,0.131886482239,0.485563188791
210,0.364507652819,0.202627770603,0.134315788746,0.480427742004
211,0.364681459963,0.201732821763,0.136430725455,0.491443067789
212,0.367886394262,0.200907785445,0.133609682322,0.482492804527
213,0.365620188415,0.199986241758,0.137571722269,0.488739788532
214,0.369450956583,0.200371511281,0.138615816832,0.500888884068
215,0.371208652854,0.198127608746,0.133933275938,0.482618421316
216,0.361005209386,0.203052189201,0.139888986945,0.496278703213
217,0.373225748539,0.199215516448,0.132960215211,0.487418949604
218,0.362429782748,0.20097893849,0.138647794724,0.482184559107
219,0.375938802958,0.19657798484,0.135311976075,0.484472513199
220,0.374589212239,0.195590563118,0.136405810714,0.486009120941
221,0.377347290516,0.196060035378,0.13186968863,0.480897217989
222,0.372104287148,0.195205882192,0.135369896889,0.485808968544
223,0.380081862211,0.193890217692,0.134344741702,0.483675122261
224,0.380492500961,0.192338697612,0.132398575544,0.479647308588
225,0.379611909389,0.193081311882,0.133822247386,0.4804058671
226,0.380008116364,0.192430511117,0.137699231505,0.496711909771
227,0.380067326128,0.191365107894,0.134012117982,0.477089881897
228,0.381952174008,0.191649209708,0.140044152737,0.495493859053
229,0.380035184324,0.191214174032,0.136651262641,0.484520107508
230,0.385181561112,0.192078452557,0.133639663458,0.47858402133
231,0.383295729756,0.190312150866,0.138275831938,0.485601454973
232,0.387225367129,0.188217673451,0.137049466372,0.492184132338
233,0.387676239014,0.189385324717,0.132990330458,0.480926811695
234,0.38305965811,0.189008396119,0.13946467638,0.486215025187
235,0.391553431749,0.187441945076,0.134780019522,0.486554443836
236,0.37877202034,0.191317696124,0.140587121248,0.501340389252
237,0.38890556246,0.18810268864,0.131451234221,0.487742334604
238,0.384757518768,0.186685167253,0.139885261655,0.489522010088
239,0.392715878785,0.186358880252,0.132494449615,0.490383416414
240,0.382346890867,0.187663022429,0.140183866024,0.496874779463
241,0.398334346712,0.18667363748,0.132616654038,0.499325662851
242,0.387688450515,0.18538030982,0.133458063006,0.475391030312
243,0.391438297927,0.186472095549,0.130831718445,0.476149529219
244,0.390099279583,0.185759391636,0.132896706462,0.483771711588
245,0.397269584239,0.182788483799,0.136432856321,0.485634118319
246,0.395674429834,0.182352975011,0.133667558432,0.489127188921
247,0.397386707366,0.183657340705,0.134399205446,0.479173481464
248,0.396504856646,0.181725487113,0.134955748916,0.475575000048
249,0.399341568351,0.181112643331,0.13151447475,0.480463564396
250,0.400343075395,0.179707571864,0.139475688338,0.484167814255
251,0.407112009823,0.179180901498,0.129719525576,0.48180988431
252,0.400321796536,0.178883761168,0.140916317701,0.486365258694
253,0.402387365699,0.179259072989,0.12733143568,0.477214336395
254,0.404278092086,0.177294328809,0.136769354343,0.48618376255
255,0.398098692298,0.179813813418,0.140422359109,0.497071266174
256,0.40417650342,0.179767206311,0.137656375766,0.492800235748
257,0.402918092906,0.17765385285,0.135848283768,0.47939068079
258,0.411320157349,0.175852518529,0.132533997297,0.498905748129
259,0.406893841922,0.175529491156,0.138053461909,0.489393293858
260,0.413042970002,0.175505101681,0.132406264544,0.48975288868
261,0.400564424694,0.177620925009,0.141486644745,0.493496358395
262,0.415117792785,0.174921229482,0.130245059729,0.484038293362
263,0.403663381934,0.179338719696,0.132186830044,0.487666249275
264,0.395423069596,0.181318815798,0.138907939196,0.494209498167
265,0.406257346272,0.179952371866,0.120891086757,0.46807038784
266,0.398158863187,0.179150950164,0.134489029646,0.473802268505
267,0.406527943909,0.180539280176,0.118582636118,0.46028059721
268,0.396852381527,0.179586946964,0.130737170577,0.467099010944
269,0.407340668142,0.177981905639,0.134604632854,0.491642206907
270,0.408213563263,0.174795538187,0.129903241992,0.468756526709
271,0.411198325455,0.173830460757,0.129294857383,0.467398613691
272,0.41769643873,0.171803481877,0.128893643618,0.472671478987
273,0.417153671384,0.170718543231,0.130621388555,0.481946468353
274,0.415251001716,0.172872554511,0.13294108212,0.483196020126
275,0.412866309285,0.170898642391,0.128337055445,0.473500519991
276,0.424187794328,0.17073822394,0.137705594301,0.497283399105
277,0.416952490807,0.169913198799,0.125235959888,0.470401495695
278,0.423266768456,0.169185396284,0.136847510934,0.496771007776
279,0.416591607034,0.169434458017,0.133828014135,0.481929719448
280,0.427491672337,0.166905324906,0.133747413754,0.484930604696
281,0.424753017724,0.167206786573,0.13163612783,0.487107902765
282,0.430252917111,0.164002742618,0.137097239494,0.495267897844
283,0.430969595909,0.163694761693,0.131098389626,0.492061316967
284,0.434772133827,0.163571942598,0.132081508636,0.488630920649
285,0.430184572935,0.162956945598,0.136473655701,0.490400284529
286,0.438082464039,0.162633687258,0.127874031663,0.48088234663
287,0.428454242647,0.162927675992,0.14109608531,0.506335198879
288,0.43624278903,0.163056526333,0.133357733488,0.502199530602
289,0.43504255265,0.161827579141,0.132930383086,0.483700573444
290,0.439080923796,0.161757897586,0.130915552378,0.49624273181
291,0.427211560309,0.163002438843,0.136165305972,0.484623134136
292,0.432760685682,0.16596904397,0.131694614887,0.504862546921
293,0.43053804338,0.16338461265,0.132792875171,0.490944564342
294,0.438419260085,0.161865409464,0.135118603706,0.49993377924
295,0.435135498643,0.161655120552,0.130002707243,0.489231169224
296,0.438143499196,0.159765273333,0.133180767298,0.489551573992
297,0.442773424089,0.159179911017,0.129293307662,0.48449870944
298,0.440439134836,0.158706467599,0.133990585804,0.491154789925
299,0.443313963711,0.15857219696,0.134496718645,0.493158489466
300,0.440444536507,0.15923351422,0.13478988409,0.498433589935
301,0.447479553521,0.157072760165,0.132012486458,0.49528029561
302,0.443355768919,0.157144010067,0.131999194622,0.49021050334
303,0.437020331621,0.163973342627,0.136692777276,0.514761507511
304,0.435328610241,0.159540925175,0.132941260934,0.490844845772
305,0.443677410483,0.158017717302,0.135960370302,0.50596344471
306,0.447551071644,0.156995393336,0.129828363657,0.494461715221
307,0.436813548207,0.159558266401,0.136245936155,0.498665869236
308,0.450560495257,0.15877956152,0.133107870817,0.511202335358
309,0.435825251043,0.159622237086,0.132127195597,0.482901662588
310,0.439384482801,0.159516040236,0.137079715729,0.509586632252
311,0.448768101633,0.156947117299,0.134131044149,0.500636219978
312,0.443330585957,0.156062334776,0.128672420979,0.480751156807
313,0.449620135128,0.154677364975,0.137982666492,0.510160028934
314,0.45615837723,0.153153859079,0.128323495388,0.487603843212
315,0.4494689852,0.15360750258,0.132576152682,0.488572120667
316,0.45845336467,0.152392998338,0.131656140089,0.499888032675
317,0.450384505093,0.153237134218,0.126361325383,0.481021493673
318,0.457493491471,0.153233569115,0.135699391365,0.501317381859
319,0.443685248494,0.156115964055,0.133591845632,0.490512996912
320,0.456153832376,0.154505010694,0.135862231255,0.512886404991
321,0.446735806763,0.154711034149,0.135695055127,0.51027482748
322,0.459639817476,0.152395885438,0.136692926288,0.509194731712
323,0.452356316149,0.153118416667,0.135666802526,0.520180821419
324,0.458512052894,0.150579348207,0.133112892509,0.499490380287
325,0.45540574193,0.153896342963,0.13383577764,0.515448093414
326,0.453378453851,0.151622090489,0.136968821287,0.50541561842
327,0.461730018258,0.151051472872,0.132766112685,0.50787127018
328,0.459982894361,0.149753186852,0.131349906325,0.499101877213
329,0.464237779379,0.149210058153,0.133821964264,0.503191411495
330,0.457959197462,0.150057855994,0.132841110229,0.500688433647
331,0.466473251581,0.149901479483,0.132725775242,0.502650737762
332,0.456994652748,0.149744857103,0.134280964732,0.499361246824
333,0.462929859757,0.149566400796,0.133943632245,0.510264515877
334,0.461383208632,0.149336986244,0.136306077242,0.514118790627
335,0.429728716612,0.166132811457,0.12626555562,0.482271969318
336,0.452958844602,0.158398751169,0.134904399514,0.52165210247
337,0.444613941014,0.158212520182,0.126335412264,0.478027552366
338,0.444005832076,0.157819632441,0.132862240076,0.489924401045
339,0.440903834999,0.159462053329,0.124311715364,0.477679520845
340,0.448176629841,0.154755223542,0.132636398077,0.486307144165
341,0.45865239203,0.151312042028,0.124220974743,0.480023622513
342,0.460079312325,0.150050595403,0.122635915875,0.473181933165
343,0.468257158995,0.147551517934,0.127726912498,0.479845374823
344,0.462259784341,0.148449134082,0.129856944084,0.488632589579
345,0.475202001631,0.145389731973,0.123283997178,0.480259865522
346,0.467175237834,0.146752204746,0.126737251878,0.480560511351
347,0.473877862096,0.144068293273,0.127362802625,0.481266528368
348,0.473859876394,0.143728692085,0.130643248558,0.490401685238
349,0.473186276853,0.142887298018,0.127277955413,0.479834973812
350,0.477902397513,0.142391137779,0.126406058669,0.480114400387
351,0.484494820237,0.140903808177,0.128606542945,0.490036636591
352,0.473932482302,0.142753325403,0.137065082788,0.496361047029
353,0.477029323578,0.144502837211,0.126494407654,0.498302638531
354,0.472903572023,0.144690144807,0.13617451489,0.509510159492
355,0.468301855028,0.143734272569,0.131143584847,0.495113164186
356,0.479206502438,0.145508233458,0.131947815418,0.506736338139
357,0.465570025146,0.145892906934,0.125988990068,0.4817494452
358,0.479798562825,0.143714871258,0.13459508121,0.50423759222
359,0.466416701674,0.146767217666,0.13338790834,0.503252565861
360,0.483468018472,0.1424196437,0.136072427034,0.514617621899
361,0.482362650335,0.140866912901,0.130002140999,0.50339525938
362,0.483803488314,0.140179451555,0.132880777121,0.503674209118
363,0.484499491751,0.140271384269,0.130872443318,0.498475909233
364,0.483965180814,0.139531470835,0.135935142636,0.511884987354
365,0.490032233298,0.138219807297,0.126149892807,0.495777457952
366,0.481617212296,0.139289528131,0.133676350117,0.502207100391
367,0.489752560854,0.139979150146,0.129587978125,0.507833242416
368,0.481887191534,0.139485415071,0.130405262113,0.49914804101
369,0.490665920079,0.138474848121,0.135220989585,0.515981376171
370,0.483537726104,0.139299821109,0.120764799416,0.481834024191
371,0.488613903522,0.136821299791,0.13713312149,0.499229580164
372,0.497935786843,0.135932106525,0.126485988498,0.504914343357
373,0.486425094306,0.139050792903,0.137609601021,0.512325763702
374,0.480201616883,0.139428447932,0.125346258283,0.493146181107
375,0.475394383073,0.143313277513,0.129898950458,0.497682899237
376,0.481909684837,0.139458537102,0.126925438643,0.487549811602
377,0.490219369531,0.139083050191,0.132963582873,0.508848488331
378,0.486218228936,0.138020724058,0.13026419282,0.495028585196
379,0.492383390665,0.137110941112,0.131045788527,0.500925719738
380,0.484463430941,0.137211266905,0.128579169512,0.49413266778
381,0.499392069876,0.136616345495,0.130652472377,0.501016259193
382,0.49173681438,0.13525006175,0.133050650358,0.499846279621
383,0.494987167418,0.137797906995,0.131554856896,0.50256383419
384,0.491105414927,0.135596569628,0.125729992986,0.485730946064
385,0.500492073596,0.135124213994,0.131161913276,0.512650251389
386,0.495340615511,0.134782318026,0.132454931736,0.5064265728
387,0.505218453705,0.133395321667,0.12634024024,0.497910231352
388,0.500852130353,0.132825870067,0.130588725209,0.504138410091
389,0.501611635089,0.133356757462,0.133091837168,0.506258547306
390,0.505105048418,0.132457310334,0.132219299674,0.507224798203
391,0.504953250289,0.131741948426,0.128430426121,0.503400862217
392,0.508265040815,0.130956497043,0.129797875881,0.502397716045
393,0.506491206586,0.130018262193,0.12570092082,0.494253605604
394,0.508816950023,0.129151144996,0.132292568684,0.500492215157
395,0.514913402498,0.129012769088,0.129597485065,0.509392619133
396,0.509491726756,0.1291670762,0.135209366679,0.517544746399
397,0.510843344033,0.130011316389,0.129825994372,0.523588955402
398,0.49875382334,0.131637459621,0.139553204179,0.515139460564
399,0.514615498483,0.130624786019,0.132532924414,0.522647023201
400,0.508705422282,0.129610052332,0.130793318152,0.508269786835
401,0.511316634715,0.130125010386,0.133181318641,0.514177083969
402,0.512198984623,0.128701111302,0.128364771605,0.503895223141
403,0.502803213894,0.130960155278,0.130895614624,0.500959277153
404,0.517403058708,0.127560269088,0.130044028163,0.517660021782
405,0.515319824219,0.127857558429,0.131164029241,0.518432915211
406,0.506923109293,0.130419712514,0.136653378606,0.522748172283
407,0.516401395202,0.1268177405,0.13163177669,0.513956904411
408,0.520522758365,0.126675276086,0.128883183002,0.505302608013
409,0.51798415184,0.126597257331,0.133706405759,0.51975518465
410,0.521507531404,0.125372780487,0.129886642098,0.513524532318
411,0.522748343647,0.12465291284,0.134463876486,0.521949350834
412,0.526659086347,0.124133948237,0.127994760871,0.508496284485
413,0.524362668395,0.124321628362,0.130199253559,0.503299117088
414,0.528623893857,0.12326816842,0.128066927195,0.505104660988
415,0.529951408505,0.12162595056,0.134544447064,0.515347421169
416,0.528917357326,0.122497849166,0.128932908177,0.513549208641
417,0.531694278121,0.121391512454,0.13464923203,0.520518839359
418,0.529470831156,0.123086279258,0.122719086707,0.500689506531
419,0.526913397014,0.124185632914,0.133803591132,0.520861387253
420,0.527125239372,0.123675629497,0.128034770489,0.514986634254
421,0.523059085011,0.123745696619,0.132280260324,0.511326372623
422,0.532187893987,0.123265899718,0.128009706736,0.5163859725
423,0.523475527763,0.123451026157,0.130688101053,0.50860863924
424,0.532072752714,0.123340304941,0.127278134227,0.518577694893
425,0.527580678463,0.122651552781,0.131778001785,0.511002063751
426,0.532267674804,0.12304216437,0.130136057734,0.520877659321
427,0.529268696904,0.122533962131,0.133353665471,0.518212676048
428,0.53418700397,0.121855333447,0.128469005227,0.517036378384
429,0.533127263188,0.120691878721,0.13265439868,0.515587687492
430,0.540264829993,0.119865199551,0.128800779581,0.52724480629
431,0.529825672507,0.121479526162,0.136519879103,0.524744987488
432,0.541860163212,0.120851799846,0.121360212564,0.510911822319
433,0.523259572685,0.124964077026,0.133600711823,0.514814913273
434,0.528966136277,0.12292333506,0.118426710367,0.500166833401
435,0.533491745591,0.121932534501,0.134890183806,0.533037662506
436,0.529764957726,0.124185012653,0.123538479209,0.50838124752
437,0.525709703565,0.123995283619,0.134360715747,0.517230629921
438,0.533459499478,0.1227639094,0.127414807677,0.523067116737
439,0.510129973292,0.127701640129,0.14001865685,0.523785054684
440,0.531000480056,0.127672463655,0.123018100858,0.515568912029
441,0.521040968597,0.124978026375,0.131113544106,0.518248021603
442,0.532854035497,0.123807294294,0.131775811315,0.527574896812
443,0.529800474644,0.122460292652,0.125469699502,0.510912418365
444,0.535067543387,0.12082054466,0.128636956215,0.512111902237
445,0.52697737515,0.126881767064,0.128316581249,0.522278606892
446,0.528703838587,0.122757107019,0.13229675591,0.515795946121
447,0.530576884747,0.124703153968,0.12261736393,0.518542587757
448,0.530285164714,0.121815947816,0.134719699621,0.524346470833
449,0.529879316688,0.124978225678,0.107500836253,0.496426939964
450,0.525076285005,0.124499160796,0.135809898376,0.525458753109
451,0.526727929711,0.125190166757,0.122173033655,0.510378181934
452,0.526053309441,0.127500364557,0.132194131613,0.523912012577
453,0.521728791296,0.125728324056,0.132936954498,0.521702289581
454,0.530300498009,0.12382449396,0.128697693348,0.514400839806
455,0.519533567131,0.127831488848,0.119315817952,0.502273082733
456,0.5195068717,0.12619987689,0.116316504776,0.493742227554
457,0.530320629478,0.124590801075,0.123106941581,0.50759345293
458,0.529215477407,0.122642375529,0.113256692886,0.494070082903
459,0.531584560871,0.123224822804,0.122767701745,0.498277932405
460,0.537933766842,0.120721651241,0.115141294897,0.501051068306
461,0.541158169508,0.118918249384,0.125989302993,0.507918596268
462,0.540378853679,0.119534788653,0.122397080064,0.509556889534
463,0.54761685431,0.116909826174,0.119979403913,0.504206776619
464,0.54531802237,0.118926547468,0.1240144521,0.511514663696
465,0.546946793795,0.116659699008,0.121304430068,0.507179796696
466,0.55346365273,0.115099208429,0.123368188739,0.509055972099
467,0.544640347362,0.118561636657,0.124431885779,0.508973062038
468,0.555458039045,0.114660060033,0.128130197525,0.513292372227
469,0.543069139123,0.117114525288,0.12808714807,0.519205510616
470,0.542112872005,0.11851881817,0.12871555984,0.513086020947
471,0.555752903223,0.115849521011,0.129472538829,0.523392140865
472,0.553323701024,0.114889508113,0.124407708645,0.513048648834
473,0.554626241326,0.115080539137,0.127976581454,0.517119348049
474,0.555155605078,0.11342111975,0.124062016606,0.512344360352
475,0.553340375423,0.115328595042,0.13276425004,0.527333974838
476,0.552080407739,0.114973513409,0.125336498022,0.514774262905
477,0.559037104249,0.114285668358,0.127736181021,0.525368690491
478,0.557016402483,0.113291181624,0.128677502275,0.521678268909
479,0.55833093822,0.113100659102,0.124501824379,0.517696142197
480,0.536478221416,0.123653758317,0.139990523458,0.553523123264
481,0.55479966104,0.116130357608,0.129760533571,0.534055054188
482,0.547158867121,0.116829391569,0.137696281075,0.545065104961
483,0.553819730878,0.115716032684,0.126947402954,0.52730691433
484,0.557152658701,0.113437263295,0.133022710681,0.529366374016
485,0.561034277081,0.113735746592,0.124688386917,0.521924972534
486,0.550128936768,0.116559110582,0.127550691366,0.52230733633
487,0.557980075479,0.11431963183,0.128746718168,0.526857316494
488,0.556338995695,0.113945188001,0.131806492805,0.536455929279
489,0.556945428252,0.114549433812,0.126337021589,0.520083546638
490,0.563831925392,0.111009234563,0.130528926849,0.528977870941
491,0.552125871181,0.115668933839,0.134851291776,0.539994835854
492,0.566001459956,0.113227494061,0.12748426199,0.5322945714
493,0.5523827672,0.114053398371,0.135405883193,0.534849345684
494,0.557123102248,0.115141214803,0.125638842583,0.52968287468
495,0.553753226995,0.114346694201,0.133680447936,0.527053713799
496,0.554680779576,0.118279129267,0.121186666191,0.537961542606
497,0.552161023021,0.114553811029,0.133773356676,0.525522947311
498,0.562990531325,0.11305084452,0.12006431073,0.524033367634
499,0.551970481873,0.116200432181,0.129321292043,0.522058188915
500,0.560145556927,0.114276694134,0.120672173798,0.511964797974
501,0.558063492179,0.112906496972,0.125856518745,0.52201128006
502,0.568084061146,0.1117549669,0.127101972699,0.524786889553
503,0.56447416544,0.110501863062,0.120909422636,0.51612830162
504,0.560855530202,0.113863077015,0.130156606436,0.53773021698
505,0.551782503724,0.115929163992,0.138672500849,0.537081182003
506,0.568401888013,0.112587837502,0.127947852015,0.542154252529
507,0.564378291368,0.110793164,0.133014827967,0.543766796589
508,0.571633651853,0.110256798565,0.125434085727,0.532381117344
509,0.562547191978,0.110302131623,0.129714414477,0.539943277836
510,0.576720327139,0.109624272212,0.128264114261,0.537184774876
511,0.569759711623,0.109212782234,0.126628831029,0.53622764349
512,0.568711593747,0.11097398214,0.133069857955,0.54012042284
513,0.565536051989,0.11157329753,0.128638774157,0.538258731365
514,0.579221382737,0.107699377462,0.13550080359,0.555952787399
515,0.577686339617,0.106951024383,0.127057805657,0.534785032272
516,0.573795229197,0.108317641541,0.137396857142,0.542880654335
517,0.580422326922,0.107046443969,0.126112550497,0.538182556629
518,0.581619933248,0.105736633763,0.133121609688,0.543218970299
519,0.566303268075,0.110840465873,0.137924924493,0.549883842468
520,0.575498014688,0.111465815455,0.124563463032,0.541005373001
521,0.556620463729,0.113566232845,0.142874255776,0.562572836876
522,0.572240903974,0.110652707517,0.128242194653,0.554530143738
523,0.570619881153,0.109613584355,0.129374802113,0.53418046236
524,0.569236189127,0.110779218376,0.129156783223,0.538012862206
525,0.575321659446,0.108893299475,0.125583276153,0.534046530724
526,0.581301897764,0.106638595462,0.126425415277,0.533780395985
527,0.583264544606,0.105487260967,0.120726928115,0.522915124893
528,0.584715485573,0.105419613421,0.128160297871,0.536415219307
529,0.58625972271,0.103864300996,0.124599516392,0.528183221817
530,0.587872311473,0.104904308915,0.125490218401,0.528257369995
531,0.588741734624,0.104432942346,0.125394105911,0.529844462872
532,0.591153487563,0.103185627609,0.126832306385,0.537043392658
533,0.583741292357,0.10484799929,0.130467325449,0.532178580761
534,0.590012148023,0.104316296056,0.121769145131,0.535992860794
535,0.576848253608,0.108818564564,0.136166214943,0.546296358109
536,0.583496153355,0.106563065201,0.125987559557,0.534808576107
537,0.57924361527,0.10592594184,0.13228212297,0.539617598057
538,0.587043002248,0.106249675155,0.124697722495,0.538383126259
539,0.58074451983,0.106125790626,0.134773999453,0.54283362627
540,0.589669674635,0.106036070734,0.124571748078,0.537834703922
541,0.576059907675,0.108433797956,0.13307389617,0.546850264072
542,0.586109772325,0.105703599751,0.124883025885,0.540314674377
543,0.570537939668,0.111626716331,0.134746387601,0.549138724804
544,0.572019398212,0.11019561626,0.124007292092,0.526450932026
545,0.575883165002,0.109933290631,0.129890665412,0.550099849701
546,0.568640843034,0.111701270565,0.130446001887,0.539580285549
547,0.576492682099,0.109334249049,0.126654982567,0.539720475674
548,0.58010238409,0.10703956522,0.129198566079,0.538231313229
549,0.575244396925,0.108301341534,0.120726495981,0.526470899582
550,0.588107913733,0.103878900409,0.126025602221,0.530764639378
551,0.590244799852,0.103907670826,0.122459568083,0.529977023602
552,0.597240924835,0.101550336927,0.130837768316,0.541499435902
553,0.587750643492,0.105369823053,0.124766483903,0.535261869431
554,0.588117703795,0.103497153148,0.122851833701,0.52757191658
555,0.595049992204,0.102748058736,0.128593325615,0.542922377586
556,0.592794790864,0.102145727724,0.129179239273,0.537934958935
557,0.598314970732,0.102324523032,0.124838650227,0.53979241848
558,0.596930593252,0.10164529644,0.127284288406,0.545340001583
559,0.598182529211,0.100576817989,0.129437536001,0.542150497437
560,0.597999483347,0.101734030992,0.128053411841,0.544237613678
561,0.606305897236,0.0991776976734,0.130677700043,0.549296975136
562,0.60614669323,0.0984561424702,0.128226771951,0.545487046242
563,0.599168092012,0.100574688986,0.133510917425,0.555583119392
564,0.606968209147,0.100083483383,0.122367836535,0.547468543053
565,0.595380440354,0.100991398096,0.134019315243,0.543608427048
566,0.603233188391,0.101760106161,0.12123080343,0.549683868885
567,0.58328139782,0.104639980942,0.138486579061,0.550667464733
568,0.598315596581,0.104890160263,0.120238356292,0.551094412804
569,0.593961104751,0.10274585709,0.135641485453,0.54712164402
570,0.599359959364,0.102292878553,0.117642872036,0.539425492287
571,0.601790606976,0.100937981158,0.130676954985,0.551679491997
572,0.601002410054,0.101143786684,0.126837491989,0.544854521751
573,0.606404080987,0.0982100088149,0.122672133148,0.54079002142
574,0.6110984236,0.0975051205605,0.125100269914,0.547323822975
575,0.609284356236,0.0975506566465,0.125788465142,0.543490111828
576,0.616069212556,0.0961294118315,0.124310091138,0.545956790447
577,0.612951800227,0.0975378714502,0.123584680259,0.548168003559
578,0.610826462507,0.0975993275642,0.130402356386,0.543580055237
579,0.605554252863,0.0995941534638,0.117864333093,0.539377987385
580,0.608507841825,0.098703885451,0.133809700608,0.5629093647
581,0.610069409013,0.0982108190656,0.118613362312,0.545769631863
582,0.610781133175,0.0976611953229,0.133913084865,0.557000935078
583,0.614853054285,0.0971655454487,0.121674500406,0.546106100082
584,0.598392754793,0.101348536089,0.13028998673,0.548928976059
585,0.603613987565,0.100188877434,0.117907106876,0.534434616566
586,0.604103416204,0.099836776033,0.126078099012,0.544918656349
587,0.611263111234,0.0984949301928,0.117471851408,0.536952018738
588,0.602718144655,0.10085824877,0.136537522078,0.560347735882
589,0.615355402231,0.0972283855081,0.118086159229,0.539085805416
590,0.613613501191,0.0968954991549,0.129573613405,0.547232568264
591,0.613242954016,0.0972003564239,0.119950115681,0.543426215649
592,0.613910540938,0.0968268346041,0.130748018622,0.549591481686
593,0.616952866316,0.0972999669611,0.116154521704,0.542277753353
594,0.614107787609,0.0972342099994,0.134409368038,0.557949841022
595,0.610932663083,0.0987760890275,0.124622695148,0.554464817047
596,0.615690484643,0.0971143376082,0.132040604949,0.56573009491
597,0.616762340069,0.0961077809334,0.123596288264,0.550625741482
598,0.616935014725,0.0956144537777,0.129833951592,0.559456884861
599,0.613731250167,0.0995446890593,0.12183072418,0.558734238148
600,0.605906620622,0.0997686386108,0.136013194919,0.557258248329
601,0.610398709774,0.100983306766,0.113914303482,0.548079848289
602,0.571382045746,0.112099468708,0.145246893167,0.581232488155
603,0.601887732744,0.109133521095,0.128823280334,0.61511439085
604,0.574652701616,0.110392905772,0.140277355909,0.562680542469
605,0.579569458961,0.11202795431,0.133853197098,0.574415266514
606,0.590027630329,0.107501128688,0.135965019464,0.592635631561
607,0.588266387582,0.106614615768,0.134257555008,0.563159644604
608,0.595799267292,0.104430688545,0.123480677605,0.559278666973
609,0.598840773106,0.102890407667,0.126739814878,0.561352133751
610,0.593927025795,0.103714993224,0.131880030036,0.566279947758
611,0.607416033745,0.0998159591109,0.12292907387,0.554750263691
612,0.60054320097,0.100753402337,0.130939424038,0.557513594627
613,0.616716310382,0.098755531013,0.120438680053,0.550590395927
614,0.607085168362,0.0983553100377,0.129748389125,0.555509448051
615,0.616460263729,0.0977372284979,0.122789554298,0.55176371336
616,0.619707986712,0.095797708258,0.127092152834,0.556163191795
617,0.622415170074,0.0946252960712,0.121480919421,0.544318258762
618,0.625967726111,0.0936366319656,0.1240914464,0.555392086506
619,0.623169034719,0.0950449872762,0.126378029585,0.554558932781
620,0.621471017599,0.0955212656409,0.13007453084,0.558564603329
621,0.624466627836,0.0947033707052,0.123608671129,0.551985383034
622,0.630361050367,0.0926233846694,0.126904711127,0.559274196625
623,0.626898258924,0.0932802185416,0.124949410558,0.557617545128
624,0.628794625401,0.0936119128019,0.12945663929,0.561422944069
625,0.627248361707,0.0929646994919,0.132868170738,0.563671469688
626,0.626642495394,0.0938832759857,0.130659818649,0.562588870525
627,0.630700901151,0.0917592663318,0.131208017468,0.557028889656
628,0.629778951406,0.0936251357198,0.119097277522,0.554603099823
629,0.626495748758,0.0939024612308,0.130876898766,0.564500570297
630,0.625247597694,0.0942814368755,0.127158179879,0.554898798466
631,0.625802710652,0.0951212141663,0.127057552338,0.562551319599
632,0.628788635135,0.092954127118,0.13078263402,0.56252014637
633,0.631066665053,0.0935793388635,0.125496253371,0.562694787979
634,0.623828977346,0.0940422397107,0.13547155261,0.568328380585
635,0.637361437082,0.0921252891421,0.124417729676,0.567416012287
636,0.631447792053,0.0925453510135,0.133616670966,0.569233477116
637,0.633589804173,0.0928720664233,0.118126578629,0.556496739388
638,0.631754562259,0.0926923453808,0.132176756859,0.561338186264
639,0.63170813024,0.0927260518074,0.125654414296,0.569056630135
640,0.626963451505,0.0943691562861,0.130369290709,0.568874061108
641,0.629554182291,0.0927676018327,0.123122945428,0.554069936275
642,0.635536924005,0.0922395344824,0.130411669612,0.571453213692
643,0.621702983975,0.0955340564251,0.135428950191,0.566402077675
644,0.636658385396,0.0931074507535,0.125083804131,0.571104705334
645,0.629920989275,0.0926177296788,0.139702320099,0.576587498188
646,0.627770990133,0.0958750322461,0.116652183235,0.558051407337
647,0.630651906133,0.0930659584701,0.13738180697,0.577090024948
648,0.633129775524,0.0933177247643,0.126703009009,0.574022591114
649,0.633193358779,0.092032102868,0.134190440178,0.574535727501
650,0.630248814821,0.0941115450114,0.12758551538,0.565614521503
651,0.635406762362,0.0916880387813,0.12963411212,0.571826994419
652,0.634586319327,0.0935433134437,0.125337943435,0.563123524189
653,0.631246984005,0.0921710655093,0.129896551371,0.563813984394
654,0.636161535978,0.0940413568169,0.127194404602,0.579890668392
655,0.626800358295,0.0936415214092,0.134848237038,0.573381185532
656,0.630104511976,0.0950143616647,0.129804253578,0.597414553165
657,0.631235793233,0.0942303258926,0.134453266859,0.582710504532
658,0.6297634691,0.094292351976,0.131838724017,0.583002507687
659,0.638816744089,0.0915957018733,0.131517827511,0.593838393688
660,0.635688468814,0.0921474695206,0.130354419351,0.573955893517
661,0.632296577096,0.092461520806,0.129415512085,0.574336707592
662,0.639068335295,0.0910697616637,0.126432240009,0.570947468281
663,0.643990918994,0.0898410063237,0.124263942242,0.567432761192
664,0.639609441161,0.0904740635306,0.1299059093,0.577470242977
665,0.647419452667,0.088600281626,0.120271265507,0.561955213547
666,0.645843520761,0.0881235748529,0.129695355892,0.579018294811
667,0.634424865246,0.0926543865353,0.117446236312,0.558608233929
668,0.636283561587,0.0911887809634,0.133332505822,0.579551756382
669,0.639249458909,0.0925477333367,0.127522081137,0.576949834824
670,0.641229838133,0.090324351564,0.128004938364,0.57408362627
671,0.637282326818,0.0905050262809,0.128819048405,0.580259382725
672,0.646662071347,0.0885890107602,0.128744080663,0.573962271214
673,0.646064892411,0.0883447360247,0.131396427751,0.578195869923
674,0.65094640851,0.0880332514644,0.125031083822,0.574642837048
675,0.648923888803,0.0868779104203,0.128321558237,0.572561085224
676,0.650855973363,0.0872535519302,0.127003416419,0.573631584644
677,0.64801555872,0.0878380965441,0.130041629076,0.577865421772
678,0.655139759183,0.0872107818723,0.121591508389,0.577098965645
679,0.649668097496,0.0876266472042,0.135721728206,0.587342858315
680,0.65184494853,0.0877133551985,0.124905958772,0.581771671772
681,0.647146165371,0.0885395724326,0.134902134538,0.583227038383
682,0.648277446628,0.0904109794647,0.130263119936,0.580592215061
683,0.646068841219,0.0903925206512,0.130149334669,0.589727938175
684,0.646695420146,0.089949125424,0.129862010479,0.590326488018
685,0.642483234406,0.0898950025439,0.129619553685,0.581523060799
686,0.646241307259,0.0897457059473,0.136822834611,0.597986876965
687,0.650369510055,0.0885284543037,0.125317230821,0.575257360935
688,0.648442417383,0.0892735496163,0.136594757438,0.594721198082
689,0.638760581613,0.0920879468322,0.124845229089,0.574101030827
690,0.650001496077,0.08943291381,0.127926692367,0.584774971008
691,0.648075833917,0.0884961690754,0.13387799263,0.586476385593
692,0.645181402564,0.0900690089911,0.125809967518,0.575282216072
693,0.654345661402,0.0878105517477,0.127348840237,0.588594555855
694,0.650268942118,0.0871503371745,0.134304851294,0.591829359531
695,0.651179224253,0.0889489818364,0.127701818943,0.595576345921
696,0.650788486004,0.0879199635237,0.132470011711,0.589963853359
697,0.654114589095,0.0866752453148,0.127884477377,0.587179422379
698,0.654587522149,0.0870059560984,0.127176254988,0.581671237946
699,0.654733896255,0.0865938086063,0.130964055657,0.580223143101
700,0.660377949476,0.0857085026801,0.124089024961,0.574916660786
701,0.654953062534,0.0867026112974,0.131461054087,0.581667780876
702,0.664129585028,0.0854903906584,0.124149262905,0.583359479904
703,0.649549812078,0.0877116099,0.13013035059,0.585042715073
704,0.654613539577,0.0872734766454,0.13174726069,0.583295226097
705,0.659108743072,0.0867147389799,0.119260959327,0.578515052795
706,0.649708375335,0.0891671795398,0.133798107505,0.576364576817
707,0.650744274259,0.0908292904496,0.11396189779,0.571412742138
708,0.647533044219,0.0893056876957,0.137696772814,0.584432542324
709,0.656064838171,0.0876953937113,0.116138033569,0.571491837502
710,0.629335150123,0.0983654391021,0.149624630809,0.667508482933
711,0.604598134756,0.110476315022,0.13908803463,0.630136191845
712,0.619732037187,0.10154222697,0.137009322643,0.628919482231
713,0.619956210256,0.0996087249368,0.120344445109,0.565290570259
714,0.617062553763,0.100576538593,0.121882103384,0.572008430958
715,0.61973631382,0.098258048296,0.134396791458,0.588299334049
716,0.632350564003,0.0953095797449,0.116842068732,0.567525684834
717,0.631579712033,0.0942719969898,0.124346539378,0.569203794003
718,0.645533844829,0.0901675522327,0.114530719817,0.568200707436
719,0.647027269006,0.0897288005799,0.127048894763,0.576568841934
720,0.648242041469,0.0887264311314,0.117453336716,0.569433271885
721,0.655426979065,0.0874310117215,0.121889404953,0.569432854652
722,0.664466455579,0.0848142784089,0.117822259665,0.570091664791
723,0.664095371962,0.0840333513916,0.123121038079,0.574742078781
724,0.667540535331,0.0836357474327,0.115359298885,0.56714963913
725,0.671692803502,0.0824629291892,0.118605211377,0.569352328777
726,0.670461028814,0.0814512465149,0.120471723378,0.572942316532
727,0.674679070711,0.0818596035242,0.111613892019,0.567386388779
728,0.664880663157,0.0842443723232,0.133830353618,0.582927882671
729,0.67263443768,0.0827963091433,0.112721092999,0.568552076817
730,0.674548089504,0.0813625510782,0.133720591664,0.588277161121
731,0.673817709088,0.0819615144283,0.11484836787,0.574638783932
732,0.671054422855,0.0827969294041,0.127741634846,0.580504477024
733,0.670975610614,0.0829023867846,0.124724499881,0.578242957592
734,0.679555311799,0.0809929315001,0.11819268018,0.583472311497
735,0.66393892467,0.0838531199843,0.124866686761,0.57547801733
736,0.670174002647,0.0835977606475,0.120104312897,0.585787117481
737,0.6654445678,0.0855766534805,0.125978425145,0.582633078098
738,0.670341283083,0.0834077484906,0.121719270945,0.582788467407
739,0.645934611559,0.0910546388477,0.111062131822,0.572232604027
740,0.650154918432,0.0895133782178,0.127133354545,0.578990519047
741,0.657277956605,0.0887632872909,0.121558822691,0.582959473133
742,0.656608641148,0.0874714106321,0.12820763886,0.578370511532
743,0.658894971013,0.0870338492095,0.116722136736,0.574502229691
744,0.662581369281,0.0852442421019,0.133221104741,0.583719074726
745,0.669493973255,0.0845902599394,0.116827361286,0.578995406628
746,0.668655499816,0.0832398161292,0.129016727209,0.583189427853
747,0.67551189661,0.0828723888844,0.111500248313,0.574382305145
748,0.664411857724,0.0848606657237,0.133205518126,0.586867153645
749,0.658586367965,0.0883596166968,0.116252869368,0.578071951866
750,0.669931739569,0.0843283236027,0.132553815842,0.602698087692
751,0.671994298697,0.0821574945003,0.120421558619,0.581196248531
752,0.674854278564,0.0818669348955,0.130847200751,0.594774842262
753,0.675185725093,0.0822905171663,0.119769386947,0.582165181637
754,0.678275987506,0.0816134605557,0.120178118348,0.582535982132
755,0.666862651706,0.0837310981005,0.130579486489,0.587331831455
756,0.67419116199,0.0837566908449,0.120474405587,0.589043080807
757,0.673394963145,0.0826154891402,0.136325404048,0.598265469074
758,0.659386888146,0.0877088271081,0.124170705676,0.590676188469
759,0.67077241838,0.0850831605494,0.13594686985,0.616775214672
760,0.667713314295,0.0840743388981,0.12475451082,0.587470769882
761,0.677519798279,0.0814490076154,0.125793665648,0.591214001179
762,0.679032668471,0.0808188430965,0.126651391387,0.591629564762
763,0.674023881555,0.0835769437253,0.124103434384,0.589080929756
764,0.675509393215,0.0822938960046,0.132435455918,0.608792722225
765,0.677013769746,0.0818716045469,0.126827731729,0.600760042667
766,0.673976227641,0.0835837963969,0.129028022289,0.600831210613
767,0.675692468882,0.0826418865472,0.125396251678,0.595051288605
768,0.670614138246,0.0832641012967,0.127871528268,0.594141662121
769,0.680349498987,0.0818534009159,0.125561967492,0.602450609207
770,0.683878287673,0.0798878185451,0.127996429801,0.597460269928
771,0.67727380991,0.0826200693846,0.12578047812,0.593777239323
772,0.679497897625,0.0815296787769,0.123222112656,0.590440869331
773,0.678329870105,0.0811082255095,0.123610757291,0.592078089714
774,0.677053049207,0.0820093266666,0.128403589129,0.601863861084
775,0.684015408158,0.0798216741532,0.123707525432,0.593630850315
776,0.683873593807,0.0792717617005,0.126819968224,0.604968190193
777,0.686031326652,0.0793712902814,0.125448077917,0.592701494694
778,0.670517280698,0.0831989310682,0.127142086625,0.590844810009
779,0.684937357903,0.081175846979,0.125221043825,0.603478133678
780,0.676688209176,0.0817019604146,0.129128366709,0.59694904089
781,0.683886766434,0.0809939615428,0.119718812406,0.59432977438
782,0.671004906297,0.0835996661335,0.131525933743,0.605313897133
783,0.674075707793,0.0842622946948,0.123133666813,0.604795277119
784,0.674974307418,0.0829588938504,0.133358955383,0.608948290348
785,0.682102799416,0.0822062268853,0.114021785557,0.59148555994
786,0.676454141736,0.0821561384946,0.138033628464,0.620699226856
787,0.677764356136,0.0827389024198,0.124774180353,0.604827165604
788,0.68687222898,0.0805318281054,0.125745609403,0.61125767231
789,0.688472718,0.0786750689149,0.122892253101,0.598931252956
790,0.68172994256,0.0800949633121,0.126052215695,0.596291124821
791,0.677500069141,0.0838480014354,0.129104107618,0.625011503696
792,0.663914605975,0.0875255204737,0.145442992449,0.636947214603
793,0.668846294284,0.0878596492112,0.128981918097,0.62574005127
794,0.670676231384,0.0853580739349,0.138349935412,0.638285636902
795,0.669107168913,0.0848434492946,0.127968236804,0.609571516514
796,0.667814806104,0.0841002091765,0.133722662926,0.617753744125
797,0.674068301916,0.0840057637542,0.125844031572,0.614325165749
798,0.674437731504,0.0824465863407,0.132573112845,0.611151754856
799,0.681390509009,0.0812207385898,0.123152412474,0.60617518425
800,0.684096157551,0.0815865695477,0.131375953555,0.618838906288
801,0.687384918332,0.0791997816414,0.131690502167,0.614183664322
802,0.688297078013,0.0797579698265,0.121296592057,0.594934880733
803,0.683011353016,0.0824709124863,0.124734908342,0.616058349609
804,0.682450205088,0.0808297079057,0.132352858782,0.611776053905
805,0.686813101172,0.0794320609421,0.124083176255,0.60988920927
806,0.686054438353,0.0802695062011,0.127131685615,0.609520316124
807,0.679733499885,0.0817197654396,0.131511598825,0.615837991238
808,0.693007260561,0.0791561827064,0.121541805565,0.605010926723
809,0.684990048409,0.0799142494798,0.134616240859,0.62083953619
810,0.688127785921,0.0789728872478,0.121437080204,0.600698232651
811,0.688281551003,0.079743983224,0.128449425101,0.60882037878
812,0.689403638244,0.0786157734692,0.124802581966,0.604886174202
813,0.697641432285,0.0778951663524,0.116633713245,0.595972597599
814,0.692886248231,0.0778115093708,0.125240042806,0.600957632065
815,0.693457216024,0.0791171938181,0.116787753999,0.60098618269
816,0.696267828345,0.0770425237715,0.130103126168,0.607103586197
817,0.699652194977,0.0767209734768,0.119783781469,0.60312473774
818,0.698965236545,0.076642582193,0.126494735479,0.606260716915
819,0.691598206758,0.079268630594,0.120612837374,0.605824410915
820,0.694877609611,0.0769574865699,0.130512610078,0.620938718319
821,0.698986798525,0.0768976155668,0.125895068049,0.614733636379
822,0.701788008213,0.0766712967306,0.127810031176,0.617014527321
823,0.697789385915,0.0757470075041,0.123042285442,0.603825926781
824,0.700214833021,0.0765572357923,0.119974844158,0.603906035423
825,0.69756655395,0.077095516026,0.131140053272,0.613209426403
826,0.698800995946,0.0777207054198,0.116088502109,0.604482233524
827,0.694757908583,0.0774628594518,0.133190080523,0.612991631031
828,0.695994988084,0.0787643902004,0.123022973537,0.612403154373
829,0.70105342567,0.0776448417455,0.121716834605,0.610803902149
830,0.6967805475,0.0772245135158,0.130910143256,0.621809780598
831,0.688559278846,0.0804425999522,0.122471347451,0.614209294319
832,0.684294208884,0.0804017670453,0.135914519429,0.616933703423
833,0.695104956627,0.0799077246338,0.12205183506,0.619408965111
834,0.688764587045,0.0804970245808,0.138489350677,0.61940985918
835,0.689799547195,0.0806215200573,0.109064050019,0.606833934784
836,0.691792353988,0.0791177581996,0.136095538735,0.623009562492
837,0.697451546788,0.0777640473098,0.117666274309,0.61505895853
838,0.691572710872,0.0784872658551,0.130435302854,0.613671064377
839,0.700666293502,0.0778660587966,0.11577359587,0.609723627567
840,0.695306286216,0.078596457839,0.128098428249,0.619900226593
841,0.703735515475,0.0760696064681,0.115617729723,0.603523910046
842,0.69970074296,0.077863605693,0.123290084302,0.61805075407
843,0.701863929629,0.0760152693838,0.125204846263,0.614739239216
844,0.706054612994,0.075162101537,0.120916992426,0.613984823227
845,0.705713093281,0.0749960895628,0.131308034062,0.627049982548
846,0.708933323622,0.0751002114266,0.11461353302,0.613173604012
847,0.701821088791,0.0763842370361,0.133836105466,0.62464684248
848,0.707244157791,0.0759027320892,0.117945812643,0.616641879082
849,0.703521057963,0.0755146276206,0.13214340806,0.628410696983
850,0.712384566665,0.0743066631258,0.11746738106,0.616465806961
851,0.705222845078,0.0750634279102,0.132379725575,0.626002848148
852,0.7067283988,0.0753989554942,0.119398631155,0.620129585266
853,0.712829247117,0.0737709160894,0.128552734852,0.62423157692
854,0.710692241788,0.0734466966242,0.126582860947,0.621400713921
855,0.713194310665,0.0742083862424,0.122920386493,0.627226948738
856,0.712605237961,0.0735454857349,0.127816900611,0.624939978123
857,0.704093635082,0.0769577436149,0.125044807792,0.623862564564
858,0.707248389721,0.0761190969497,0.127017572522,0.629913449287
859,0.705782860518,0.0757054649293,0.124258376658,0.617619216442
860,0.688395112753,0.0833265632391,0.124954216182,0.635787427425
861,0.689663767815,0.0812614709139,0.139062449336,0.643128871918
862,0.687700212002,0.0825158376247,0.128769025207,0.638294637203
863,0.683295801282,0.0832502450794,0.132172912359,0.629493296146
864,0.69430282712,0.079763263464,0.120940580964,0.625943601131
865,0.690885126591,0.0792071893811,0.136196523905,0.638059675694
866,0.701394334435,0.077844645828,0.115134559572,0.620409429073
867,0.69321911037,0.0785731393844,0.137515768409,0.635407626629
868,0.704015389085,0.0772078987211,0.11703568697,0.629803836346
869,0.705314785242,0.0757643934339,0.135564923286,0.64294552803
870,0.707495525479,0.0763212814927,0.113091476262,0.622780561447
871,0.704610511661,0.0772698521614,0.131520703435,0.640387833118
872,0.701104640961,0.0773530881852,0.124959819019,0.629726946354
873,0.703180208802,0.0769809596241,0.133510097861,0.654184103012
874,0.705014422536,0.0760566443205,0.121388599277,0.623209357262
875,0.71058036387,0.0751608032733,0.123241864145,0.632458150387
876,0.704582467675,0.0756159406155,0.127521291375,0.628486156464
877,0.710013881326,0.0758030749857,0.113373361528,0.615930855274
878,0.702287778258,0.0765859764069,0.12952183187,0.629488229752
879,0.708360761404,0.0774006135762,0.11145568639,0.627143263817
880,0.697069093585,0.0786532536149,0.136820599437,0.637995302677
881,0.700477227569,0.0793409049511,0.114389225841,0.631014823914
882,0.693981185555,0.0799936857074,0.133802354336,0.635845899582
883,0.706553295255,0.0764293447137,0.116433888674,0.628236413002
884,0.704904019833,0.0760983414948,0.131972596049,0.639719188213
885,0.71538233757,0.0731238406152,0.117306441069,0.62445127964
886,0.709493666887,0.0740586556494,0.12747746706,0.628990590572
887,0.717724427581,0.0735406782478,0.114774666727,0.622310817242
888,0.71131066978,0.0745087303221,0.129147931933,0.629719614983
889,0.723102942109,0.072076221928,0.117831505835,0.626117408276
890,0.70839856565,0.0746812596917,0.131506741047,0.629697501659
891,0.716835513711,0.075308829546,0.118734203279,0.632885932922
892,0.711121961474,0.0744511056691,0.136023774743,0.643961668015
893,0.719127729535,0.073390847072,0.119134560227,0.638684570789
894,0.703547567129,0.0764098707587,0.142038792372,0.664975404739
895,0.717695206404,0.0744467936456,0.109893016517,0.630802333355
896,0.714437186718,0.073231369257,0.131055861712,0.63517588377
897,0.721470251679,0.0727025493979,0.113448224962,0.626577913761
898,0.717489719391,0.0727740041912,0.12876778841,0.630289793015
899,0.724706694484,0.0715489573777,0.116459086537,0.626788973808
900,0.724034845829,0.0707219988108,0.129243433475,0.634584665298
901,0.723509997129,0.071772152558,0.119700327516,0.626637816429
902,0.718455567956,0.0728579312563,0.131557092071,0.643397450447
903,0.71623070538,0.0751361642033,0.121570296586,0.634541213512
904,0.71744158864,0.0727346818894,0.130402043462,0.635168194771
905,0.714211568236,0.0759182721376,0.117094375193,0.627562761307
906,0.704734548926,0.0763064846396,0.131700336933,0.635046362877
907,0.715279787779,0.0746101289988,0.116221755743,0.625997304916
908,0.709119081497,0.076648928225,0.129122003913,0.639139533043
909,0.709276229143,0.0769736040384,0.119082078338,0.62548750639
910,0.692037194967,0.0802430603653,0.128325402737,0.638281702995
911,0.69966840744,0.0796367209405,0.118779934943,0.633618116379
912,0.696751117706,0.0789042115211,0.130412787199,0.640683591366
913,0.705676704645,0.0772593524307,0.116994082928,0.624898195267
914,0.713544294238,0.0739990640432,0.121297337115,0.629472911358
915,0.720681205392,0.0724089127034,0.114734999835,0.625310897827
916,0.720590263605,0.0718444194645,0.123159460723,0.625270426273
917,0.726006537676,0.0711717829108,0.112239450216,0.621732413769
918,0.725717365742,0.071303891018,0.120727159083,0.629799842834
919,0.712676391006,0.0751839671284,0.131052047014,0.63787072897
920,0.722145363688,0.0729768862948,0.117412924767,0.634012877941
921,0.719311475754,0.0732504893094,0.1318474859,0.647153258324
922,0.718884468079,0.0734081249684,0.118549346924,0.634556531906
923,0.724666178226,0.0710067357868,0.126252532005,0.639912545681
924,0.719666257501,0.0736435819417,0.115420602262,0.634484648705
925,0.721069008112,0.0721171982586,0.127439007163,0.631047725677
926,0.720435038209,0.0741348583251,0.11747135967,0.635865151882
927,0.712421521544,0.0754815842956,0.129474043846,0.643153011799
928,0.719065412879,0.0732378009707,0.119762271643,0.625499904156
929,0.722128555179,0.0735740400851,0.117907144129,0.631636738777
930,0.711771905422,0.0751209519804,0.132052883506,0.642392814159
931,0.72235250473,0.0737044606358,0.115023806691,0.637098491192
932,0.717522606254,0.0740349404514,0.126907140017,0.634534180164
933,0.718612790108,0.073717398569,0.117156118155,0.637591421604
934,0.722429290414,0.0726161058992,0.125278025866,0.63668602705
935,0.722449660301,0.0723922848701,0.118587821722,0.637091159821
936,0.723332747817,0.072139069438,0.120561599731,0.633464038372
937,0.724744811654,0.0710380114615,0.122209437191,0.63512301445
938,0.732201248407,0.0696373991668,0.123663142323,0.641161680222
939,0.737343683839,0.0682400763035,0.120662540197,0.634657919407
940,0.734344884753,0.0685218703002,0.125162884593,0.639222085476
941,0.736412078142,0.0690802130848,0.115213997662,0.635796070099
942,0.728612363338,0.0706703793257,0.124764554203,0.634933173656
943,0.72543014586,0.0720869172364,0.105334199965,0.623488306999
944,0.726855412126,0.0719423200935,0.125069767237,0.635408878326
945,0.729369446635,0.0708691868931,0.121081449091,0.639244735241
946,0.732432663441,0.069612396881,0.122062429786,0.631875574589
947,0.733035504818,0.0698457788676,0.114226222038,0.633699297905
948,0.724295809865,0.0729887764901,0.125714898109,0.643545329571
949,0.720517888665,0.0738646015525,0.122970044613,0.641888201237
950,0.725720003247,0.0721439514309,0.126318126917,0.641669392586
951,0.730542391539,0.0702204760164,0.122706227005,0.646452665329
952,0.735049679875,0.0691085699946,0.126136764884,0.651254236698
953,0.737080365419,0.0685694292188,0.121252641082,0.645656347275
954,0.726526036859,0.0720546301454,0.119127385318,0.638021290302
955,0.727587655187,0.0715759564191,0.127874210477,0.644504666328
956,0.729206070304,0.0717194434255,0.107679896057,0.632545471191
957,0.725476279855,0.0716426335275,0.136515900493,0.654675424099
958,0.730613812804,0.0716336686164,0.113435745239,0.645447432995
959,0.733130827546,0.0704930387437,0.125755086541,0.64163762331
960,0.734447300434,0.0694754421711,0.119182541966,0.642469584942
961,0.734494239092,0.0700714979321,0.126866519451,0.653507113457
962,0.732476830482,0.0706906672567,0.1196654737,0.642783164978
963,0.730678603053,0.0711853019893,0.128877580166,0.657597601414
964,0.734197720885,0.0695741008967,0.124624721706,0.645358324051
965,0.739202454686,0.0692186541855,0.126767754555,0.665608942509
966,0.73334543407,0.0695960726589,0.127453371882,0.656269490719
967,0.74232891202,0.0669631808996,0.123952098191,0.652915418148
968,0.737762764096,0.0684222709388,0.122738450766,0.646639049053
969,0.739447072148,0.0690433140844,0.121617846191,0.656257271767
970,0.73581777513,0.0697483625263,0.127601534128,0.644614338875
971,0.74202644825,0.0679854899645,0.117207095027,0.645066082478
972,0.73521476984,0.0698426570743,0.128067076206,0.655376017094
973,0.736466109753,0.0696592088789,0.119898565114,0.649035871029
974,0.735915154219,0.070348829031,0.124310746789,0.661928236485
975,0.728482306004,0.0716421306133,0.133738785982,0.666078209877
976,0.739364847541,0.0693759508431,0.122910670936,0.668149352074
977,0.735894605517,0.0697711277753,0.131594628096,0.653745412827
978,0.73563927412,0.0698935315013,0.119335114956,0.653985440731
979,0.739029109478,0.0690517965704,0.122079893947,0.648352146149
980,0.729973733425,0.0712235961109,0.122556321323,0.655313313007
981,0.733653187752,0.0706168450415,0.134562969208,0.683726847172
982,0.730818808079,0.0710773840547,0.12455457449,0.663185358047
983,0.723899185658,0.0740516744554,0.119878292084,0.644083380699
984,0.721878618002,0.0737795121968,0.134369269013,0.67816144228
985,0.732581779361,0.0719789303839,0.120340302587,0.66865748167
986,0.731377691031,0.0705399271101,0.133313953876,0.671454250813
987,0.736470252275,0.0693881325424,0.122155167162,0.658186018467
988,0.742594897747,0.0683447085321,0.124346859753,0.659849882126
989,0.737721905112,0.0690793124959,0.126307502389,0.659104049206
990,0.739346206188,0.0697393324226,0.120891936123,0.657595694065
991,0.740940377116,0.0682468805462,0.124058403075,0.65170186758
992,0.738803654909,0.0683653810993,0.122166544199,0.650761902332
993,0.7408708781,0.0690273679793,0.123081862926,0.65290504694
994,0.737679451704,0.0703354598954,0.134988725185,0.675584554672
995,0.740183636546,0.0691189430654,0.118049860001,0.651637196541
996,0.738255977631,0.0693771606311,0.127412974834,0.655402839184
997,0.731856837869,0.0711021088064,0.123479962349,0.654774367809
998,0.745186582208,0.0686304010451,0.12041477114,0.66461032629
999,0.735800474882,0.0699445791543,0.133690699935,0.671946704388
1000,0.742464959621,0.0686085149646,0.120446868241,0.660626590252
1001,0.738876402378,0.0692754173651,0.124637767673,0.6571007967
1002,0.74199770391,0.0677382424474,0.124901384115,0.665351688862
1003,0.747707545757,0.0664819767699,0.12118832767,0.66032654047
1004,0.750584647059,0.065492128022,0.123470373452,0.6545612216
1005,0.745327532291,0.0679409988225,0.116486534476,0.655887186527
1006,0.749151915312,0.0662780934945,0.122435070574,0.656114459038
1007,0.745476543903,0.0674971677363,0.116532750428,0.649213016033
1008,0.718718737364,0.0785851217806,0.126731112599,0.683623254299
1009,0.703941643238,0.0807288717479,0.131985887885,0.661502420902
1010,0.720156267285,0.0755771081895,0.119903557003,0.669612467289
1011,0.720443323255,0.0746481176466,0.137028425932,0.67489117384
1012,0.701847314835,0.0795917399228,0.128373607993,0.678868889809
1013,0.716231763363,0.0765668507665,0.13394638896,0.673589229584
1014,0.719485238194,0.0750410500914,0.121595047414,0.655315220356
1015,0.717616274953,0.0757716447115,0.129727810621,0.666401803493
1016,0.734182685614,0.0705834869295,0.115584731102,0.651790857315
1017,0.733064562082,0.069998010993,0.130268752575,0.667977273464
1018,0.740492656827,0.0690594706684,0.117168173194,0.654340386391
1019,0.744797766209,0.0672578308731,0.123138003051,0.650882422924
1020,0.746116042137,0.0672524087131,0.111823655665,0.651582658291
1021,0.74351888895,0.0683165434748,0.119135297835,0.65007609129
1022,0.752237454057,0.0654042931274,0.11329870671,0.650508701801
1023,0.754774317145,0.0645736670122,0.121157571673,0.653170526028
1024,0.753723040223,0.0653048446402,0.117419935763,0.654491066933
1025,0.753259032965,0.0652324119583,0.121760502458,0.654601514339
1026,0.750198245049,0.065232636407,0.118729278445,0.659109413624
1027,0.751022696495,0.0655883727595,0.128792747855,0.665267586708
1028,0.756410732865,0.0656029358506,0.108961954713,0.65608972311
1029,0.74295258522,0.0693028755486,0.130334705114,0.674336671829
1030,0.743335917592,0.0685762250796,0.118988968432,0.656766355038
1031,0.750279128551,0.0674518262967,0.116600006819,0.659425258636
1032,0.742235332727,0.0684185223654,0.128376245499,0.676751315594
1033,0.750837728381,0.0667410884053,0.119391486049,0.66628664732
1034,0.751495271921,0.0661503206939,0.128445625305,0.670546591282
1035,0.751007601619,0.0666542090476,0.116342067719,0.659235715866
1036,0.753328874707,0.065755491145,0.127254098654,0.667632937431
1037,0.755289152265,0.0647867219523,0.11904322356,0.661800861359
1038,0.753709211946,0.0656496444717,0.119545131922,0.662801146507
1039,0.756693258882,0.0644535329193,0.121495246887,0.662164032459
1040,0.759208321571,0.0642863726243,0.116673275828,0.664982318878
1041,0.747065618634,0.0670919967815,0.13320299983,0.673361957073
1042,0.753004238009,0.0666910428554,0.118329957128,0.673989713192
1043,0.752629265189,0.0661578783765,0.125252962112,0.666828691959
1044,0.750896811485,0.0671130688861,0.120902106166,0.6648837924
1045,0.7534506917,0.066605463624,0.123705863953,0.665026605129
1046,0.756575748324,0.0647774087265,0.124925769866,0.674623429775
1047,0.753409251571,0.0670241294429,0.118665635586,0.665970861912
1048,0.75567227602,0.0665485793725,0.122156709433,0.664575874805
1049,0.758859023452,0.0644236477092,0.116549476981,0.669846951962
1050,0.759869530797,0.0641960343346,0.123326860368,0.667486906052
1051,0.762502774596,0.0632098708302,0.120863489807,0.669395923615
1052,0.750425994396,0.0655093602836,0.110170580447,0.653715312481
1053,0.756118625402,0.0649067945778,0.115370601416,0.655455648899
1054,0.764017730951,0.0634559681639,0.113883860409,0.658605098724
1055,0.764563024044,0.0630164388567,0.117027752101,0.662309169769
1056,0.760169565678,0.0652827210724,0.116231933236,0.664541065693
1057,0.751792907715,0.0669282795861,0.132348939776,0.678228497505
1058,0.755881905556,0.0651660906151,0.107884034514,0.657964706421
1059,0.748925730586,0.0680430494249,0.129097089171,0.671241939068
1060,0.747392982244,0.0687791649252,0.113499417901,0.663878917694
1061,0.747114732862,0.0690836822614,0.126486077905,0.678238272667
1062,0.748261362314,0.0688220830634,0.12138441205,0.673327445984
1063,0.731970191002,0.0743317576125,0.136551707983,0.707486569881
1064,0.740463331342,0.0716419406235,0.120353750885,0.680408895016
1065,0.736706957221,0.0710711441934,0.13436833024,0.701747953892
1066,0.738285765052,0.070975298062,0.118407867849,0.676745295525
1067,0.74677054584,0.0680350251496,0.125726550817,0.684023618698
1068,0.748414054513,0.0675239469856,0.118673108518,0.666782319546
1069,0.753182843328,0.0657962681726,0.113886043429,0.667315483093
1070,0.758500531316,0.0645203106105,0.122305460274,0.673017084599
1071,0.760503336787,0.0642823511735,0.119312956929,0.678804337978
1072,0.764000341296,0.0627100570127,0.121505081654,0.67178940773
1073,0.765818551183,0.0631926264614,0.116573825479,0.669282793999
1074,0.766292333603,0.0621047439054,0.125573471189,0.67702382803
1075,0.770461276174,0.0620819581673,0.116717413068,0.670786201954
1076,0.770817413926,0.0607078708708,0.124350838363,0.670346200466
1077,0.772146448493,0.0611532051116,0.119658604264,0.677012383938
1078,0.768014773726,0.0627573411912,0.124317333102,0.680762767792
1079,0.765630155802,0.063534242101,0.122148394585,0.686908781528
1080,0.767290621996,0.0627687899396,0.130727961659,0.687312245369
1081,0.761540576816,0.0646674046293,0.130020260811,0.699601173401
1082,0.763006493449,0.0648672413081,0.120278440416,0.672639429569
1083,0.762858197093,0.0641289912164,0.130300283432,0.684547185898
1084,0.754754588008,0.0678606433794,0.125179067254,0.684585630894
1085,0.761824473739,0.0652192309499,0.132470458746,0.713124215603
1086,0.754607111216,0.0671642394736,0.132295593619,0.700654149055
1087,0.756259068847,0.0671196319163,0.127381727099,0.695465564728
1088,0.738095834851,0.0711904382333,0.12582693994,0.687250316143
1089,0.747708126903,0.0691217649728,0.125923737884,0.688243985176
1090,0.750889375806,0.0678963037208,0.124179437757,0.687446117401
1091,0.747284993529,0.0690121613443,0.123122684658,0.679401576519
1092,0.755885854363,0.0660423394293,0.121056690812,0.676390588284
1093,0.759750455618,0.0649913921952,0.121306374669,0.677227318287
1094,0.75711530447,0.06566115655,0.126949563622,0.690962791443
1095,0.762549817562,0.0643982682377,0.113336741924,0.671290934086
1096,0.760399997234,0.065123649314,0.120258562267,0.676677048206
1097,0.767493844032,0.0627367990091,0.122710011899,0.683556675911
1098,0.768595471978,0.0624617114663,0.119294270873,0.675138115883
1099,0.769583746791,0.0623490288854,0.118716821074,0.67357981205
1100,0.771302804351,0.0623757466674,0.117843151093,0.672804474831
1101,0.771980240941,0.0616397885606,0.122568137944,0.684030890465
1102,0.776390567422,0.0606291769072,0.114305317402,0.669597387314
1103,0.77795727551,0.0597446942702,0.123390771449,0.682429850101
1104,0.776476338506,0.0610736785457,0.118385784328,0.683377861977
1105,0.778678864241,0.0600499995053,0.121748968959,0.67930150032
1106,0.774606123567,0.0614258302376,0.116778217256,0.679414391518
1107,0.782150477171,0.0589851979166,0.124504029751,0.687512934208
1108,0.76408046484,0.0642304904759,0.118467129767,0.677296221256
1109,0.772849157453,0.0622524395585,0.118273235857,0.685242295265
1110,0.767931357026,0.0639232089743,0.11936211586,0.68034696579
1111,0.766992017627,0.0633983509615,0.121940523386,0.68738168478
1112,0.771061390638,0.0626316880807,0.124783955514,0.689590334892
1113,0.767424911261,0.0628110580146,0.125996723771,0.690145730972
1114,0.771485343575,0.0620976798236,0.121390961111,0.681383371353
1115,0.775386229157,0.0614251205698,0.118903018534,0.692373275757
1116,0.755157127976,0.0661056172103,0.127041473985,0.689366579056
1117,0.761022850871,0.0668742544949,0.115298427641,0.690859556198
1118,0.763845056295,0.0653997957706,0.12546569109,0.689314007759
1119,0.762956157327,0.0648944657296,0.127517387271,0.702123463154
1120,0.766324698925,0.063973271288,0.118522107601,0.685428440571
1121,0.7680465132,0.0632732771337,0.126115188003,0.701020717621
1122,0.763563990593,0.0645425003022,0.122185088694,0.686788976192
1123,0.763762429357,0.0657529644668,0.113762624562,0.691824018955
1124,0.757744729519,0.0667482130229,0.130553409457,0.698978483677
1125,0.765655919909,0.0642231097445,0.12264392525,0.708779454231
1126,0.771673411131,0.0621738862246,0.124565005302,0.702044725418
1127,0.772621512413,0.0615656282753,0.123718217015,0.704017400742
1128,0.770219817758,0.0620463909581,0.120841987431,0.694083034992
1129,0.765378251672,0.0648530051112,0.122728295624,0.705155134201
1130,0.770001232624,0.062630970031,0.122035115957,0.695550382137
1131,0.761027082801,0.065435372293,0.13205832243,0.717033565044
1132,0.750975459814,0.0705183092505,0.135001286864,0.725312411785
1133,0.743470132351,0.0739066340029,0.113555282354,0.702041327953
1134,0.726950138807,0.0769122652709,0.13907790184,0.711990654469
1135,0.730307430029,0.0760066136718,0.117362715304,0.709301114082
1136,0.730618283153,0.0743622686714,0.129089608788,0.706864655018
1137,0.732540205121,0.0735187474638,0.120051257312,0.696015357971
1138,0.746041163802,0.0690333098173,0.125899150968,0.69932448864
1139,0.754467979074,0.066664529033,0.114691533148,0.68311226368
1140,0.757775902748,0.0659945905209,0.122733898461,0.695507347584
1141,0.768551185727,0.0627181455493,0.115776158869,0.682789623737
1142,0.770357832313,0.0621873727068,0.113287612796,0.679993152618
1143,0.775457948446,0.0608932394534,0.116037897766,0.680183827877
1144,0.774320065975,0.061090757139,0.114647060633,0.679257750511
1145,0.783657580614,0.0588380973786,0.114203706384,0.678073704243
1146,0.782986551523,0.0595133556053,0.11576872319,0.683763742447
1147,0.76576346159,0.063659850508,0.128407642245,0.691107332706
1148,0.742655172944,0.0750516913831,0.112060047686,0.685691714287
1149,0.754186734557,0.0688383057714,0.12634293735,0.699467301369
1150,0.746072769165,0.0717630833387,0.127207055688,0.709538340569
1151,0.744129747152,0.0703683570027,0.125188365579,0.694130301476
1152,0.747990235686,0.0687725804746,0.129080876708,0.707725763321
1153,0.758884191513,0.0664886943996,0.11721662432,0.687840223312
1154,0.759559035301,0.0656725810841,0.125603452325,0.693232119083
1155,0.764048367739,0.064512129873,0.120180353522,0.690385460854
1156,0.769750759006,0.0628974558786,0.116435796022,0.684607982635
1157,0.770447283983,0.0626082960516,0.118343263865,0.693182468414
1158,0.768771767616,0.0629958445206,0.123221494257,0.688978075981
1159,0.772483482957,0.0634643789381,0.11500441283,0.694164097309
1160,0.768961146474,0.0638861972839,0.125198289752,0.692128479481
1161,0.760824367404,0.0663256021217,0.107986241579,0.680264830589
1162,0.764616772532,0.0655747866258,0.134185940027,0.701650261879
1163,0.758785948157,0.0680943829939,0.117702171206,0.705682933331
1164,0.755993247032,0.068265946582,0.13332170248,0.71304666996
1165,0.758312508464,0.0679265037179,0.11682729423,0.710378885269
1166,0.754510357976,0.067995143123,0.13808991015,0.726533651352
1167,0.753718957305,0.0686278566718,0.119244620204,0.702300071716
1168,0.763532429934,0.0653307791799,0.125187799335,0.705559551716
1169,0.760544672608,0.0653941920027,0.129911124706,0.711510300636
1170,0.768888533115,0.0635456265882,0.11177238822,0.693325996399
1171,0.758155822754,0.0674932971597,0.13640730083,0.722058296204
1172,0.769350424409,0.063414205797,0.115167088807,0.702220082283
1173,0.755872234702,0.0686456691474,0.128321439028,0.719675838947
1174,0.766439110041,0.0631126947701,0.125879615545,0.707932472229
1175,0.776453435421,0.0617345934734,0.121025189757,0.705430209637
1176,0.771348789334,0.0630290182307,0.127897143364,0.708069860935
1177,0.775002703071,0.0625445153564,0.122654207051,0.713118493557
1178,0.770986050367,0.0635662237182,0.117448650301,0.694537878036
1179,0.77318803966,0.063088260591,0.123059399426,0.70161062479
1180,0.779189407825,0.0610249722376,0.127685114741,0.715498149395
1181,0.780043900013,0.0608429685235,0.121601499617,0.700587511063
1182,0.780946955085,0.0605658022687,0.120420493186,0.707334160805
1183,0.787402540445,0.058584542945,0.123573347926,0.701639354229
1184,0.78434407711,0.0596753349528,0.12052898109,0.69957536459
1185,0.789925143123,0.0580006111413,0.121489852667,0.697911679745
1186,0.788838744164,0.0583114651963,0.122586928308,0.697306990623
1187,0.79144179821,0.0587990982458,0.119200766087,0.697611570358
1188,0.786649748683,0.0591984158382,0.12627440691,0.695184588432
1189,0.791973665357,0.0582213802263,0.114583186805,0.698176980019
1190,0.789726987481,0.05866126623,0.131516352296,0.70709425211
1191,0.788385227323,0.0590183325112,0.113862536848,0.689952194691
1192,0.779553249478,0.062796054408,0.125725850463,0.70189088583
1193,0.774953305721,0.0624897116795,0.125004962087,0.716851115227
1194,0.785790592432,0.0602317787707,0.12411955744,0.714183270931
1195,0.785003751516,0.0591141935438,0.133571639657,0.713398933411
1196,0.778087154031,0.0627320297062,0.114791467786,0.701867580414
1197,0.78098744154,0.0612805569544,0.135659709573,0.714334845543
1198,0.770852938294,0.0652877995744,0.113209277391,0.704651594162
1199,0.775504499674,0.0635483060032,0.132245019078,0.723245799541
1200,0.762102738023,0.0666122939438,0.11901204288,0.701647162437
1201,0.768148362637,0.0649169683456,0.131418228149,0.732141554356
1202,0.76851542294,0.0650043720379,0.122508741915,0.705845654011
1203,0.77689409256,0.0619085812941,0.12523303926,0.712822854519
1204,0.776545256376,0.0619198316708,0.128050103784,0.716079175472
1205,0.78283432126,0.060496323742,0.121430814266,0.7166634202
1206,0.774888157845,0.0623180912808,0.132383972406,0.7184856534
1207,0.771805927157,0.0657361308113,0.120730809867,0.709412038326
1208,0.774932965636,0.0640225121751,0.128692686558,0.725400030613
1209,0.773838847876,0.0640488788486,0.122214898467,0.72198921442
1210,0.77617251873,0.0622052606195,0.127877637744,0.715794742107
1211,0.77142572403,0.0641214326024,0.120606146753,0.712168514729
1212,0.774659618735,0.0626695211977,0.126509740949,0.723416805267
1213,0.776554837823,0.0620076386258,0.124231003225,0.712086200714
1214,0.784117281437,0.0600642124191,0.126197770238,0.715767264366
1215,0.78777769208,0.0588263124228,0.123195566237,0.712021887302
1216,0.785173326731,0.0603954419494,0.118730917573,0.707732081413
1217,0.782704785466,0.0601222608238,0.129234880209,0.717590510845
1218,0.781509429216,0.0616720728576,0.110229410231,0.703803002834
1219,0.785012230277,0.060015194118,0.127447798848,0.712771892548
1220,0.790455505252,0.0580425933003,0.117195896804,0.707910776138
1221,0.794379130006,0.0574474744499,0.120696805418,0.711930453777
1222,0.795932084322,0.0566860921681,0.119957305491,0.702779352665
1223,0.792013883591,0.0589927406982,0.124780632555,0.719508588314
1224,0.788840547204,0.0604686224833,0.10813356936,0.695625424385
1225,0.784067705274,0.0614517442882,0.120442457497,0.703374266624
1226,0.782479211688,0.0617330623791,0.128010526299,0.725492537022
1227,0.776965528727,0.0630133999512,0.121552675962,0.712076067924
1228,0.778803542256,0.0628832504153,0.121884442866,0.707956016064
1229,0.774760246277,0.0636429414153,0.126466572285,0.722085654736
1230,0.782563388348,0.0605197539553,0.128524646163,0.719451069832
1231,0.786621615291,0.0600447943434,0.114840656519,0.706743896008
1232,0.781451255083,0.0615742634982,0.129303991795,0.717273175716
1233,0.782124236226,0.0622956482694,0.111472807825,0.701202094555
1234,0.782011851668,0.0619479082525,0.128381252289,0.715523838997
1235,0.782450780272,0.0615638392046,0.117525011301,0.709384679794
1236,0.784115329385,0.0606011385098,0.127967208624,0.724660754204
1237,0.787778735161,0.0596764404327,0.115010738373,0.706407010555
1238,0.788483649492,0.0590421156958,0.127424672246,0.727266311646
1239,0.777039557695,0.0631934897974,0.127017647028,0.726214110851
1240,0.78520308435,0.0601821169257,0.126574426889,0.724320411682
1241,0.782105356455,0.0619349181652,0.116557322443,0.710515975952
1242,0.766870826483,0.0666892770678,0.134653747082,0.737414896488
1243,0.780015647411,0.0619271146134,0.120551921427,0.721665203571
1244,0.777956023812,0.0623669493943,0.128975108266,0.73285895586
1245,0.784959837794,0.0593181028962,0.120263025165,0.711774587631
1246,0.789787530899,0.0592811666429,0.116339184344,0.709549307823
1247,0.79068261385,0.0584760457277,0.124857567251,0.719190716743
1248,0.794924363494,0.0576041098684,0.112078495324,0.707416951656
1249,0.793795064092,0.0585892181844,0.126888990402,0.723005056381
1250,0.790480867028,0.0589108280838,0.115437567234,0.710590600967
1251,0.792140543461,0.0581081649289,0.121626377106,0.716205060482
1252,0.800381839275,0.0561775183305,0.117055341601,0.713047742844
1253,0.793749690056,0.0583713799715,0.122504219413,0.720583617687
1254,0.792271077633,0.060112462379,0.117772527039,0.715680956841
1255,0.790238499641,0.0596781410277,0.124071225524,0.723000824451
1256,0.792510703206,0.0590879749507,0.124472640455,0.726439654827
1257,0.799759417772,0.0565662235022,0.122181341052,0.7195058465
1258,0.781827285886,0.0614743195474,0.126807197928,0.725305438042
1259,0.791521012783,0.0597054595128,0.121406950057,0.730388581753
1260,0.787535116076,0.0604209695011,0.125915765762,0.735470175743
1261,0.780180990696,0.0615575658157,0.122861899436,0.719548046589
1262,0.786976322532,0.0606055138633,0.121547706425,0.72761952877
1263,0.789341524243,0.0592509778216,0.132031619549,0.732444643974
1264,0.787753596902,0.0590265560895,0.110591925681,0.714314937592
1265,0.779466062784,0.062708648853,0.130335524678,0.736459314823
1266,0.781876981258,0.0622202921659,0.112411461771,0.714333772659
1267,0.7833622545,0.06248782482,0.119283489883,0.71734058857
1268,0.790223002434,0.059398477897,0.117627471685,0.7150426507
1269,0.792027339339,0.0589317698032,0.114040881395,0.713932931423
1270,0.789191514254,0.0596862901002,0.123915940523,0.725309669971
1271,0.786915242672,0.0601775385439,0.12377242744,0.730844855309
1272,0.795938774943,0.0584914050996,0.120245933533,0.727215409279
1273,0.788416653872,0.0601717177778,0.130479440093,0.736683785915
1274,0.792066991329,0.059773620218,0.110558852553,0.721900761127
1275,0.791819602251,0.0593816377223,0.133884310722,0.742804527283
1276,0.780864775181,0.0637869788334,0.134165018797,0.764865756035
1277,0.790924087167,0.0603018188849,0.131270959973,0.776226580143
1278,0.776646494865,0.0641189059243,0.127446502447,0.736190140247
1279,0.784945905209,0.0613841852173,0.130650863051,0.756294667721
1280,0.785359799862,0.0610706591979,0.120329715312,0.727689504623
1281,0.794833764434,0.0577075565234,0.122462667525,0.732547461987
1282,0.791003257036,0.0598529642448,0.121704623103,0.730225265026
1283,0.792253598571,0.0581057211384,0.121376097202,0.726126492023
1284,0.797997519374,0.0573857938871,0.123448319733,0.735671579838
1285,0.790870711207,0.0601428793743,0.121543087065,0.727770268917
1286,0.793941006064,0.0592760015279,0.120232515037,0.72213023901
1287,0.788025438786,0.0607409300283,0.121224209666,0.731003344059
1288,0.783881142735,0.0624410081655,0.1338326931,0.75400608778
1289,0.786486193538,0.0606812378392,0.128564357758,0.749730169773
1290,0.783211275935,0.0631373040378,0.126411885023,0.747935175896
1291,0.788224771619,0.0599331883714,0.125744506717,0.7369607687
1292,0.784271627665,0.060375883244,0.125223085284,0.7490888834
1293,0.794434145093,0.0580462161452,0.130054712296,0.748810470104
1294,0.79559276998,0.0574574517086,0.120272360742,0.738095581532
1295,0.794664785266,0.0586399612948,0.120386585593,0.73414337635
1296,0.796538859606,0.0578440083191,0.126647338271,0.742604613304
1297,0.801493853331,0.0565045680851,0.117337584496,0.732590198517
1298,0.804468542337,0.0556804472581,0.119015492499,0.727290332317
1299,0.799401283264,0.0562080191448,0.118529930711,0.728701889515
1300,0.808565214276,0.0549189737067,0.109884478152,0.724288523197
1301,0.806306526065,0.0546149527654,0.1179163903,0.72010666132
1302,0.798638284206,0.0581446317956,0.112181223929,0.736999571323
1303,0.802845001221,0.0571279209107,0.131824165583,0.751094639301
1304,0.797588512301,0.0583559097722,0.118346005678,0.732430875301
1305,0.80018658936,0.0576054286212,0.121943704784,0.730915367603
1306,0.799243316054,0.0576423648745,0.122362978756,0.742389500141
1307,0.797896072268,0.0579246301204,0.123576380312,0.742592513561
1308,0.790650323033,0.0603462858126,0.121758498251,0.731764912605
1309,0.799155816436,0.0580111490563,0.117012768984,0.733946859837
1310,0.799885749817,0.0573713034391,0.130718275905,0.754454910755
1311,0.800908744335,0.0574659407139,0.118909709156,0.734088420868
1312,0.807348638773,0.055304730311,0.12161770463,0.736163198948
1313,0.801050081849,0.0571586564183,0.112855702639,0.729229211807
1314,0.805553779006,0.0558538604528,0.118870161474,0.728212356567
1315,0.796488553286,0.0599955096841,0.124822616577,0.738923966885
1316,0.80209890008,0.0583089180291,0.116708703339,0.740822851658
1317,0.798287689686,0.0584807805717,0.133631810546,0.745572268963
1318,0.792181506753,0.0607553897426,0.118360422552,0.743389725685
1319,0.783401250839,0.0621061148122,0.132633775473,0.759733617306
1320,0.781352505088,0.0629149107262,0.116160653532,0.737635314465
1321,0.78791283071,0.0618630824611,0.122926816344,0.743053972721
1322,0.786450952291,0.0616237018257,0.110949963331,0.721185624599
1323,0.779784455895,0.0640694368631,0.129393428564,0.754163146019
1324,0.78854611516,0.0618904549628,0.125503689051,0.758310854435
1325,0.785926416516,0.0612810142338,0.134519547224,0.765013754368
1326,0.792529955506,0.0597078949213,0.125039517879,0.760438024998
1327,0.790609076619,0.0601516794413,0.125426024199,0.75228780508
1328,0.794224843383,0.0588785726577,0.126650646329,0.758846402168
1329,0.796630889177,0.0585190597922,0.114610686898,0.734301447868
1330,0.793305799365,0.0597143350169,0.129217252135,0.748805940151
1331,0.803685218096,0.0569114098325,0.111047357321,0.736960470676
1332,0.7998804003,0.0579221276566,0.126932919025,0.740484774113
1333,0.802638620138,0.0568002490327,0.110993698239,0.739676594734
1334,0.809245795012,0.0545841185376,0.123133786023,0.739460766315
1335,0.80294713378,0.0571193741634,0.114117912948,0.736151278019
1336,0.807795420289,0.0561412004754,0.116019867361,0.733599483967
1337,0.811881378293,0.0542113501579,0.122504264116,0.740325033665
1338,0.812656283379,0.0545364897698,0.112609818578,0.734039664268
1339,0.821007743478,0.0517028449103,0.119731195271,0.736304998398
1340,0.811445981264,0.0548929087818,0.114560782909,0.733702421188
1341,0.819301456213,0.0532553009689,0.124154359102,0.753493726254
1342,0.810289427638,0.0559370219707,0.119660280645,0.736349463463
1343,0.808368608356,0.0571407591924,0.122020371258,0.750626146793
1344,0.799330636859,0.0587528944016,0.141239181161,0.776809632778
1345,0.795638456941,0.0598457548767,0.119687601924,0.755467116833
1346,0.786940202117,0.0622374136001,0.127672657371,0.746602594852
1347,0.794564604759,0.0593570265919,0.109482273459,0.733251869678
1348,0.79039169848,0.0613801805303,0.132683560252,0.760901689529
1349,0.796863257885,0.0581826120615,0.126543164253,0.756209671497
1350,0.802515029907,0.0573424519971,0.126132443547,0.751154959202
1351,0.798996508121,0.0582379698753,0.120799019933,0.744412183762
1352,0.805462002754,0.0553100788966,0.124807603657,0.746623575687
1353,0.808051005006,0.0554989725351,0.117086775601,0.74235355854
1354,0.808452486992,0.0549083473161,0.126793637872,0.744324088097
1355,0.804704293609,0.0578512391075,0.111166790128,0.738450467587
1356,0.80695591867,0.0562552483752,0.123732991517,0.743100643158
1357,0.798913657665,0.0591673329473,0.11331128329,0.745647788048
1358,0.799651131034,0.0582301961258,0.13841971755,0.773392081261
1359,0.805662691593,0.0566115463153,0.115464285016,0.75888890028
1360,0.80634650588,0.0557491509244,0.127219885588,0.748387813568
1361,0.810564115644,0.0547740859911,0.11786378175,0.750573277473
1362,0.809634953737,0.0560734514147,0.118870437145,0.747703135014
1363,0.801535665989,0.0580475954339,0.13340947032,0.758284509182
1364,0.808209493756,0.0574833750725,0.111521288753,0.749127388
1365,0.79828093946,0.0590454209596,0.13372990489,0.761444926262
1366,0.799504458904,0.05857637804,0.11498260498,0.751348137856
1367,0.797543227673,0.0592857152224,0.125316008925,0.749303281307
1368,0.804253757,0.0566935939714,0.121454574168,0.757792651653
1369,0.803403407335,0.0575288999826,0.12595205009,0.756579458714
1370,0.804465577006,0.0569054316729,0.121501542628,0.745403945446
1371,0.806537851691,0.056961636059,0.12118177861,0.756171286106
1372,0.800893574953,0.0589813254774,0.129571825266,0.757313966751
1373,0.803194284439,0.0584713993594,0.116866908967,0.752389848232
1374,0.806467294693,0.0562573038042,0.131973326206,0.769381403923
1375,0.810239285231,0.0550250019878,0.116775147617,0.745998203754
1376,0.809416145086,0.0553668504581,0.128106608987,0.75744998455
1377,0.819356501102,0.0528884744272,0.112916514277,0.743785619736
1378,0.811272576451,0.0554803917184,0.132678642869,0.762542009354
1379,0.810250148177,0.0568168004975,0.118406057358,0.749313235283
1380,0.804819434881,0.0590339927003,0.127211168408,0.764585018158
1381,0.80339217186,0.0578660266474,0.126583456993,0.756258428097
1382,0.806933760643,0.0568760158494,0.12273081392,0.764921247959
1383,0.802865371108,0.0568905500695,0.129595577717,0.758785963058
1384,0.810103371739,0.0555559331551,0.11619553715,0.754303395748
1385,0.810554087162,0.0552252782509,0.128568172455,0.758660256863
1386,0.811484992504,0.0546253230423,0.115761682391,0.747177302837
1387,0.805608868599,0.0570626426488,0.12876419723,0.756640136242
1388,0.799490079284,0.060736361891,0.106200426817,0.748090267181
1389,0.792860835791,0.0613093795255,0.14581374824,0.795636713505
1390,0.789513587952,0.0628810543567,0.109110035002,0.753155231476
1391,0.793490543962,0.0610590856522,0.137495934963,0.778683781624
1392,0.798914834857,0.0587448356673,0.114078618586,0.759741425514
1393,0.796556800604,0.0591144803911,0.129901707172,0.769400060177
1394,0.792681068182,0.0607009995729,0.115131095052,0.762439906597
1395,0.801468119025,0.0569702479988,0.127954989672,0.766090154648
1396,0.804802805185,0.0573984067887,0.11966483295,0.766604721546
1397,0.807311549783,0.0559502001852,0.124513663352,0.755489110947
1398,0.815682902932,0.0543622942641,0.110274173319,0.749513506889
1399,0.806831151247,0.0560108469799,0.1344756037,0.769847333431
1400,0.815009266138,0.0546055417508,0.107410162687,0.746591210365
1401,0.81204135716,0.0554417027161,0.130635038018,0.763781189919
1402,0.817663341761,0.0545300161466,0.11071395874,0.751158297062
1403,0.816746965051,0.0541981998831,0.137675225735,0.786557853222
1404,0.811442121863,0.0568117015064,0.112827979028,0.757092654705
1405,0.81162622571,0.0554573908448,0.130958691239,0.771041870117
1406,0.817418530583,0.0542247388512,0.110029920936,0.751709401608
1407,0.815286844969,0.0543214660138,0.129261776805,0.769362330437
1408,0.813400238752,0.0554142035544,0.122652813792,0.769393444061
1409,0.81841622293,0.054373068735,0.125393018126,0.780882716179
1410,0.820176243782,0.0529745556414,0.123315274715,0.765849888325
1411,0.822201967239,0.0524748526514,0.123236238956,0.767097115517
1412,0.818133056164,0.0542074367404,0.123813644052,0.761312603951
1413,0.819527179003,0.0532111823559,0.119818679988,0.763372659683
1414,0.825122743845,0.0519870100543,0.120375983417,0.763815939426
1415,0.825392961502,0.0518222842366,0.123681180179,0.770187616348
1416,0.824250623584,0.0521558513865,0.123782835901,0.768797695637
1417,0.831767499447,0.0507515110075,0.118765711784,0.763459742069
1418,0.821008116007,0.0531981075183,0.121788308024,0.756855666637
1419,0.82999445498,0.0509094130248,0.121632620692,0.767011463642
1420,0.825152754784,0.0516137667,0.119788400829,0.760166168213
1421,0.826847165823,0.0516944499686,0.122847318649,0.766145646572
1422,0.827743873,0.0516985468566,0.122009404004,0.767732203007
1423,0.829485461116,0.0510226665065,0.12146512419,0.765019595623
1424,0.830861091614,0.050413787365,0.122343547642,0.767096757889
1425,0.828878834844,0.0510381534696,0.116297520697,0.759344100952
1426,0.827182605863,0.0519433338195,0.126647517085,0.777804613113
1427,0.82982210815,0.0518604824319,0.114450260997,0.766935348511
1428,0.817971542478,0.0554605266079,0.136458843946,0.796206235886
1429,0.816070869565,0.0556379472837,0.122891195118,0.77972817421
1430,0.820319235325,0.0542316064239,0.130557224154,0.792087495327
1431,0.817999795079,0.0548941716552,0.125091195107,0.784228205681
1432,0.819773390889,0.0537082562223,0.132168367505,0.799280881882
1433,0.812809050083,0.0563843008131,0.128391206264,0.783357918262
1434,0.823528468609,0.0533599816263,0.123150922358,0.793771326542
1435,0.821677953005,0.0529878595844,0.128674760461,0.789790213108
1436,0.82569180429,0.0526756756008,0.11571919173,0.77161437273
1437,0.815376728773,0.055186455138,0.127411410213,0.776873588562
1438,0.824081078172,0.0527507811785,0.117605805397,0.776935994625
1439,0.812128931284,0.0586268408224,0.124141819775,0.779823362827
1440,0.808357670903,0.0578473424539,0.128125190735,0.806198716164
1441,0.809403792024,0.0568990791216,0.137011349201,0.810096025467
1442,0.808006361127,0.0581429461017,0.130216807127,0.811486363411
1443,0.797952443361,0.0600831042975,0.116417914629,0.778710722923
1444,0.797892436385,0.0601389128715,0.130970105529,0.810195863247
1445,0.803950801492,0.057919238694,0.115010514855,0.770199596882
1446,0.813523098826,0.0553500838578,0.115398533642,0.766675889492
1447,0.803693801165,0.058347181417,0.119268283248,0.776742637157
1448,0.818371444941,0.0536496266723,0.113097265363,0.765171527863
1449,0.80715431273,0.0579670928419,0.114938847721,0.766957879066
1450,0.81550167501,0.0554110202938,0.112318076193,0.761880457401
1451,0.814918607473,0.0551272090524,0.118333294988,0.768123030663
1452,0.821881964803,0.0528512569144,0.114347040653,0.76426410675
1453,0.817995518446,0.0545443110168,0.122614882886,0.772363126278
1454,0.821153983474,0.0527143934742,0.122179508209,0.783067405224
1455,0.808637946844,0.0577719556168,0.112841933966,0.77303057909
1456,0.802055120468,0.0601078756154,0.123804688454,0.769818425179
1457,0.802363842726,0.0601352704689,0.11733046174,0.786289274693
1458,0.80008327961,0.0598400253803,0.133559435606,0.792233645916
1459,0.801545068622,0.0590346101671,0.117640681565,0.782706201077
1460,0.811177834868,0.056144470349,0.126781329513,0.790931344032
1461,0.814920827746,0.0544717563316,0.120041199028,0.778043746948
1462,0.82436811924,0.0521359825507,0.121361680329,0.77852678299
1463,0.827099010348,0.0513049326837,0.122424982488,0.771113574505
