epoch,jaccard,loss,val_jaccard,val_loss
0,0.104165537283,7.47053384781,0.142134055495,6.31981468201
1,0.0976996086538,3.91432720423,0.132136493921,3.08212566376
2,0.0949493683875,2.33735379577,0.121440626681,1.9457501173
3,0.0942651573569,1.61921054125,0.119149558246,1.47835600376
4,0.0928135048598,1.24720558524,0.117837674916,1.20620298386
5,0.0912772789598,1.01710060239,0.116480320692,1.02151882648
6,0.0904011875391,0.858644887805,0.115027211607,0.887335419655
7,0.0890254750848,0.745030328631,0.113551184535,0.788486003876
8,0.0865734890103,0.6625020504,0.112074412405,0.715157866478
9,0.087447764352,0.604506403208,0.110618323088,0.662731230259
10,0.0859478469938,0.56114178896,0.109152242541,0.623487591743
11,0.0846919827163,0.528976231813,0.107676677406,0.591699004173
12,0.0834817662835,0.502602458,0.106203556061,0.565738081932
13,0.0823815818876,0.482276536524,0.10474781692,0.544564604759
14,0.0823388658464,0.472896918654,0.103348664939,0.533902406693
15,0.0819465648383,0.476732090116,0.10199405998,0.548802316189
16,0.080852586776,0.48979409039,0.100639484823,0.550530314445
17,0.0799764469266,0.487480953336,0.0993330851197,0.53655475378
18,0.0795537419617,0.470759093761,0.0980111137033,0.518599152565
19,0.0797084309161,0.454809717834,0.0967034697533,0.502091050148
20,0.0790446642786,0.439540602267,0.0954398885369,0.488257199526
21,0.0797990038991,0.427069678903,0.0942168533802,0.476906567812
22,0.0817413870245,0.417276799679,0.0929788500071,0.46770760417
23,0.0832861084491,0.41170860827,0.0917533487082,0.461356878281
24,0.0788865778595,0.41014893353,0.0905961990356,0.460642546415
25,0.0732467062771,0.41190662235,0.08953679353,0.461279481649
26,0.0723455063999,0.411332413554,0.0885444581509,0.45872682333
27,0.0716779660434,0.407814726233,0.0875858590007,0.453171908855
28,0.0708091706038,0.401593536139,0.0866550505161,0.446580082178
29,0.0702175535262,0.395396530628,0.0857833698392,0.440585643053
30,0.0695491638035,0.390006229281,0.0849716588855,0.435883790255
31,0.0870344918221,0.438672438264,0.0840822979808,0.440894603729
32,0.0704857520759,0.437033198774,0.0834724456072,0.486052662134
33,0.0713355718181,0.463392049074,0.0828882306814,0.533964514732
34,0.0708335684612,0.504391700029,0.0822901949286,0.563672602177
35,0.0707748532295,0.525572925806,0.0817138254642,0.574858188629
36,0.0697444081306,0.531042270362,0.0810913965106,0.573558926582
37,0.0689339796081,0.525802098215,0.0804958194494,0.564912199974
38,0.0682941358536,0.514358460903,0.0799335688353,0.552258193493
39,0.0672091823071,0.500278636813,0.0793846398592,0.538145780563
40,0.0667052222416,0.486373662949,0.0788683742285,0.525312721729
41,0.0666157416999,0.474494569004,0.0783439278603,0.514070808887
42,0.0663644848391,0.462768778205,0.0778505802155,0.502254605293
43,0.0658639781177,0.45089327544,0.0773794203997,0.491046518087
44,0.0655355025083,0.440572150052,0.0769548043609,0.482383042574
45,0.0653976779431,0.432448476553,0.0765903219581,0.475188583136
46,0.0648691225797,0.425091609359,0.0762275755405,0.467954933643
47,0.0646972153336,0.418156802654,0.0758922770619,0.462336182594
48,0.0652847131714,0.412838608027,0.0756032988429,0.457601219416
49,0.0639877440408,0.408751934767,0.075329169631,0.453128218651
50,0.0641767485067,0.403621166945,0.0750646367669,0.449319243431
51,0.0640465421602,0.399912022054,0.0748600289226,0.446109116077
52,0.0654080361128,0.396013498306,0.0747833102942,0.443119674921
53,0.0655059721321,0.392908908427,0.0755558088422,0.440189421177
54,0.0665388964117,0.389471165836,0.0782135203481,0.437623620033
55,0.0679237274453,0.387524098158,0.0777973979712,0.435783803463
56,0.0636499905959,0.387361370027,0.0766660794616,0.435059785843
57,0.0691417567432,0.415459491313,0.0777513533831,0.460808515549
58,0.0619580438361,0.440700016916,0.074450276792,0.507372379303
59,0.0640965038911,0.470080286264,0.0742765292525,0.525785624981
60,0.0671102814376,0.479088619351,0.0740571469069,0.522917807102
61,0.0660721892491,0.472223207355,0.0732148066163,0.513788878918
62,0.064877551049,0.46237244457,0.0730893686414,0.504261910915
63,0.0641295202076,0.452422872186,0.0729920491576,0.495205581188
64,0.0629751207307,0.444141879678,0.0729050114751,0.487125903368
65,0.0622099349275,0.43684528023,0.0727756172419,0.481868684292
