epoch,jaccard,loss,val_jaccard,val_loss
0,0.102696593851,0.767348796129,0.120182797313,0.651120245457
1,0.102544566616,0.615797385573,0.11968242377,0.600624799728
2,0.101636096835,0.585008472204,0.118490949273,0.589256286621
3,0.100696990266,0.576712220907,0.117970056832,0.58449357748
4,0.0999780390412,0.572673797607,0.117837883532,0.581332027912
5,0.100061826408,0.569535434246,0.117995522916,0.578560829163
6,0.100216332823,0.566616952419,0.118190534413,0.576105952263
7,0.100620267913,0.564004197717,0.118344582617,0.573769807816
8,0.100664408877,0.561331406236,0.118479892612,0.571571290493
9,0.101053189486,0.558864831924,0.118778057396,0.5695053339
10,0.10187937133,0.556640788913,0.118984855711,0.567791044712
11,0.10204064101,0.554453581572,0.118915572762,0.565931618214
12,0.102128392085,0.552254855633,0.119005076587,0.564176261425
13,0.102941708639,0.550078034401,0.119213603437,0.562616944313
14,0.102816632017,0.547768875957,0.119306750596,0.561207830906
15,0.103877531365,0.545493781567,0.119525976479,0.55966168642
16,0.105643101037,0.542946994305,0.119302198291,0.558383703232
17,0.106107521802,0.54053452611,0.119484066963,0.556832313538
18,0.10723933205,0.537949278951,0.120120070875,0.557001471519
19,0.107544515282,0.536284551024,0.119779311121,0.554676711559
20,0.108401771635,0.533700734377,0.118858061731,0.552793204784
21,0.108851501718,0.531620815396,0.119809664786,0.553247869015
22,0.109640827402,0.530210092664,0.119313575327,0.550439715385
23,0.109897449613,0.527561992407,0.12061855197,0.551284372807
24,0.111761784181,0.525002524257,0.120074957609,0.549543261528
25,0.11370530352,0.522505894303,0.119726479053,0.547641992569
26,0.113747086376,0.519961178303,0.120492391288,0.546986818314
27,0.116274410859,0.517300620675,0.119778066874,0.545823097229
28,0.11782999523,0.51467640698,0.119707427919,0.544896304607
29,0.118283791468,0.512008875608,0.120159424841,0.54490095377
30,0.120286243036,0.509450256824,0.120041519403,0.545151174068
31,0.121082101017,0.507455892861,0.120869323611,0.545780599117
32,0.122629566118,0.504818670452,0.120163418353,0.544004321098
33,0.123084908351,0.502461068332,0.120557822287,0.542840361595
34,0.125894192606,0.500211589038,0.119224190712,0.54102987051
35,0.125834630802,0.498200468719,0.120111338794,0.541446447372
36,0.126823741943,0.49623902142,0.120033875108,0.541018843651
37,0.128371512517,0.493692263961,0.120241582394,0.539742052555
38,0.12984851189,0.491630412638,0.119181111455,0.536593556404
39,0.12944438681,0.489794641733,0.120141878724,0.53773522377
40,0.13248988241,0.486821457744,0.118955247104,0.534422457218
41,0.133152732626,0.484401762486,0.11985462904,0.537056803703
42,0.136004481465,0.481494739652,0.119787849486,0.536358475685
43,0.137337747961,0.47891227901,0.119469292462,0.535721600056
44,0.139549016953,0.476299449801,0.119376309216,0.535643815994
45,0.14069207944,0.473662801087,0.119628049433,0.535453796387
46,0.14256131649,0.471159309149,0.118888638914,0.533333063126
47,0.14319755882,0.469279944897,0.119879767299,0.536309301853
48,0.143868641928,0.46754604578,0.121505476534,0.540259838104
49,0.145624211058,0.46619630605,0.119120389223,0.532363414764
50,0.145060699433,0.465099729598,0.118689283729,0.529652535915
51,0.145400065929,0.463240511715,0.118173055351,0.528887033463
52,0.145391602069,0.460804499686,0.120346732438,0.53398835659
53,0.147758804262,0.458179876208,0.120540820062,0.533747911453
54,0.150559999049,0.455488547683,0.118785955012,0.528526544571
55,0.153018169105,0.452751599252,0.119759835303,0.529588520527
56,0.153866287321,0.450580745935,0.118697337806,0.526537179947
57,0.155511006713,0.448210351169,0.118296682835,0.525739014149
58,0.156211445108,0.445439867675,0.118406765163,0.524463832378
59,0.158429484814,0.443411722779,0.119074888527,0.528641223907
60,0.161120202392,0.440804615617,0.120102144778,0.531459927559
61,0.163247469813,0.438789479434,0.117769651115,0.522649109364
62,0.161971319467,0.437203608453,0.118078142405,0.521581292152
63,0.163670051843,0.435159578919,0.119216263294,0.526648759842
64,0.16468667984,0.433189071715,0.119358114898,0.528893530369
65,0.167095210403,0.430838510394,0.11900497973,0.528460919857
66,0.16796438396,0.428533941507,0.119433067739,0.529233038425
67,0.170821461827,0.426061764359,0.118067614734,0.526480436325
68,0.170950636268,0.424180835485,0.118804953992,0.525461494923
69,0.172244548798,0.421749517322,0.117886707187,0.524916410446
70,0.17494449392,0.419521406293,0.118204839528,0.523852109909
71,0.175614379346,0.417385846376,0.118155926466,0.528582811356
72,0.1781434156,0.415066733956,0.118348762393,0.5274528265
73,0.179160024971,0.41340649873,0.117813140154,0.52437210083
74,0.180794231594,0.410864375532,0.117722138762,0.522197306156
75,0.182142373174,0.408964253962,0.117700479925,0.523982644081
76,0.183194991201,0.406994000077,0.118057437241,0.525117814541
77,0.185335230082,0.404459960759,0.117869198322,0.523769617081
78,0.187085885555,0.402260608971,0.117053411901,0.519421756268
79,0.188331179321,0.400134451687,0.117236532271,0.52113956213
80,0.18947622925,0.398229166865,0.117897048593,0.528909623623
81,0.191637489945,0.396279990673,0.116127677262,0.517357587814
82,0.191692810506,0.393977694213,0.11832228303,0.527590215206
83,0.19465168193,0.392884641886,0.11470901221,0.511853039265
84,0.191008210182,0.391830667853,0.119137175381,0.53623509407
85,0.195679329336,0.39080696553,0.115761600435,0.514159142971
86,0.195842988789,0.38780850172,0.115737341344,0.515882849693
87,0.1959483549,0.385760553181,0.116675831378,0.520501315594
88,0.197986390442,0.384260989726,0.118029311299,0.529891252518
89,0.201927855611,0.382284365594,0.115060605109,0.514072656631
90,0.201031271368,0.380527555943,0.114953689277,0.510779976845
91,0.200043037534,0.378984466195,0.117199987173,0.523770391941
92,0.204579059035,0.376643761992,0.116146415472,0.522530376911
93,0.205265741795,0.375139676034,0.114349506795,0.509183943272
94,0.205412898213,0.3731880337,0.116521954536,0.519515812397
95,0.208386972547,0.371086925268,0.116653069854,0.52606010437
96,0.210203997791,0.369319401681,0.115661859512,0.514608383179
97,0.210813317448,0.367393702269,0.115529976785,0.518897593021
98,0.21190822497,0.365461967885,0.114788457751,0.512649297714
99,0.213355995715,0.36340585351,0.11480627954,0.511920809746
100,0.213226996362,0.362159729004,0.117027655244,0.527507305145
101,0.216630414128,0.360975943506,0.114468477666,0.511724531651
102,0.216045875102,0.359055310488,0.114985235035,0.514469981194
103,0.218489833176,0.357334554195,0.114913783967,0.515656590462
104,0.219148389995,0.355684056878,0.114503510296,0.512277066708
105,0.220649853349,0.353828497231,0.115548364818,0.519127190113
106,0.222436882555,0.352636218071,0.11331269145,0.508549153805
107,0.220027539879,0.351596467197,0.116193212569,0.524290621281
108,0.223925851285,0.349870741367,0.113599762321,0.508729577065
109,0.223209790885,0.348450832069,0.115344673395,0.521746516228
110,0.22577143088,0.347446411848,0.114776588976,0.515651583672
111,0.22668986395,0.345190674067,0.113151818514,0.504321277142
