epoch,jaccard,loss,val_jaccard,val_loss
0,0.100711278617,0.630227550864,0.123878419399,0.689089357853
1,0.0978336874396,0.535599812865,0.123229131103,0.676145017147
2,0.0972545444965,0.52542348206,0.122729852796,0.665892779827
3,0.096750959754,0.520313963294,0.122252032161,0.656427502632
4,0.0963611137122,0.516882404685,0.121793940663,0.647592663765
5,0.0963553376496,0.514350794256,0.121360011399,0.639419794083
6,0.0964537654072,0.512126490474,0.1209403947,0.632017672062
7,0.0958347842097,0.510452032089,0.120550371706,0.625410079956
8,0.0959392860532,0.508656062186,0.120185993612,0.619410216808
9,0.0955749899149,0.5072497949,0.119825027883,0.613792955875
10,0.0960102789104,0.505852974951,0.11948376894,0.608308553696
11,0.0960085205734,0.504724383354,0.119136050344,0.602784216404
12,0.0953798275441,0.503449268639,0.118796311319,0.597515046597
13,0.0957934129983,0.502195082605,0.118441864848,0.592365920544
14,0.0961697567254,0.501138284802,0.118082076311,0.587195694447
15,0.0959530118853,0.500042654574,0.117755882442,0.582560956478
16,0.0961884744465,0.49880297482,0.117414928973,0.57799333334
17,0.0956320445985,0.49783179909,0.117101356387,0.573777258396
18,0.0960182063282,0.497125528753,0.116774141788,0.569643557072
19,0.095736252144,0.496005520225,0.116465739906,0.565689742565
20,0.0961598623544,0.495020598173,0.11619015038,0.562266767025
21,0.096448160708,0.493842624128,0.115908436477,0.558912158012
22,0.0963113345206,0.492894753814,0.11564604193,0.55567663908
23,0.0960749480873,0.491810418665,0.115392461419,0.552680850029
24,0.0967110544443,0.490718320012,0.115131311119,0.549543619156
25,0.0973495803773,0.489571087062,0.114901602268,0.546577751637
26,0.0977035723627,0.488413482904,0.114732347429,0.544083893299
27,0.0986292120069,0.487222991884,0.114433646202,0.541374027729
28,0.0986105222255,0.486236944795,0.114249318838,0.538559854031
29,0.0996529925615,0.484925121069,0.114007145166,0.536658704281
30,0.10023217462,0.483377285302,0.113785378635,0.533669650555
31,0.101664178073,0.481419056654,0.11353623867,0.531046926975
32,0.103065604344,0.480013050139,0.113674849272,0.529516637325
33,0.103751562536,0.478674843907,0.113395310938,0.52701485157
34,0.106083130464,0.476048775017,0.112921446562,0.524413406849
35,0.108319845051,0.474039845169,0.11313085258,0.52410620451
36,0.110143532977,0.471084170043,0.113479018211,0.521321594715
37,0.112977528945,0.469086073339,0.113287210464,0.520023405552
38,0.115017006174,0.466878354549,0.114288985729,0.521363139153
39,0.117135450244,0.464727379382,0.118803657591,0.540491759777
40,0.116964299232,0.463340424001,0.113150000572,0.51232278347
41,0.119032843038,0.462151244283,0.112564720213,0.509312570095
42,0.11752448231,0.462035469711,0.111969783902,0.506133258343
43,0.119733924046,0.458622664213,0.1122899279,0.505728542805
44,0.12422693707,0.455568946898,0.117547936738,0.515506982803
45,0.12078059651,0.456198967993,0.113304048777,0.502483129501
46,0.120526898652,0.456369027495,0.116440080106,0.512004494667
47,0.126819875091,0.450771167874,0.118576399982,0.516332387924
48,0.125744760036,0.451102986932,0.111110128462,0.497941166162
49,0.12660007365,0.448806807399,0.115415267646,0.503686189651
50,0.126924481243,0.447101682425,0.11586086452,0.499110400677
51,0.129882480949,0.446143768728,0.121237054467,0.515804052353
52,0.125261247158,0.450740881264,0.115191526711,0.496266782284
53,0.128791775554,0.44265666604,0.117451407015,0.496583163738
54,0.133336249739,0.44160490483,0.120444975793,0.506101846695
55,0.131130183116,0.44129166007,0.122547067702,0.512267112732
56,0.135317035019,0.43744686991,0.118267640471,0.497419476509
57,0.134734136984,0.43753387779,0.11591283977,0.488181948662
58,0.135499717668,0.435514725745,0.11651917547,0.493047386408
59,0.132304906845,0.437382742763,0.113509520888,0.482620865107
60,0.134044714272,0.435600332916,0.121365942061,0.494889259338
61,0.13685243018,0.433223128319,0.120737910271,0.491539955139
62,0.136332724243,0.433343760669,0.120294936001,0.492408752441
63,0.138417351991,0.430118203163,0.122178182006,0.497234791517
64,0.141035053879,0.427530705929,0.122828535736,0.497018486261
65,0.136129144579,0.429853037,0.124492928386,0.495555818081
66,0.139674706385,0.427771508694,0.124972812831,0.50022572279
67,0.134908882901,0.431134968996,0.122926287353,0.490594863892
68,0.140160903335,0.424147672951,0.125304043293,0.494731873274
69,0.142788691446,0.423840068281,0.123129241168,0.49456563592
70,0.143019687384,0.42140737921,0.122170470655,0.487136393785
71,0.142924696207,0.42065320909,0.120780259371,0.481644004583
72,0.145598407835,0.419193677604,0.123700931668,0.490871429443
73,0.142392043024,0.421000055969,0.124142684042,0.490499824286
74,0.139945348725,0.422786280513,0.119917355478,0.478400617838
75,0.141865652055,0.41671422869,0.12481252104,0.480338662863
76,0.145975304767,0.416820421815,0.125933334231,0.485870748758
77,0.144803065807,0.415404468775,0.12815579772,0.488807678223
78,0.146143309772,0.413481086493,0.128277227283,0.484277844429
79,0.148710288107,0.412285812199,0.126703053713,0.480123341084
80,0.149061571807,0.41141268611,0.126244291663,0.478822439909
81,0.146599955857,0.411460116506,0.13058643043,0.488620489836
82,0.140586316586,0.418843612075,0.125907301903,0.479634702206
83,0.147892897949,0.407030664384,0.130285352468,0.48430454731
84,0.155319228768,0.405431456864,0.126813024282,0.480238974094
85,0.150823887438,0.405193530023,0.131574958563,0.491049766541
86,0.15094364807,0.404173970222,0.133297473192,0.49262830615
87,0.146789316088,0.409422777593,0.128212809563,0.476807892323
88,0.148604238406,0.407421968877,0.12512601912,0.471085816622
89,0.155355509371,0.399476632476,0.126674741507,0.474088490009
90,0.156551394612,0.398921310902,0.12536033988,0.470112264156
91,0.152638901025,0.40193836391,0.125378265977,0.469509392977
92,0.156966492534,0.39757758379,0.12527346611,0.47039732337
93,0.152939602733,0.399462468922,0.127137005329,0.469526410103
94,0.15514755249,0.397924132645,0.126076191664,0.469498753548
95,0.158832129091,0.392459996045,0.132556661963,0.479668200016
96,0.154932498932,0.395214945078,0.134178265929,0.480459004641
97,0.160340294242,0.393866471946,0.127876967192,0.474270761013
98,0.15207054466,0.39923581481,0.124684087932,0.46448418498
99,0.159874390811,0.390023902059,0.126722276211,0.466526150703
100,0.159744624048,0.389850519598,0.131268769503,0.472951948643
101,0.157878324389,0.392808578908,0.128742411733,0.46809348464
102,0.161628343165,0.387763164937,0.1286829561,0.465390086174
103,0.158561717719,0.391037106514,0.126432940364,0.466219067574
104,0.161619942635,0.385826051235,0.128859043121,0.468069255352
105,0.161376729608,0.384974770248,0.132826134562,0.474150449038
106,0.164852619171,0.384267613292,0.129963055253,0.471829682589
107,0.164934925735,0.383708082139,0.126028701663,0.471145510674
108,0.160988010466,0.382148675621,0.139106422663,0.490834057331
109,0.165291640908,0.381583862007,0.137387037277,0.48190125823
110,0.163269486278,0.383995600045,0.130167037249,0.466311842203
111,0.166410092264,0.37853486836,0.13101683557,0.470268815756
112,0.16821750626,0.377749465406,0.13217240572,0.476648926735
113,0.166370376945,0.377535797656,0.134826242924,0.481222569942
114,0.165251225233,0.380272373557,0.12550868094,0.461643815041
115,0.165525987744,0.37678091228,0.128639474511,0.460673630238
116,0.171267386526,0.37278123945,0.128503590822,0.462659150362
117,0.171636410058,0.371504604816,0.133774280548,0.474656224251
118,0.171579185873,0.371254257858,0.131429746747,0.466472893953
119,0.167458485812,0.373721316457,0.134005114436,0.471372276545
120,0.173060726374,0.37059853971,0.129134267569,0.461199074984
121,0.170413911343,0.368474252522,0.140645653009,0.487382680178
122,0.174796327949,0.367901429534,0.135266900063,0.4702013731
123,0.171937536448,0.369560994208,0.131192982197,0.463582962751
124,0.174113336951,0.366905197501,0.126122280955,0.454282939434
125,0.165673788637,0.371186979115,0.137085318565,0.475902080536
126,0.178870148957,0.363613009453,0.129515737295,0.464488714933
127,0.17169944942,0.363765381277,0.142953500152,0.508703887463
128,0.17250469327,0.368879750371,0.130793452263,0.466575562954
129,0.169969193637,0.3675179407,0.126240760088,0.45880278945
130,0.173748753965,0.360508993268,0.138569459319,0.482734501362
131,0.182528268546,0.357340782881,0.132889851928,0.466958880424
132,0.179563559592,0.358572848141,0.134095340967,0.474894791842
133,0.176651615649,0.361979976296,0.125184640288,0.450545221567
134,0.17926831916,0.355688013136,0.129180088639,0.454334259033
135,0.180265214294,0.356860004365,0.129183843732,0.45587721467
136,0.183527018875,0.351512111723,0.133150488138,0.46135148406
137,0.178333446383,0.356926426291,0.135028973222,0.473976016045
138,0.178400881588,0.355075359344,0.14084815979,0.492840141058
139,0.1804459095,0.356136098504,0.13351804018,0.46277230978
140,0.184307020158,0.349275372922,0.142471328378,0.486102372408
141,0.176460877061,0.358459077775,0.136970072985,0.497174561024
142,0.179755736142,0.353678584099,0.130823537707,0.458649426699
143,0.183117374778,0.350546531379,0.127458110452,0.456007033587
144,0.18119957298,0.350859880447,0.132584527135,0.461835294962
145,0.185137122869,0.348015196621,0.131063520908,0.457866609097
146,0.184317238629,0.346911773086,0.136824578047,0.474820792675
147,0.19038637355,0.342772394419,0.136771574616,0.472948640585
148,0.194781661034,0.340926237404,0.127197951078,0.448775351048
149,0.186260208488,0.344435922801,0.12754380703,0.449221998453
150,0.188175484538,0.341876417398,0.135266050696,0.465858906507
151,0.195405431092,0.336906813085,0.13713209331,0.47094103694
152,0.189619559795,0.340530067682,0.142294064164,0.488730460405
153,0.182528432459,0.349075891078,0.138846129179,0.478639483452
154,0.193093642592,0.33822530508,0.129596695304,0.453028291464
155,0.190289419144,0.337615527213,0.138187333941,0.473131835461
156,0.187947098166,0.343352526426,0.128815412521,0.451823502779
157,0.198083981872,0.331152208149,0.131104066968,0.455648988485
158,0.190449208021,0.339677490294,0.130121767521,0.449134707451
159,0.188059229404,0.337147936225,0.137322947383,0.47542282939
