epoch,jaccard,loss,val_jaccard,val_loss
0,0.0609041941352,0.731450945139,0.0545605886728,0.569931864738
1,0.0600975085981,0.580184534192,0.0538546238095,0.514899104834
2,0.0597293609753,0.536792568862,0.0529392212629,0.497008800507
3,0.0597804537974,0.517451968044,0.0539143308997,0.485636860132
4,0.0604318454862,0.505725950003,0.0540204718709,0.477642282844
5,0.0610031560063,0.496791005135,0.0553031284362,0.471502497792
6,0.061834985856,0.48956278339,0.0553493835032,0.465841904283
7,0.0618157465942,0.483618747443,0.0556286145002,0.460763201118
8,0.0619483054616,0.478074245155,0.0564178712666,0.455609619617
9,0.0634376122616,0.472574945539,0.0576239805669,0.450488075614
10,0.0636642351747,0.468025270849,0.0578664783388,0.445700526237
11,0.0636434480548,0.463100571185,0.0584123767912,0.441854476929
12,0.0642062271945,0.458944823593,0.057990565896,0.437316536903
13,0.0648709237576,0.45460736379,0.0598909389228,0.43295198679
14,0.064692675136,0.450290471315,0.0600888580084,0.428723409772
15,0.0662320498377,0.446020506322,0.0609307922423,0.424144297838
16,0.0660884440877,0.442100152373,0.0631743278354,0.421128034592
17,0.0676446245052,0.437768466771,0.0621048212051,0.416541963816
18,0.0679601812735,0.434465583414,0.0623615942895,0.412622332573
19,0.0655157906003,0.431577458978,0.0630575772375,0.409323900938
20,0.066273634322,0.427885346115,0.0639578774571,0.406216755509
21,0.0677104783244,0.424168344587,0.064583523199,0.402310833335
22,0.0679831029847,0.420521169901,0.0657923165709,0.399461343884
23,0.0680211449508,0.418189823627,0.0580422990024,0.398099139333
24,0.0658230618574,0.415289543569,0.0658345408738,0.393992856145
25,0.0665145888925,0.412337709218,0.0661762934178,0.389787867665
26,0.0686075473204,0.408406272531,0.0629832912236,0.387294232845
27,0.0697633917443,0.405049301684,0.0663712769747,0.38391149044
28,0.0668788715266,0.402819387615,0.0681347250938,0.381258830428
29,0.0693004797213,0.399763323367,0.0627765581012,0.378520518541
30,0.0692672021687,0.396597497165,0.0668845847249,0.375290006399
31,0.0697459708899,0.39320307225,0.0684400089085,0.372227862477
32,0.0711391461082,0.39043552056,0.0672907270491,0.369726553559
33,0.0713708112016,0.387497063726,0.0696600191295,0.366705879569
34,0.0706553291529,0.384908244014,0.0687592960894,0.36431722343
35,0.0710625573993,0.382890257984,0.0697724707425,0.361729979515
36,0.0715740458108,0.379568919539,0.0702387802303,0.35912078619
37,0.0728500508703,0.376757610589,0.0679392311722,0.35620392859
38,0.073271593079,0.37409446761,0.0688375644386,0.353507995605
39,0.0730946189724,0.371619168669,0.0720455944538,0.351416498423
40,0.0726283635013,0.369848225266,0.0673778895289,0.349137187004
41,0.0729220211506,0.367083024234,0.0711914524436,0.348100110888
42,0.0733020347543,0.364839609712,0.0684807412326,0.344059169292
43,0.072730680462,0.362299542874,0.0709893368185,0.341556459665
44,0.0746325477958,0.359610408545,0.0721578150988,0.33953525126
45,0.0737592931837,0.357960727066,0.0703388378024,0.337246447802
46,0.0743617098778,0.355307359248,0.0732164718211,0.33472147584
47,0.0750009557232,0.35310645774,0.0718812048435,0.332667067647
48,0.0748309125192,0.351232651621,0.0719133205712,0.330579355359
49,0.0750093427487,0.348685983568,0.0713707394898,0.328176945448
50,0.0757413278334,0.346527963877,0.0708825141191,0.326039209962
51,0.0735301575623,0.345063731074,0.0727689452469,0.324286997318
52,0.0765999900177,0.342497892678,0.0705937631428,0.32245644927
53,0.0770609984174,0.340038683265,0.0747050121427,0.320221334696
54,0.0772846494801,0.338292084634,0.075887683779,0.318066939712
55,0.0746978735551,0.337211936712,0.0766783505678,0.315960869193
56,0.0782063510269,0.333609912544,0.0754461139441,0.313911736012
57,0.077535781078,0.332128789276,0.0753957144916,0.311843156815
58,0.0787064130418,0.330233100802,0.0738276392221,0.309956669807
59,0.0759430765174,0.330036967993,0.0703436508775,0.30991089344
60,0.0766820930876,0.327857531607,0.0777774900198,0.307613417506
61,0.0764038572088,0.325516991317,0.0759967938066,0.305318593979
62,0.077938306611,0.32389921695,0.07110144943,0.304248631001
63,0.0801349896938,0.321328036487,0.0770561248064,0.301027238369
64,0.0754322425928,0.32055022195,0.0803416706622,0.299853980541
65,0.0802309587598,0.317654646933,0.0780981332064,0.298651412129
66,0.0799436429515,0.316273994744,0.0774406604469,0.296025216579
67,0.0808601416647,0.314058318734,0.07788977772,0.294693365693
68,0.0801602359861,0.312875010073,0.0753304809332,0.292937383056
69,0.0808163741603,0.310921527445,0.0795599892735,0.291533976793
70,0.0818085260689,0.309235718101,0.0763791687787,0.28975777328
71,0.0806576339528,0.308326091617,0.0757382288575,0.288503780961
72,0.0812395778485,0.306783962995,0.0777603164315,0.286484748125
73,0.0800477182493,0.304607290775,0.0809288918972,0.284545585513
74,0.0827862718143,0.302922233939,0.0798466429114,0.283836141229
75,0.083486338146,0.301171176136,0.0777494423091,0.282320037484
76,0.0823571039364,0.299673445523,0.085944570601,0.281260326505
77,0.0830850838684,0.298372294754,0.0834126695991,0.279964402318
78,0.0848603378981,0.296925973147,0.0794005915523,0.277986332774
79,0.0801010769792,0.296867441386,0.0806704051793,0.276595801115
80,0.0857923673466,0.294234611094,0.0790930092335,0.275996759534
81,0.0828966330737,0.293026871979,0.0828829556704,0.273971706629
82,0.0864895712584,0.290782067925,0.0801129601896,0.273088157177
83,0.0853874385357,0.289380170405,0.0844176113605,0.271448984742
84,0.0855702664703,0.288275446743,0.0841423124075,0.269754469395
85,0.0870276307687,0.28684739396,0.0849747359753,0.269385561347
86,0.0850792024285,0.28612613678,0.0842637345195,0.267136260867
87,0.0865561589599,0.284425299615,0.0821692943573,0.266418337822
88,0.0870652631857,0.283670019358,0.0794986896217,0.265149876475
89,0.0879249107093,0.281554989517,0.0834287516773,0.264189600945
90,0.0866642300971,0.281164959073,0.0831302963197,0.26207062602
91,0.088228777051,0.278964485973,0.0906441025436,0.26208050549
92,0.0862697442062,0.278620272875,0.089794151485,0.260374769568
93,0.086701836437,0.27813285403,0.0841492749751,0.258618593216
94,0.091194966808,0.27595095709,0.0786799415946,0.258892789483
95,0.0880942512304,0.27522467263,0.087928455323,0.256871700287
96,0.0885050706565,0.273472651839,0.0876031592488,0.255011752248
97,0.0907971924171,0.271690083668,0.0888029225171,0.255068719387
98,0.0898027652875,0.271411903203,0.0860984511673,0.254227936268
99,0.0908001987264,0.269782498479,0.0893430188298,0.252431839705
100,0.0894895661622,0.270136186853,0.086600702256,0.252741977572
101,0.0853724339977,0.269429294392,0.0905766524374,0.250676058233
102,0.0908896429464,0.267356244847,0.0881384536624,0.249074220657
103,0.0933652138337,0.265439970419,0.0843037590384,0.249481163919
104,0.0908670602366,0.265487477183,0.0920955240726,0.247923001647
105,0.0899800769985,0.263789428398,0.0902296379209,0.246098101139
106,0.0935134245083,0.262524439022,0.0861153714359,0.245264001191
107,0.0947889746167,0.261128675193,0.086604680866,0.245608441532
108,0.0923705799505,0.260388694704,0.0912007726729,0.24290869385
109,0.0929655153304,0.258890746161,0.095035456121,0.242948628962
110,0.095842031762,0.257814334705,0.0883931443095,0.241045348346
111,0.0963743608445,0.257928717881,0.0838738232851,0.241313956678
112,0.0889664329588,0.257116030902,0.097455881536,0.241004996002
113,0.0941141126677,0.256686253473,0.0909711122513,0.239636510611
114,0.0963018517941,0.254680262879,0.0871306397021,0.238352298737
115,0.0940931187943,0.254184402525,0.0910093337297,0.237611435354
116,0.091188704595,0.254156373441,0.0996455736458,0.237785257399
117,0.0943155074492,0.253241894767,0.089940212667,0.23499417305
118,0.0969701651484,0.252160526812,0.0892539061606,0.2341241166
119,0.0949951307848,0.250102635473,0.0955710932612,0.233852729201
120,0.0958760725334,0.249976474792,0.0896198600531,0.232802592218
121,0.0943470690399,0.248852092773,0.0970733202994,0.233172245324
122,0.0998048679903,0.24719995819,0.0905176326632,0.23088516295
123,0.0982537157834,0.247049124911,0.0859155543149,0.232002146542
124,0.0930297225714,0.247315583751,0.0995208099484,0.229933835566
