epoch,jaccard,loss,val_jaccard,val_loss
0,0.104782061651,0.850431621075,0.0799103751779,0.782763957977
1,0.10555170849,0.762173682451,0.0790551453829,0.650385558605
2,0.103479236364,0.660306096077,0.0755190402269,0.557178914547
3,0.100491350517,0.59013928473,0.0739087611437,0.522609651089
4,0.0989996083081,0.557331681252,0.0734906345606,0.510088920593
5,0.0985762663186,0.542566031218,0.073200494051,0.504556298256
6,0.0980484467,0.535169541836,0.0729542225599,0.500755131245
7,0.0975938364863,0.530619814992,0.0727707669139,0.497752696276
8,0.0974522382021,0.526860937476,0.0726406350732,0.495178282261
9,0.0970533527434,0.524130493402,0.0726020783186,0.492839068174
10,0.0969265270978,0.521657213569,0.0726187750697,0.490531682968
11,0.0971610601991,0.519215390086,0.0726425498724,0.488190412521
12,0.0966945718974,0.517104402184,0.0726805627346,0.485992968082
13,0.0969818979502,0.514933586121,0.0727288126945,0.483928143978
14,0.0969823542982,0.512931838632,0.0728061795235,0.48185184598
15,0.0967130605131,0.511160649359,0.0728620588779,0.479835122824
16,0.0973520465195,0.509102553129,0.0729228258133,0.477832823992
17,0.0972536839545,0.507153294981,0.0730572417378,0.475802481174
18,0.0977098159492,0.504869937897,0.0731947124004,0.473813444376
19,0.0973278023303,0.502809502184,0.0734565705061,0.471889287233
20,0.0984746646136,0.500863082707,0.0736502110958,0.470090448856
21,0.0992856808007,0.498920470476,0.0738777071238,0.468226999044
22,0.098964009434,0.497082345188,0.0738758891821,0.466355264187
23,0.0996505469084,0.495095223188,0.0739447027445,0.464887320995
24,0.100136548281,0.493096590042,0.0741252824664,0.462552934885
25,0.100680608302,0.490796998143,0.0745159313083,0.460372537374
26,0.101189553738,0.488575153053,0.074800349772,0.458339571953
27,0.101927416399,0.48675018549,0.0751122236252,0.457325220108
28,0.103266602382,0.484490036964,0.0759753137827,0.454959392548
29,0.102915685624,0.483015082777,0.0760008469224,0.452546089888
30,0.102013722062,0.481890581548,0.0761806443334,0.451921284199
31,0.103235090151,0.479598902166,0.0763701424003,0.448920428753
32,0.104407889768,0.477355547249,0.0776321962476,0.447711378336
33,0.105031499639,0.475561730564,0.0776169672608,0.445419758558
34,0.106442647055,0.473050996661,0.0786181464791,0.444593697786
35,0.107331266627,0.471734046936,0.0780701562762,0.442592054605
36,0.106213705614,0.469800569117,0.0785588771105,0.440905749798
37,0.108228595927,0.467612892389,0.0801437944174,0.440570920706
38,0.109808815643,0.466183170676,0.0798411518335,0.437937676907
39,0.108470933512,0.464440196753,0.0802433416247,0.436404764652
40,0.1095674932,0.462538227439,0.0812409743667,0.434490412474
41,0.107795482501,0.46276602149,0.0809531956911,0.433193057775
42,0.108700273558,0.460224315524,0.0813987404108,0.431782096624
43,0.110007233918,0.458105184138,0.0813343524933,0.43056845665
44,0.110120758414,0.456879369915,0.0823291838169,0.428439646959
45,0.110188247636,0.45581702143,0.0823947936296,0.42793828249
46,0.110527735204,0.454821363091,0.0816184356809,0.426358997822
47,0.110488208011,0.452894121408,0.0820141434669,0.423932164907
48,0.111237436533,0.450746051967,0.083514817059,0.423070788383
49,0.11325712502,0.449963331223,0.0836974307895,0.422513604164
50,0.11193536967,0.448021627963,0.0812005773187,0.420093178749
51,0.111031834036,0.446574442089,0.0839690715075,0.419335693121
52,0.11454965733,0.445526696742,0.0849358737469,0.419390588999
53,0.115348733962,0.443459495902,0.0839462429285,0.417086005211
54,0.112438261509,0.442590594292,0.0827531963587,0.41506254673
55,0.113579016179,0.440844982862,0.0848707482219,0.414765655994
56,0.115234946832,0.439984858036,0.0845399424434,0.413106411695
57,0.114541839808,0.438247904181,0.0843005180359,0.412085413933
58,0.115470254794,0.436515413225,0.0853060409427,0.410411566496
59,0.116119530052,0.435784250498,0.0853299275041,0.410132199526
60,0.114379364997,0.435067668557,0.0849999561906,0.40760487318
61,0.116022277623,0.432592518628,0.0857849344611,0.407562285662
62,0.116556296125,0.431661941111,0.0860788077116,0.405878931284
63,0.11592553556,0.431678920984,0.0867538750172,0.404478669167
64,0.11633069627,0.429565347731,0.0849825739861,0.402165591717
65,0.115701867267,0.427601292729,0.0859683677554,0.401218801737
66,0.117978952825,0.426802828908,0.0870836377144,0.402661204338
67,0.118619887158,0.425657644868,0.0867080762982,0.400854736567
68,0.118442295119,0.424310870469,0.0867374017835,0.398108094931
69,0.118198573589,0.422565832734,0.0874543786049,0.398776620626
70,0.120153365657,0.42137555778,0.0877147018909,0.395885527134
71,0.117832189426,0.421124480665,0.0881373137236,0.396500974894
72,0.118377177045,0.419806025922,0.0873613208532,0.393327474594
73,0.119776617736,0.419248826802,0.0890188515186,0.393311113119
74,0.118651777506,0.418394483626,0.0874574184418,0.392987757921
75,0.117200229317,0.417354948819,0.087730512023,0.391181439161
76,0.117095353082,0.416992262006,0.0865517705679,0.389030098915
77,0.117347342893,0.414832033217,0.0881452187896,0.389187663794
78,0.120811993256,0.414154186845,0.0901564136147,0.388749480247
79,0.121587701142,0.412559434772,0.0878470465541,0.386746406555
80,0.117934392765,0.411554202437,0.0881881043315,0.385019540787
81,0.120889840648,0.410740531981,0.0892676562071,0.384809941053
82,0.120366882533,0.409065067768,0.0887083783746,0.384479761124
83,0.121531901881,0.407662428916,0.090330645442,0.383372962475
84,0.121105182916,0.408138342202,0.0891862362623,0.381430923939
85,0.121193936095,0.406003780663,0.0896364152431,0.381765842438
86,0.119341108948,0.405805572867,0.088884152472,0.380425781012
87,0.123283723369,0.403633415699,0.0912976339459,0.379736095667
88,0.124121997505,0.402601160109,0.0896114781499,0.37796908617
89,0.122464334592,0.401413239539,0.0908065959811,0.377749472857
90,0.124312138185,0.40051408112,0.0904553681612,0.37587928772
91,0.121712442487,0.401056230068,0.0900952890515,0.3746278584
92,0.123662557453,0.398455873132,0.0916495546699,0.376028329134
93,0.123329592869,0.399081014097,0.0888613983989,0.373291134834
94,0.119891380891,0.398629382253,0.0905082896352,0.372678160667
95,0.123996401206,0.396077513695,0.0913583412766,0.371565073729
96,0.123643327504,0.396134145558,0.0916633456945,0.37201577425
97,0.123438468203,0.394704669714,0.0910369381309,0.37017557025
98,0.123874481767,0.3941032812,0.0924337282777,0.369730770588
99,0.123302049935,0.393057204783,0.0906282365322,0.36770939827
100,0.125411491841,0.391664743423,0.0929890200496,0.367949813604
101,0.126361945644,0.391053460538,0.0910646766424,0.365989476442
102,0.125406699255,0.389784187078,0.0925791338086,0.366389781237
103,0.124535921961,0.389324687421,0.0918196514249,0.36420249939
104,0.127278096974,0.387930482626,0.0939559191465,0.364260852337
105,0.125452082604,0.387953691185,0.0926878750324,0.363658249378
106,0.125385347754,0.386871859431,0.0932270362973,0.362778306007
107,0.127286061645,0.386039756238,0.0934999063611,0.361541390419
108,0.128221044317,0.384263366461,0.0920680761337,0.360793113708
109,0.126161538064,0.383786067367,0.0924294441938,0.359815329313
110,0.129793517292,0.382269583642,0.0946091264486,0.360045433044
111,0.128028510138,0.382520541549,0.09199655056,0.358778178692
112,0.127033350989,0.381173029542,0.0936470106244,0.358142316341
113,0.12663725391,0.381938904524,0.0941923782229,0.357561767101
114,0.128295395523,0.379916861653,0.0926336050034,0.355632394552
115,0.124401729554,0.380072742701,0.0928247943521,0.353896677494
116,0.126359838992,0.379121273756,0.0945015624166,0.355683624744
117,0.131622038782,0.376785449684,0.0942613333464,0.354915976524
118,0.129914298654,0.376949615777,0.0928973704576,0.353307545185
119,0.125044578686,0.377136752009,0.0934777334332,0.351729691029
120,0.130605684593,0.374864675105,0.0950603336096,0.352028846741
121,0.13127572462,0.374041564763,0.0954543575644,0.351856201887
122,0.130554849282,0.37334895879,0.0938451588154,0.350025832653
123,0.13058093749,0.371918737888,0.0957043245435,0.350290507078
124,0.133188065141,0.371454976499,0.0950940921903,0.348061412573
125,0.129417894408,0.371428981423,0.0956781581044,0.3481361866
126,0.13181964308,0.370157301426,0.0961151272058,0.348096102476
127,0.130108578131,0.370947211981,0.0944488495588,0.346277743578
128,0.130439169705,0.369006864727,0.0950740128756,0.346065491438
129,0.129973061383,0.368958465755,0.0961894989014,0.345939278603
130,0.133041080087,0.367412097752,0.0956941694021,0.345204532146
131,0.132505036891,0.366311505437,0.0951661467552,0.344525367022
132,0.134283108637,0.365319080651,0.0972417145967,0.343982368708
133,0.134399136528,0.365280508995,0.0955858975649,0.342651844025
134,0.129930580035,0.366241008043,0.0934801846743,0.341131329536
135,0.127661248669,0.36618886888,0.0956631526351,0.34255579114
136,0.131743563339,0.364355459809,0.0949802324176,0.341149389744
137,0.133521834388,0.3638555035,0.0962022989988,0.341197520494
138,0.131002673879,0.362621247768,0.0954192653298,0.337776452303
139,0.1346719414,0.361201584339,0.0977088063955,0.339463382959
