epoch,jaccard,loss,val_jaccard,val_loss
0,0.000364594364328,0.521051315591,0.000390490567952,0.43669488281
1,0.000365727969438,0.433565050364,0.000392252324673,0.422085016966
2,0.000367700637071,0.420280702412,0.000391714660509,0.410648465157
3,0.000367195183571,0.409340923652,0.000392287201976,0.400570116937
4,0.000366807366845,0.399484582245,0.000392508805817,0.391508676112
5,0.000367545361769,0.390464350581,0.000392650144931,0.383119054139
6,0.000367621156329,0.382046233863,0.00039273758739,0.375124879181
7,0.000368060101209,0.374009784311,0.00039284543891,0.367389112711
8,0.000368182362308,0.366270074621,0.000392958441807,0.359883494675
9,0.000368336595784,0.358755240217,0.00039307197585,0.352582447231
10,0.000368662573919,0.351462883875,0.000393143371184,0.345485083759
11,0.000368799193893,0.344372715801,0.00039321246004,0.338571161032
12,0.000368684963632,0.337475597858,0.000393335070839,0.331847630441
13,0.000369128947568,0.330760048702,0.000393439535401,0.325289577246
14,0.00036917576108,0.324220754206,0.000393555859773,0.318906724453
15,0.000369270235751,0.317852865905,0.000393651931518,0.31268389523
16,0.00036943181658,0.311644662172,0.000393763741158,0.306617639959
17,0.000369562600099,0.305598568171,0.000393906680983,0.300703413785
18,0.0003698396049,0.299701513723,0.000394001279346,0.294937826693
19,0.000370052117432,0.29395741038,0.000394150902139,0.289316102862
20,0.000370106859918,0.288355341181,0.000394292474084,0.283831313252
21,0.000370477057004,0.282893266529,0.000394414597395,0.27848123759
22,0.000370736321202,0.27756151557,0.000394582675654,0.273264668882
23,0.000370539374671,0.272367788479,0.000394766106183,0.268174238503
24,0.000371187323253,0.267292844132,0.000394946364395,0.263208039105
25,0.000370908102013,0.262352593243,0.000395118338929,0.258361816406
26,0.000371293358512,0.257524440065,0.000395306447899,0.253632836044
27,0.000371435965462,0.252815205604,0.000395491646486,0.249017763883
28,0.00037153971698,0.248221754096,0.00039567433123,0.244512453675
29,0.000371775078293,0.243738269433,0.000395866307372,0.240115299821
30,0.000371765765522,0.239358325489,0.000396058429033,0.235823221505
31,0.000372136779333,0.235085452907,0.000396254217776,0.231631178409
32,0.000372249923203,0.230918136425,0.000396450730477,0.227539177984
33,0.000372385189621,0.226843932644,0.0003966462682,0.223540537059
34,0.000372880785108,0.222867125645,0.000396855473809,0.219638474286
35,0.000372849129235,0.218981372193,0.000397053827328,0.215824056417
36,0.000372897886336,0.215188556351,0.000397262494516,0.212100010365
37,0.000373124823454,0.211481141858,0.000397463249101,0.208460867405
38,0.000373379348275,0.207859892398,0.000397674422857,0.204905260354
39,0.000373676291474,0.204320904799,0.000397897045332,0.201429784298
40,0.00037390621128,0.200865102932,0.000398109845264,0.198033802211
41,0.0003741603864,0.197486449964,0.000398331358156,0.194714110345
42,0.000374170263967,0.194186883979,0.000398545274948,0.191470660269
43,0.000374836625269,0.190958706662,0.000398773576308,0.188299369067
44,0.000374606471269,0.187798784114,0.000398997006414,0.185197558254
45,0.000374922122319,0.184714467265,0.000399226937589,0.182164434344
46,0.000375152043489,0.181697173975,0.000399457509047,0.179198987782
47,0.000375351561615,0.178745565005,0.000399681455747,0.176297619939
48,0.000375774908207,0.175864188932,0.000399925109377,0.173459753394
49,0.000376027018319,0.173038365319,0.000400153061491,0.170684751123
50,0.000376068341211,0.170278375037,0.00040039533269,0.167968116701
51,0.000376298849005,0.167574480176,0.000400640961743,0.16531131044
52,0.000376698357286,0.164930207655,0.000400883065595,0.162711203098
53,0.000376946075903,0.162341852672,0.000401139903261,0.160164415836
54,0.000377069395654,0.159811045974,0.000401382418204,0.157673291862
55,0.000377355734599,0.157329740003,0.000401637556934,0.155234612525
56,0.000377653671421,0.15490079578,0.000401894860261,0.152848280966
57,0.000377761731215,0.152526684105,0.000402148150897,0.150509286672
58,0.000378032968001,0.150201341137,0.000402414072596,0.148219965398
59,0.000378260727757,0.147922867909,0.000402672325436,0.14597736299
60,0.000378620871743,0.145689631812,0.000402938487241,0.143781263381
61,0.000378853685106,0.143504037522,0.000403214737162,0.141630113125
62,0.000379100102691,0.141364095733,0.000403475445637,0.139522857964
63,0.000379533715204,0.139264915138,0.000403752212151,0.137457635254
64,0.00037972604423,0.137207725085,0.000404035639804,0.135434001684
65,0.000379936055651,0.135194418021,0.000404312970204,0.133451260626
66,0.000380329622658,0.13322082907,0.000404594422434,0.131506986916
67,0.000380511657568,0.131286181509,0.000404879378038,0.129602584988
68,0.000380722448426,0.129387849011,0.000405168102589,0.127733837813
69,0.0003810570106,0.127529729158,0.000405458376918,0.125902943313
70,0.000381379394639,0.125705431681,0.000405743187002,0.124107861891
71,0.000381682676561,0.123920130078,0.000406042971008,0.122347069904
72,0.000382240180443,0.122165070847,0.00040633617391,0.12062079832
73,0.000382416224056,0.120446467772,0.000406638533605,0.118926867843
74,0.000382527850888,0.118758816272,0.000406940867833,0.117265369743
75,0.000382973433261,0.117104816251,0.000407250314311,0.115635843948
76,0.000383309843528,0.115481113549,0.000407564413763,0.114036452025
77,0.000383623124435,0.113888435531,0.000407871102652,0.112467663363
78,0.000383860687634,0.112326424103,0.000408188469009,0.110928939655
79,0.000384214959922,0.110792163294,0.000408503929066,0.109417403117
80,0.000384575277167,0.109286600724,0.000408825766499,0.107934841886
81,0.00038503343967,0.107810555957,0.00040914551937,0.106479356065
82,0.000385002257644,0.106360642705,0.000409473981563,0.105050330982
83,0.000385556911169,0.104935399257,0.000409808340919,0.103647952899
84,0.000385908840144,0.103537912481,0.000410144475609,0.1022698991
85,0.000386241467822,0.102166208904,0.000410476433899,0.10091753304
86,0.000386816028367,0.10081676254,0.000410813885537,0.099589260295
87,0.000386768894714,0.0994935818017,0.000411157783674,0.0982838775963
88,0.000387205037441,0.0981924799271,0.000411503904616,0.0970031935722
89,0.000387410596886,0.0969158657826,0.000411840323068,0.0957437921315
90,0.000387877611502,0.0956621798687,0.000412190198404,0.0945083741099
91,0.000388560350075,0.094427630771,0.000412546080042,0.0932931229472
92,0.000388534472222,0.0932170050219,0.000412896584749,0.0920993871987
93,0.000388951993045,0.0920263221487,0.000413258079789,0.090926265344
94,0.00038935824341,0.0908585847355,0.000413620200561,0.0897738616914
95,0.000389660030578,0.0897076819092,0.000413993959228,0.0886410549283
96,0.000390206579141,0.0885794302449,0.000414354293753,0.0875269211829
97,0.000390936540498,0.0874673575163,0.000414733480284,0.0864322651178
98,0.000390644102481,0.0863767541014,0.000415110302129,0.0853564180434
99,0.00039110513444,0.0853038094938,0.000415486141719,0.0842976476997
100,0.000391740358282,0.0842472990043,0.00041586604857,0.0832578204572
101,0.000391865421079,0.0832097381353,0.000416244376538,0.0822346098721
102,0.000392243997339,0.0821902770549,0.000416630682594,0.0812283754349
103,0.000392671274312,0.0811877800152,0.000417032570112,0.0802392587066
104,0.000393132520912,0.0801992523484,0.000417416948039,0.0792668089271
105,0.000393604367673,0.0792290633544,0.000417820428993,0.0783094707876
106,0.00039377018129,0.0782735296525,0.000418221159634,0.0773674417287
107,0.000394467286242,0.0773348174989,0.000418626990722,0.076441379264
108,0.00039471080072,0.0764111932367,0.000419025738665,0.0755298789591
109,0.000395425589886,0.0755014456809,0.000419440184487,0.0746331550181
110,0.00039574198945,0.0746072414331,0.000419850512117,0.073750667274
111,0.000396057458602,0.0737258135341,0.000420264892455,0.0728826392442
112,0.000396388259105,0.0728596164845,0.000420686257712,0.0720277801156
113,0.000396774306864,0.0720070279203,0.000421118333179,0.0711872950196
114,0.000397315116061,0.07116752211,0.000421534878114,0.0703588947654
115,0.000397668870391,0.0703414641321,0.000421974109486,0.0695436242968
116,0.000398078257604,0.0695280060172,0.000422413115302,0.0687418244779
117,0.000398505089834,0.0687263822183,0.00042284817755,0.0679520796984
118,0.000398949483497,0.0679387431592,0.000423289635364,0.0671745780855
119,0.000399538017518,0.0671616084874,0.000423725479777,0.0664083771408
120,0.000399883101636,0.0663964818232,0.000424180201662,0.0656545516104
121,0.000400406828703,0.0656455475837,0.000424626363383,0.0649122409523
122,0.000400739274482,0.0649032946676,0.000425088241172,0.0641807578504
123,0.000401205154731,0.0641737398691,0.000425538863055,0.0634603351355
124,0.00040175713184,0.0634540673345,0.000426002246968,0.0627507083118
125,0.000402285332711,0.0627449650783,0.000426475940912,0.0620522927493
126,0.000402896851483,0.0620474591851,0.000426939601311,0.0613635750487
127,0.000403121121053,0.0613601298537,0.000427415248851,0.0606855107471
128,0.000403847085181,0.0606819151435,0.000427895050962,0.0600168053061
129,0.000404088326832,0.0600156402215,0.000428377155913,0.0593590000644
130,0.000404451872782,0.0593572678044,0.000428856808867,0.0587100181729
131,0.000404857238209,0.0587100686971,0.000429343293945,0.0580705972388
132,0.000405355603107,0.0580714377575,0.0004298406202,0.0574408220127
133,0.000406052292419,0.05744195031,0.000430329648225,0.0568194314837
134,0.000406332129387,0.0568216862157,0.000430835068983,0.0562082594261
135,0.000407154639106,0.0562109374441,0.000431342679803,0.0556052373722
136,0.000407455067034,0.0556069081649,0.000431845674029,0.05501027219
137,0.000408138655075,0.0550135229714,0.000432357493992,0.0544239673764
138,0.00040859425917,0.0544275485445,0.000432871915109,0.053845923394
139,0.000409051126553,0.0538504191209,0.000433393710409,0.0532770557329
140,0.000409600095736,0.0532808506396,0.000433922286902,0.0527151823044
141,0.00041011475696,0.0527199490461,0.000434445548308,0.0521615110338
142,0.000410914037275,0.0521666486748,0.000434980556747,0.0516152987257
143,0.000411352655647,0.051620273618,0.000435512032709,0.0510764196515
144,0.000411770699429,0.0510818120092,0.000436053236626,0.0505450507626
145,0.000412142529058,0.0505515316036,0.000436596223153,0.0500215375796
146,0.000412684637013,0.0500273820944,0.000437139657151,0.0495052374899
147,0.000413405161453,0.0495103523135,0.000437697271991,0.0489955525845
148,0.000413921208747,0.0490023305174,0.00043825908142,0.0484926421195
149,0.000414584177634,0.0484996999148,0.000438803675934,0.0479973936453
150,0.000415025548136,0.0480042325798,0.00043937969167,0.0475082648918
151,0.000415514379711,0.0475150817074,0.000439950097643,0.0470258584246
152,0.000416420416514,0.0470323429909,0.000440520103439,0.0465499311686
153,0.000416902032157,0.0465566322673,0.000441101459728,0.046080310829
154,0.000417314347942,0.0460874994751,0.000441681324446,0.0456165065989
155,0.000418111075305,0.0456239571795,0.00044227111357,0.0451595680788
156,0.000418780487962,0.045166594442,0.000442858952738,0.0447081392631
157,0.000419227475504,0.0447158273309,0.000443457698566,0.0442632185295
158,0.000419641974986,0.0442701566499,0.000444052289822,0.0438241083175
159,0.000420523340836,0.0438302676193,0.000444654120656,0.0433900048956
160,0.000421086173446,0.0433975898195,0.000445258636319,0.0429623257369
161,0.00042177112482,0.0429694007616,0.000445878438768,0.0425399085507
162,0.000422121036536,0.0425459209364,0.000446497106168,0.0421224897727
163,0.000423060471803,0.0421285214834,0.000447109763627,0.0417108656839
164,0.000423290761319,0.0417178985663,0.000447747726867,0.041304834187
165,0.000423984134613,0.0413111571688,0.0004483778539,0.0409033857286
166,0.000424742569521,0.0409097070806,0.000449006976851,0.0405075978488
167,0.000425515137977,0.0405134407338,0.000449648992799,0.0401167050004
168,0.000426004322435,0.0401221802458,0.000450288709544,0.0397308589891
169,0.000426824468377,0.0397356022149,0.000450946579804,0.0393495606259
170,0.000427383551141,0.0393548028078,0.00045160218724,0.0389730343595
171,0.000428041047599,0.0389787619933,0.000452254651464,0.0386012131348
172,0.000428649889727,0.0386067514773,0.000452923028206,0.0382343623787
173,0.000429491413342,0.0382390369195,0.000453602238849,0.0378720387816
174,0.000429760293628,0.0378757519647,0.000454267421446,0.0375139005482
175,0.000430825186413,0.0375177355018,0.000454946362879,0.037160506472
176,0.000431391825259,0.0371637498029,0.000455636167317,0.0368111440912
177,0.000432193692177,0.0368144765962,0.000456323439721,0.0364665063098
178,0.000432714426097,0.0364693365991,0.000457013353298,0.0361257009208
179,0.000433504174907,0.0361281770747,0.000457712303614,0.0357894310728
180,0.000434254893662,0.0357920604292,0.000458424532553,0.0354567896575
181,0.000434830291852,0.0354590765201,0.000459135051642,0.0351283028722
182,0.000435398354966,0.0351299399044,0.000459848750324,0.0348042519763
183,0.00043647613802,0.0348052617628,0.000460562994704,0.0344837140292
184,0.000437195023551,0.0344844094943,0.00046129146358,0.0341668399051
185,0.000437860417151,0.0341675707605,0.000462026313471,0.0338542060927
186,0.000438235344518,0.0338542428799,0.000462753676402,0.033545027487
187,0.000439279752754,0.033544362057,0.000463504809886,0.0332396235317
188,0.000440344412709,0.0332383895293,0.000464240889414,0.0329380072653
189,0.000440786683612,0.0329362973571,0.000465002645797,0.032639529556
190,0.000441862261141,0.0326384233776,0.000465758494101,0.0323448330164
191,0.000442370190285,0.0323427733965,0.000466520854388,0.0320538543165
192,0.00044294341933,0.0320512913167,0.00046729407768,0.0317657850683
193,0.000443938249191,0.0317627571058,0.00046805726015,0.0314813284203
194,0.000444722884822,0.0314775422448,0.000468842314149,0.0312002492137
195,0.000445462854259,0.0311965101864,0.00046961937187,0.0309225739911
196,0.000446085630756,0.0309183846693,0.000470415325253,0.0306478240527
197,0.000447082724349,0.0306431831559,0.00047120936506,0.030376452487
198,0.000448090315331,0.0303706214763,0.000472013649414,0.0301081081852
199,0.000449188959465,0.030101993354,0.000472826781333,0.0298425438814
200,0.000449183251476,0.0298369468655,0.000473638559924,0.0295805037022
201,0.00045042527745,0.0295739124995,0.000474459069665,0.0293214395642
202,0.00045087563376,0.029314211919,0.000475285858556,0.0290649998933
203,0.000452004987892,0.0290573107777,0.000476112989418,0.0288114352152
204,0.000452960877737,0.0288033905672,0.000476951994642,0.0285609383136
205,0.00045375249465,0.0285524673527,0.000477792513266,0.0283133089542
206,0.00045479489745,0.0283045794349,0.00047864568478,0.0280686812475
207,0.000455161164609,0.0280589326285,0.00047949769214,0.0278265578672
208,0.000456364941783,0.0278161531314,0.000480360162328,0.0275871162303
209,0.000457110053503,0.0275765251135,0.000481229690195,0.0273503996432
210,0.000457413174445,0.0273389761569,0.000482100898807,0.0271166199818
211,0.000458588017864,0.0271044247784,0.000482980794914,0.0268847956322
212,0.000459790726381,0.0268726540962,0.000483861200337,0.0266559915617
213,0.000460671340988,0.026642830926,0.000484764597786,0.0264296373352
214,0.000461624149466,0.0264162039384,0.00048565450561,0.0262056370266
215,0.00046239133917,0.0261922309874,0.000486561089929,0.0259842430241
216,0.000463301525087,0.025970047107,0.000487473218527,0.0257654567249
217,0.000464491566163,0.0257507817587,0.000488399120513,0.0255485549569
218,0.000464707019091,0.0255328789353,0.000489315403684,0.0253345835954
219,0.00046616966938,0.0253183073364,0.000490246340632,0.025122565683
220,0.000467342060801,0.0251061045565,0.000491175946081,0.0249131321907
221,0.000467825335363,0.0248957161093,0.000492121129355,0.0247058630921
222,0.000469104377771,0.024688312551,0.000493074083352,0.0245005972683
223,0.000470046133159,0.0244822415989,0.000494036408782,0.0242978287861
224,0.000471136103442,0.0242791560013,0.000495002605021,0.0240973304026
225,0.000472121333587,0.0240779683227,0.000495966654853,0.0238984706812
226,0.000472503394121,0.0238789042924,0.000496945584018,0.0237023369409
227,0.000474351090816,0.0236814939417,0.000497930661368,0.0235077794641
228,0.000474069754091,0.0234869730193,0.000498930246977,0.0233155447058
229,0.000475897983051,0.023294237908,0.000499928733916,0.0231256661937
230,0.000476876983157,0.0231037075864,0.000500929796544,0.0229376922362
231,0.000477354416944,0.0229148434009,0.000501934984641,0.0227512153797
232,0.000479273876408,0.0227279227693,0.000502966642671,0.0225671231747
233,0.000480080863781,0.0225434617605,0.000503986106196,0.022384762764
234,0.000481257999127,0.0223604629282,0.000505015035742,0.0222044643015
235,0.000481780327391,0.0221796269761,0.000506067335664,0.0220259721391
236,0.000482815485157,0.0220005613519,0.000507105061843,0.0218495721929
237,0.000484099367895,0.0218231210019,0.000508171578986,0.0216745920479
238,0.000485088101414,0.021648228867,0.00050923244271,0.0215015369467
239,0.000486676027322,0.0214741547825,0.000510296857101,0.0213305582292
240,0.000488359804876,0.0213025038829,0.000511381098477,0.0211613969877
241,0.00048990092364,0.0211323233088,0.000512465521751,0.0209938567132
242,0.000491751405207,0.0209641313413,0.000513585553563,0.0208278750069
243,0.000492631817906,0.0207981105195,0.000514658706379,0.0206639273092
244,0.000492464425406,0.0206337664276,0.000515757456014,0.0205013691448
245,0.000498794532177,0.0204696909059,0.00051688462554,0.0203404054046
246,0.000496767050208,0.0203087510308,0.000518546599778,0.0201809215359
247,0.00049896476412,0.0201488680905,0.00052262468671,0.0200217948295
248,0.000502707764099,0.0199901359156,0.000529171287781,0.0198635258712
249,0.000509857612997,0.0198333670851,0.000532436111826,0.019707728643
