epoch,jaccard,loss,val_jaccard,val_loss
0,0.0938077797182,0.588740907609,0.0922795850784,0.506540551782
1,0.0907534775324,0.502519566566,0.0920099616051,0.496524915099
2,0.0924104787409,0.492732804269,0.0950024891645,0.487010531127
3,0.094436916057,0.483884541318,0.0964022763073,0.477957263589
4,0.0962301678956,0.475443627685,0.0995676945895,0.468843579292
5,0.101055073086,0.465472977608,0.107311448082,0.458504706621
6,0.105307396501,0.4564287588,0.106472101063,0.451313614845
7,0.108035011217,0.449206206948,0.110567402095,0.443571552634
8,0.109649104066,0.442663168535,0.114246295765,0.437080487609
9,0.111512924545,0.435981504619,0.112842505798,0.431885674596
10,0.111528385431,0.431307863444,0.113416636363,0.425908558071
11,0.114482028875,0.425101611763,0.112902127206,0.422498226166
12,0.116226412356,0.419086156413,0.116636468098,0.414943002164
13,0.117698499467,0.413442865014,0.120135797188,0.409771725535
14,0.117397977971,0.408605592325,0.120457060635,0.405192151666
15,0.121183882467,0.403205305338,0.117692930624,0.401252798736
16,0.12329191342,0.3976037018,0.121801314875,0.395552523434
17,0.122682910413,0.393959861249,0.121236469597,0.39175003022
18,0.125781883951,0.387933736667,0.127163624391,0.387248545885
19,0.126175451558,0.383695095778,0.12988290377,0.382192358375
20,0.130138198379,0.379027964547,0.128644486889,0.377976983786
21,0.12770610163,0.377005748451,0.130469311029,0.376077704132
22,0.129518204834,0.371692849323,0.132683062926,0.371199168265
23,0.131486573257,0.368157645687,0.131390113384,0.367075115442
24,0.131262029056,0.365895673633,0.131146028638,0.365894310176
25,0.127273110207,0.363277904689,0.13887141645,0.361816838384
26,0.135630317032,0.357227714732,0.133899737149,0.35663267225
27,0.138013296761,0.353011948988,0.133971719071,0.353053919971
28,0.139268152416,0.34949179925,0.134779212996,0.349939912558
29,0.138585731853,0.346971400082,0.136795811355,0.346498578787
30,0.14424729906,0.341700334102,0.140589775518,0.343163594604
31,0.139998871833,0.340125232935,0.147285681218,0.340697392821
32,0.144453410991,0.337620362639,0.138993205503,0.339404672384
33,0.143076985609,0.335209533572,0.135246541351,0.335879683495
34,0.147162418813,0.330891989172,0.140876060352,0.332525528967
35,0.14520509541,0.329331830144,0.142803004012,0.33016563952
36,0.147933683358,0.326316852123,0.151050075889,0.325665026903
37,0.148596435785,0.323696507141,0.151092775166,0.32376357913
38,0.151444236282,0.320589918643,0.153362754732,0.32154994458
39,0.153931618668,0.317161353305,0.153864931315,0.318696141243
40,0.153495308012,0.315984200686,0.147132534534,0.317465573549
41,0.154114177451,0.312968999147,0.151179805398,0.315007448196
42,0.156546782702,0.311179667711,0.152265105397,0.313349597156
43,0.159187571146,0.308240836486,0.151152078062,0.311308659613
44,0.156256318092,0.307451428846,0.155836541206,0.310625731945
45,0.161107148044,0.304211368784,0.150685064495,0.307595007122
46,0.160311958287,0.302820997313,0.150891821831,0.306383900344
47,0.159073790535,0.300190852955,0.16786108166,0.303500033915
48,0.166449851822,0.297161664814,0.162551958114,0.300136044621
49,0.162003609352,0.296474364586,0.169309217483,0.297841861844
50,0.172636495903,0.290911883116,0.165889006108,0.295576781034
51,0.170749946032,0.29055706691,0.162399213761,0.295269779861
52,0.170721553266,0.289083481766,0.163165941834,0.293082438409
53,0.169675271027,0.287507789209,0.177403107285,0.291696965694
54,0.177782911807,0.28332804516,0.174458090216,0.289161935449
55,0.177930706181,0.281968668103,0.172744996846,0.287159651518
56,0.17935603857,0.279949180782,0.178757134825,0.285835962743
57,0.177990535274,0.28020271752,0.172983288765,0.285177864134
58,0.182405881584,0.276905576698,0.169568728656,0.283647052944
59,0.18274237588,0.274733061902,0.180535137653,0.281658861786
60,0.182343846187,0.274185216054,0.177737295628,0.280174307525
61,0.186393115669,0.272321226075,0.173952747136,0.279182445258
62,0.184116515331,0.271124511957,0.18001813814,0.276922561228
63,0.188006710261,0.269861743785,0.178609289229,0.277219355106
64,0.186115441844,0.268564584665,0.189109653234,0.275660295039
65,0.189041499048,0.266867327504,0.187776435167,0.27401278913
66,0.188057273626,0.266046022996,0.178100351244,0.274094112217
67,0.193261454813,0.263754892163,0.187443312258,0.271544031799
68,0.191522281617,0.263561983593,0.190894123167,0.270571321249
69,0.190857999958,0.262466869317,0.192313097417,0.270272094756
70,0.193730572239,0.260925820097,0.187734376639,0.26708766818
71,0.197514200583,0.258438003249,0.193687222898,0.265935324132
72,0.198418023996,0.25698358845,0.194546051323,0.265035998076
73,0.202341430821,0.254442219622,0.193867318332,0.264192763716
74,0.202502301894,0.253263432533,0.209999710321,0.265963193029
75,0.206044580787,0.252980246209,0.194322131574,0.262392800301
76,0.203245015815,0.2519357251,0.201777972281,0.262188177556
77,0.201982242987,0.253088722937,0.182784859091,0.262084018439
78,0.201482779346,0.251326741651,0.191567216069,0.259713988751
79,0.209582799114,0.248242964968,0.200165305287,0.258203282952
80,0.210021647625,0.245776746422,0.207849413157,0.256287131459
81,0.213873950765,0.245285167359,0.189829096198,0.25789790228
82,0.208480288275,0.245958906598,0.194940105081,0.256414838135
83,0.211222723126,0.244348723441,0.205081768334,0.25301785022
84,0.215479166247,0.241945811547,0.207431413233,0.254083041102
85,0.216625657864,0.241729201749,0.211256012321,0.252380568534
86,0.217821195722,0.239379671402,0.206995453686,0.25098964572
87,0.219486021437,0.23892951943,0.208326663822,0.25071528554
88,0.219578717835,0.238287260756,0.20662631467,0.249322365969
89,0.220231732354,0.237132737413,0.205127120018,0.249864086509
90,0.218722706661,0.236891467124,0.213131871074,0.249061726034
91,0.223783925176,0.235225977376,0.210496325046,0.248203717172
92,0.222544581629,0.236140741035,0.215450216085,0.248105749488
93,0.225316418335,0.234185202979,0.221124380827,0.24678343907
94,0.225723721087,0.232988857664,0.210680115968,0.245189674199
95,0.229853753,0.230921494775,0.214634690434,0.244093190879
96,0.22599818185,0.231495095417,0.218226980418,0.242728456855
97,0.232873654924,0.228681181557,0.223736610264,0.24303009361
98,0.228277283721,0.229564664885,0.206607818604,0.244310356677
99,0.231212098151,0.228942149319,0.216550312936,0.243019800633
100,0.234050725587,0.22699935548,0.231210164726,0.241597507149
101,0.236952952109,0.225436423905,0.224477835,0.240049436688
102,0.238573704846,0.223987991922,0.226181920618,0.239994686097
103,0.239679339342,0.224619581364,0.226550392807,0.239528339356
104,0.235054121353,0.224433340132,0.213248983026,0.240457814187
105,0.238692102022,0.223490632139,0.222363639623,0.238637600094
106,0.236725232564,0.223214662634,0.223903331906,0.238178554922
107,0.242601149715,0.221643895842,0.242123883218,0.240287940949
108,0.237920569256,0.223747665063,0.223598260432,0.239015959203
109,0.244750658982,0.219623501413,0.224861763418,0.236461721361
110,0.249329301529,0.216511182487,0.240499328822,0.235976908356
111,0.250182257965,0.217205076478,0.230465881526,0.234333191067
112,0.249257333577,0.21567700617,0.229264803231,0.234031677246
113,0.248508040793,0.216079482809,0.245997224003,0.235612750053
114,0.249014407396,0.215543407016,0.2464954108,0.235070411116
115,0.253646896221,0.215382158756,0.223342955112,0.235128257424
116,0.254294722341,0.214184061624,0.242438301444,0.231247216463
117,0.254220911302,0.212707795203,0.229646582156,0.231605220586
118,0.254604592919,0.212226746604,0.22934082523,0.231594655663
119,0.260358771309,0.20966133941,0.242460377514,0.230557721108
120,0.25983269047,0.209466220811,0.236943330616,0.230758331716
121,0.26325701829,0.208663806319,0.248099025339,0.228704679757
122,0.261093826033,0.208941364661,0.253841269761,0.229569375515
123,0.264620244503,0.208114816807,0.227349344641,0.231825508177
124,0.263537295163,0.206988845021,0.243342503905,0.229722034186
125,0.263866198249,0.207784214057,0.242978565395,0.227535638958
126,0.268632359803,0.204848886468,0.251953978091,0.227190006524
127,0.269306177273,0.204484225251,0.250061757863,0.226936712861
128,0.266027071513,0.205133807845,0.240485005081,0.226760413498
129,0.273111476563,0.202997886576,0.248861063272,0.226344626397
130,0.271664086729,0.202831572853,0.25494844839,0.225671991706
131,0.271547395736,0.202893102542,0.25539868325,0.225328389555
132,0.272964925505,0.20322146453,0.23991908133,0.224974114448
133,0.273055909202,0.202183625661,0.259078789502,0.224957413971
134,0.276431183331,0.200205573812,0.257221899927,0.225941382349
135,0.277018330991,0.200342909433,0.246984295547,0.224785361439
136,0.269120776094,0.201679045334,0.241661835462,0.22710229829
137,0.274113948457,0.202225726098,0.265340480953,0.224430732429
138,0.27557169646,0.199828394689,0.263072438538,0.224020138383
139,0.283441701904,0.1972582452,0.264004465193,0.222738265991
140,0.283868198283,0.196684742346,0.245884630829,0.222762025893
141,0.283196786419,0.196171556599,0.254972584546,0.220759797841
142,0.287016222253,0.194399653003,0.266038510948,0.219976939261
143,0.280552295968,0.196331240237,0.252377253026,0.222111694515
144,0.283863366581,0.196558572352,0.258904274553,0.221904322505
145,0.288080299273,0.194617976435,0.256342239678,0.220268785954
146,0.289743213914,0.193429864012,0.253398761153,0.220475811511
147,0.287127499469,0.193489501253,0.268588341773,0.219287861139
148,0.291425783187,0.192335155793,0.259962018579,0.217299100012
149,0.288956823759,0.192309985869,0.266641553491,0.218909945339
150,0.291853191331,0.19177895505,0.265504848212,0.218201141804
151,0.294423380867,0.189972228371,0.276653099805,0.219090349972
152,0.295179428533,0.190596182831,0.256237857044,0.220105107874
153,0.2974911239,0.188682680018,0.269229520112,0.217510227114
154,0.300461173058,0.187884607352,0.263516340405,0.216305550188
155,0.297060023993,0.188355141319,0.260696779937,0.21666245535
156,0.299930147827,0.187239352614,0.26250032708,0.217709865421
157,0.299105667509,0.187127028592,0.266959238797,0.216142702848
158,0.301208658144,0.188244733028,0.261698707938,0.218607567251
159,0.302407171577,0.18659480568,0.276628796011,0.216670293361
160,0.305824200623,0.185277931392,0.276819571853,0.214252389967
161,0.304742857814,0.18494956661,0.26645148918,0.214050225914
162,0.309243088588,0.183387067169,0.274583924562,0.214649878442
163,0.308436997235,0.184298925102,0.281793534756,0.217200178653
164,0.304591076449,0.184756365605,0.277072295547,0.214960683137
165,0.301143140532,0.186876220629,0.276804476976,0.215853728354
166,0.307007053867,0.184952164069,0.268523871899,0.215494867414
167,0.304535033181,0.18407252524,0.280046463013,0.214097730815
168,0.313278792426,0.181549558416,0.267320252955,0.214338086545
169,0.310511417687,0.182613282464,0.280961170793,0.214941971004
170,0.31116390042,0.182869255543,0.266482323408,0.214119635522
171,0.312194529921,0.181054103188,0.277542147785,0.213543187827
172,0.316613176838,0.179986905307,0.275724034756,0.212518949062
173,0.316947054118,0.179109164514,0.286646492779,0.212683811784
174,0.315142357722,0.182553802617,0.274128485471,0.214000478387
175,0.31155154109,0.180497181602,0.275688108057,0.213044159114
176,0.316922683269,0.179216188379,0.288367472589,0.212737441063
177,0.320629712194,0.17869754415,0.28130415827,0.211415581405
178,0.31926378794,0.178094853647,0.283787578344,0.211387392133
179,0.321857087314,0.178205191158,0.27590213716,0.211185529828
180,0.32041990757,0.176998928189,0.271978866309,0.212772157043
181,0.324103383347,0.176266598515,0.293748214841,0.211719430983
182,0.322848571464,0.17783276923,0.271455977112,0.211322851479
183,0.325731281191,0.175219734199,0.278646539897,0.211509589106
184,0.324351103976,0.175797183998,0.284909963608,0.210392426699
185,0.320732166991,0.17655201396,0.292642042041,0.210845652968
186,0.328962508589,0.174362227321,0.291373200715,0.210758242756
187,0.327940845862,0.173691952601,0.281520858407,0.209798134863
188,0.326602654532,0.175063719973,0.298579536378,0.212915606797
189,0.32664854452,0.175669052638,0.288838803768,0.212377630174
190,0.332516530529,0.172325591557,0.291559942067,0.209433678538
191,0.327973896638,0.173945709132,0.276773281395,0.212007474154
192,0.333838818595,0.173275405541,0.291848421097,0.211680289358
193,0.33166827634,0.172603561543,0.295837841928,0.210662703961
194,0.334158727899,0.171931609511,0.28341050446,0.208913702518
195,0.336273981258,0.170335046947,0.292334504426,0.20832259953
196,0.33760759607,0.169806578197,0.297147244215,0.209539029747
197,0.338502010331,0.169736040756,0.294455304742,0.207831121981
198,0.33432944864,0.169456054457,0.286331616342,0.209090542048
199,0.341178771108,0.169692471158,0.283149618655,0.208063390106
200,0.33926740475,0.168556638062,0.293243013322,0.210429243743
201,0.341252157465,0.168498438317,0.299003005028,0.208334889263
202,0.33816251345,0.169559878763,0.288444891572,0.210751801729
203,0.340704921633,0.16832661815,0.301666945219,0.207846455276
204,0.339392796159,0.168870871887,0.298726916313,0.208757214248
205,0.341352533549,0.167637817562,0.294422022998,0.207112394273
206,0.346008455381,0.166335296351,0.289675928652,0.207695171237
207,0.343361807987,0.166373183485,0.296823643148,0.209673248231
208,0.3474640809,0.165719265118,0.290688991547,0.208634819835
209,0.342801770195,0.168141136877,0.283576741815,0.207834273577
210,0.337768234313,0.169272406027,0.306128099561,0.209758989513
211,0.341821715236,0.167795025278,0.292169772089,0.208161860704
212,0.346343299374,0.166088702623,0.294317722321,0.207098741084
213,0.350828595459,0.164796203841,0.297437913716,0.207723822445
214,0.351151563227,0.164274098352,0.300545535982,0.20744773373
215,0.347160471603,0.164683456998,0.301342822611,0.208633549511
216,0.355868941173,0.163070055656,0.308912359178,0.206737842411
217,0.352339437231,0.163543741684,0.291803449392,0.207833319902
218,0.353476075456,0.163275708444,0.297945007682,0.205886274576
219,0.352255295962,0.1629043906,0.303296037018,0.206666842103
220,0.355869142339,0.162583517842,0.298319265246,0.206175219268
221,0.35244099237,0.163275097497,0.301682196558,0.206712335348
222,0.357882177457,0.161792797502,0.299630627036,0.20520177111
223,0.354608487338,0.163484912831,0.29533059895,0.206493135542
224,0.357219532132,0.162094734609,0.311898201704,0.206732962281
225,0.355328850448,0.161279059015,0.305771455169,0.205889914185
226,0.362679429352,0.160276180133,0.304004848003,0.204949829727
227,0.362298419699,0.159239266068,0.311939880252,0.206369146705
228,0.362313900143,0.159885224886,0.310809075832,0.207361940295
