epoch,jaccard,loss,val_jaccard,val_loss
0,0.087190097012,0.54606312712,0.106804328143,0.54214720428
1,0.0847196950667,0.506352817764,0.102561701151,0.506873071194
2,0.083243224054,0.491366525988,0.100014939993,0.489717292786
3,0.0816248562801,0.479731414964,0.0978220938128,0.476082278291
4,0.0805352936361,0.46968250523,0.0957663675246,0.465359890461
5,0.0790002169545,0.461544134716,0.0938075187252,0.456425228715
6,0.077810624694,0.454424185803,0.0919108658529,0.448598387837
7,0.0764604833663,0.448865842571,0.090197619025,0.442145889004
8,0.0752574242968,0.444165626417,0.0885584734278,0.43665646712
9,0.074445801916,0.440096347531,0.0882291816466,0.432030724486
10,0.0740570750409,0.436757038534,0.0895651756577,0.428394335508
11,0.0741606885947,0.43394234702,0.0914116961678,0.424402308961
12,0.0752489041903,0.431130579611,0.0930188382787,0.423293162882
13,0.0765776853235,0.428107984861,0.088064416432,0.414733336369
14,0.0775736446035,0.425152967125,0.0974128202302,0.415258481105
15,0.0787829830493,0.423051791638,0.0974431449208,0.411293957134
16,0.079994826547,0.420612831165,0.10417815288,0.4202017953
17,0.080661123882,0.419096352657,0.0988012830872,0.402472461263
18,0.0821060221177,0.417103712012,0.0934776690051,0.402388229469
19,0.0830209724193,0.414434916774,0.0928611088253,0.397030533353
20,0.085063086396,0.411303603649,0.095703628603,0.396513261894
21,0.08686411503,0.407167098423,0.100586805789,0.395686441163
22,0.0888803813269,0.403449792042,0.100570133148,0.392485493918
23,0.0896619039121,0.40119512404,0.0921311941347,0.388566979269
24,0.0921763251601,0.396978608395,0.0972481129177,0.389016074936
25,0.0933976702521,0.394673796743,0.089580763177,0.388393669327
26,0.0951966389519,0.391244812061,0.0992505380399,0.385940471788
27,0.0960336262651,0.388388974965,0.0997115702378,0.382364465793
28,0.0974449592026,0.385801616311,0.0940706177149,0.382102401058
29,0.0982773384266,0.383814048395,0.098097522354,0.381374496222
30,0.0994874966459,0.380538060144,0.0942014460753,0.384776426355
31,0.100338332591,0.379056733598,0.0942806421168,0.381346792976
32,0.101732327421,0.37665670005,0.103754061296,0.386332066357
33,0.102775786375,0.374296925217,0.0923950316879,0.383246763796
34,0.102572391564,0.373736100644,0.0973918055485,0.376965962847
35,0.104327220646,0.370526210343,0.0983742904811,0.379577239851
36,0.106500063828,0.367708768075,0.0973626056521,0.378555857142
37,0.106323975751,0.366848104571,0.0974208253484,0.375460485121
38,0.107373309587,0.365189456567,0.0943249483079,0.379730808735
39,0.108185163501,0.364022341867,0.0977593101677,0.387077640245
40,0.108784821072,0.361939302335,0.0958867952393,0.378186589976
41,0.109570908129,0.361013637731,0.0981162498492,0.379629181822
42,0.110640094187,0.359220623349,0.104906041096,0.385271278769
43,0.111258390257,0.358533839385,0.0984138214097,0.37324360162
44,0.11187578729,0.356289409598,0.106140360256,0.377784976363
45,0.113007777815,0.355186631779,0.106020161104,0.375587256004
46,0.113936431841,0.353553380072,0.101802759132,0.385375764966
47,0.114476832788,0.352765557418,0.0952767009013,0.37607984518
48,0.11581926966,0.350713299091,0.097357787447,0.377534598609
49,0.116157512976,0.349670913691,0.0971623892566,0.380775272846
50,0.115905344711,0.349922369669,0.104572450154,0.384156821668
51,0.11709296593,0.348223647103,0.0962801530133,0.38324380815
52,0.11828810275,0.347013229132,0.0975403742118,0.378603723149
53,0.11822514883,0.346404236307,0.0975598448393,0.381305828691
54,0.118857509799,0.345383485158,0.0959734507216,0.379720239341
55,0.119677336059,0.344551376502,0.0976512744053,0.38543018947
56,0.120534671214,0.343027292068,0.0963947893596,0.384974966695
57,0.120795975929,0.342733088508,0.0955056967301,0.379993538062
58,0.121527999159,0.341223676627,0.105637935113,0.376302135984
59,0.122350880882,0.34014304628,0.103583626666,0.383851006875
60,0.122928875599,0.339696775625,0.102010143592,0.378795088579
61,0.123576702227,0.338392180453,0.0977513960495,0.380091545979
62,0.123695601926,0.337801170846,0.0889830022197,0.384283714245
63,0.125278239356,0.336292816202,0.0935552921748,0.382979013026
64,0.125551806333,0.335602960239,0.0918509606117,0.384218482425
65,0.125832210388,0.334906833991,0.094416696296,0.381373655051
66,0.126024886519,0.334534608076,0.0971884366775,0.389457250883
67,0.127085265272,0.333202324808,0.0914748108926,0.389591990908
68,0.127688861353,0.332439190646,0.097124773944,0.386632595956
69,0.128432003425,0.331739545117,0.0947488756656,0.384522838642
70,0.128911651037,0.330731940145,0.096968451573,0.381867389133
71,0.128828050056,0.331174087028,0.0980856786511,0.381122302512
72,0.130007756454,0.329603055368,0.094722546866,0.383193171273
73,0.130276691134,0.328962207461,0.0950227777008,0.386198569586
74,0.131042541148,0.328182783723,0.0820640227699,0.406971147408
75,0.131100381787,0.32779700011,0.0948710324524,0.390808017304
76,0.132124915753,0.326865978539,0.0980266544182,0.381079323341
77,0.13213654903,0.326566814383,0.0923440359251,0.396203550696
78,0.132942276611,0.326253745581,0.0916159493538,0.388309809317
79,0.132827340923,0.325636364023,0.0978077356577,0.388357490301
80,0.133771909249,0.324798275406,0.0968529291548,0.385515401512
81,0.134119217971,0.324849015598,0.0895844411056,0.393218737841
82,0.134377456062,0.32422676372,0.0980631758672,0.387940584123
83,0.134995594414,0.323083432515,0.0955023190783,0.384755264968
84,0.135105927984,0.32282901518,0.0952832553885,0.386032217741
85,0.13587088841,0.322538297872,0.094584111913,0.389011648546
86,0.13592552903,0.322230186686,0.0913857828506,0.396220184366
87,0.136944444025,0.321257478868,0.0947618990739,0.394528420269
88,0.136804413939,0.321296490853,0.0922952006804,0.392159746091
89,0.137597989124,0.320218620201,0.0971071753622,0.391154554983
90,0.1385546032,0.319529635211,0.086804326256,0.405944306403
91,0.13845472842,0.319216086715,0.089612925431,0.404788635671
92,0.138485258892,0.319017685329,0.0944386179734,0.396975222975
93,0.139642128412,0.318338844428,0.0936187796042,0.393132873625
94,0.139899343342,0.318186722447,0.0925520582309,0.396923867365
95,0.139861190565,0.318492062762,0.0837746239432,0.410958714038
96,0.140351260713,0.317119093612,0.0921538842405,0.397411150982
97,0.140875795885,0.316565185413,0.0886224548643,0.397360356897
98,0.14096663438,0.317034213245,0.0880532911018,0.409166959176
99,0.141141095321,0.316513661544,0.0942706060703,0.390704201162
100,0.141954260074,0.315963029861,0.091078789994,0.405143042157
101,0.14240318865,0.315468252947,0.0931991406028,0.401661639164
102,0.142343101277,0.315563130751,0.0929364926735,0.400123547018
103,0.142537287655,0.315171294163,0.0873656643419,0.40157347247
104,0.14296395167,0.314355342587,0.0968231612399,0.398962625861
105,0.143360407124,0.314653906971,0.0925723893927,0.400333743294
106,0.144217739962,0.313444314897,0.0934008108093,0.408653482298
107,0.143951957986,0.313601904983,0.0926014415997,0.403691814343
108,0.143886018259,0.31389471665,0.0883565035173,0.40630017072
109,0.14499294014,0.312659804523,0.0933308100037,0.408664252609
110,0.145726098444,0.312054942424,0.0886809268801,0.407739040256
111,0.145216206454,0.312756591911,0.0903020470781,0.408719591796
112,0.145690468732,0.31219228978,0.0926327096192,0.401487765213
113,0.145916003386,0.311983520413,0.0884640802542,0.409876404951
114,0.14553183132,0.312366353845,0.0941398967969,0.405041815837
115,0.146845722196,0.310832288613,0.0895851909978,0.410578905543
116,0.147387029497,0.310747105007,0.0834934869024,0.416085555653
117,0.148029875315,0.310161090642,0.0879576612089,0.42174840346
118,0.1478723,0.310463481521,0.0908278381559,0.412291687727
119,0.148581883365,0.309582524622,0.0877982282555,0.410849759976
120,0.148126505147,0.310002025838,0.0907963960354,0.414603265127
