epoch,jaccard,loss,val_jaccard,val_loss
0,0.00221588540444,0.505532309413,0.00343690987211,0.439268037677
1,0.00222367571041,0.435303548351,0.00342370313592,0.425792656839
2,0.00221718242756,0.423218594864,0.00342342759541,0.414676271379
3,0.00221557133409,0.412516713142,0.00342379018548,0.404810346663
4,0.00221838901416,0.40272061713,0.00342523923609,0.39553335309
5,0.00221820922889,0.393496651202,0.00342409485893,0.386694476008
6,0.00221759920532,0.384685901925,0.00342340527277,0.378302752972
7,0.00221695756773,0.376288425177,0.00342184772308,0.370348669589
8,0.00221631602108,0.368281008676,0.00342075615481,0.362712480128
9,0.00221600006626,0.360613524914,0.00342004936829,0.355351150036
10,0.00221476990555,0.353223217651,0.00341931724688,0.34822782129
11,0.00221448161756,0.34607896395,0.00341868653777,0.341320246458
12,0.0022148461976,0.339160434902,0.00341815169668,0.33461509645
13,0.00221407193749,0.332446770743,0.00341739035503,0.328111559153
14,0.00221235639947,0.325924551114,0.003416637599,0.321781352162
15,0.00221348112245,0.319579036906,0.0034159150382,0.315621256828
16,0.00221378442438,0.313400587067,0.00341520262009,0.309626400471
17,0.00221296809832,0.307383699343,0.00341438634496,0.303790830076
18,0.00221257529847,0.301535753533,0.0034135174501,0.298097796738
19,0.00221251323819,0.295822482556,0.00341274487437,0.292551703751
20,0.00221217647049,0.290256246924,0.00341192448104,0.287145040929
21,0.00220965007065,0.284830629826,0.00341101498634,0.28186865896
22,0.00221073199282,0.279538778588,0.00341020587075,0.276724763215
23,0.00221207735376,0.274388698861,0.00340929304366,0.271710403264
24,0.00221283316932,0.26935694553,0.0034084408253,0.266818463802
25,0.0022107173163,0.26445664838,0.00340746359143,0.26204854995
26,0.00221136745677,0.259681172669,0.00340654865431,0.257393136621
27,0.00221001476348,0.255015457049,0.0034056683653,0.252849217504
28,0.0022082168216,0.250469086692,0.00340468533977,0.248417403549
29,0.00220590189201,0.246032374911,0.00340371813218,0.244090676308
30,0.00221012882321,0.241706196219,0.00340275274357,0.239866759628
31,0.00221109930862,0.237477893941,0.00340185573441,0.235747229308
32,0.0022058096165,0.23335766606,0.00340085029893,0.231720857322
33,0.0022078989532,0.229328010231,0.00339987725602,0.227797649801
34,0.00220762895151,0.225400581025,0.00339884350251,0.223963726312
35,0.00220876883759,0.221562739462,0.00339788485144,0.220220968127
36,0.00220740240911,0.217816851102,0.00339681567857,0.21656351164
37,0.00220666667337,0.214155404828,0.00339577281557,0.212994880974
38,0.00220417698074,0.210582409054,0.00339475812507,0.209504302591
39,0.00220652523421,0.207089102827,0.00339364593674,0.206096161157
40,0.00220700429782,0.203677148558,0.00339261311456,0.202765230089
41,0.00220668506881,0.200347888283,0.00339152719243,0.19950922206
42,0.0022066798374,0.197090878151,0.00339039572282,0.196329645813
43,0.00220800340685,0.19390365202,0.00338932359591,0.193224281073
44,0.00220329889999,0.190790728666,0.00338818648015,0.190186459571
45,0.00220659101797,0.187753076665,0.00338705535978,0.187217455357
46,0.0022038615316,0.184775245376,0.00338585292047,0.184314075857
47,0.00220548920697,0.18186726328,0.00338472050498,0.181478243321
48,0.00220435802476,0.179024483077,0.00338363423361,0.178697977215
49,0.00220117540084,0.176240326837,0.00338244801969,0.175985302776
50,0.00220315000479,0.173521925695,0.00338125291455,0.173332009465
51,0.00220153494774,0.170859163627,0.00338005687809,0.170734968036
52,0.00219897630086,0.168256478384,0.0033788219589,0.168193012476
53,0.00220467994586,0.165708949789,0.00337759175454,0.165704812855
54,0.00220510140934,0.163216458634,0.00337645388208,0.163273718208
55,0.00220028342665,0.160775734112,0.00337514870625,0.160893466324
56,0.00220214253568,0.158386824653,0.00337389166816,0.158565621823
57,0.00220090659423,0.156050749123,0.00337265901908,0.156282905489
58,0.00220025224553,0.153759018518,0.00337135899463,0.154053121805
59,0.00219737688349,0.151514966972,0.0033700789354,0.151869233698
60,0.00220159945457,0.14932580106,0.00336885433353,0.149727482349
61,0.00219918493895,0.14717531018,0.00336747706751,0.14763205871
62,0.00220013421131,0.145070705563,0.00336617995345,0.145578783005
63,0.00220190807158,0.143007816747,0.00336484370928,0.143569562584
64,0.00220405230721,0.140990967862,0.00336356970365,0.141601633281
65,0.00220146628999,0.139010273851,0.00336221742327,0.139672640711
66,0.00220142396938,0.137071834877,0.00336079813133,0.137782864273
67,0.00220286788681,0.13517268654,0.00335948850261,0.135931462049
68,0.00219933036715,0.133308198303,0.00335808799719,0.134116161615
69,0.00220017963511,0.131486694328,0.00335665998864,0.132339283824
70,0.00219922772885,0.129695736803,0.00335525680566,0.130595171824
71,0.00219610271597,0.127941789106,0.00335385350627,0.128888789564
72,0.00219053505862,0.126222602092,0.00335245774477,0.127214629203
73,0.00219875972471,0.124538669828,0.00335093817557,0.125570721924
74,0.00219697294233,0.122884919401,0.00334951344121,0.123959133402
75,0.00220423992869,0.121261170134,0.00334804919839,0.122383480892
76,0.00220019036715,0.119671261404,0.00334658428619,0.120834702626
77,0.00219225679757,0.118113457225,0.00334511087567,0.119316069409
78,0.00219548274617,0.116579204332,0.00334361661226,0.117829509079
79,0.00219984347132,0.115078177769,0.00334209325956,0.116367453709
80,0.00219754702994,0.113606245723,0.00334059237503,0.114933053032
81,0.00221401226372,0.112156580668,0.00333951912762,0.113525690511
82,0.00221959367627,0.110737417825,0.00333812691679,0.112146453932
83,0.0021997104086,0.109350856859,0.00333606568165,0.110791144893
84,0.00219900753291,0.107982786372,0.00333499374392,0.109462076798
85,0.00219976363951,0.1066428544,0.00333363283426,0.10815730691
86,0.00218892558405,0.105325120501,0.00333335435425,0.10687638633
87,0.00219847393601,0.104030443821,0.00333291350398,0.105617104098
88,0.0021996946125,0.10276162345,0.00333733155276,0.104381622747
89,0.00220598753913,0.101512236986,0.0033547533676,0.103160910308
90,0.002200029503,0.100287877023,0.00337991962442,0.101962387562
91,0.00221778795458,0.0990812182426,0.00332542651449,0.100815670565
92,0.00219721683243,0.0979091166519,0.00332762961625,0.0996623467654
93,0.00222414030031,0.0967418295331,0.00333228886302,0.098531153053
94,0.0022219366947,0.0955950058997,0.00334341042617,0.0974190887064
95,0.00227298942082,0.0944688520394,0.00333601332386,0.0963333975524
96,0.0022652234511,0.0933705177158,0.00336689814867,0.095254290849
97,0.00220948285641,0.0922971535474,0.00335337794968,0.0942149255425
98,0.0022671576844,0.0912204575725,0.00333424794371,0.0931802708656
99,0.00229002616106,0.0901737902313,0.00335007168178,0.0921606309712
100,0.00222031836165,0.0891601732001,0.0033206007065,0.0911759398878
101,0.00230153562734,0.088130525779,0.00334632513113,0.0901829898357
102,0.00230794360687,0.0871358625591,0.00338423294306,0.0892082192004
103,0.00231064872787,0.0861565596424,0.00332071854791,0.0882941111922
104,0.00234040854775,0.0851893066429,0.00338811929396,0.0873243492097
105,0.00232382776812,0.0842520706356,0.00355048061465,0.0863858591765
106,0.00237441045465,0.0833177571185,0.00333260203479,0.0855352990329
107,0.00232219458485,0.0824043997563,0.00344876294548,0.0846147499979
108,0.00242008643545,0.0815032585524,0.00333506010065,0.0837741196156
109,0.00235409763263,0.0806202767417,0.00364801658725,0.0828628260642
110,0.00249133551188,0.0797300441191,0.00350842546322,0.0820185467601
111,0.00244530015334,0.0788802625611,0.00401146939839,0.0812109299004
112,0.00251139673674,0.0780205829069,0.0035251465888,0.0803961269557
113,0.00250736656017,0.0771955042146,0.00403313955758,0.0795321986079
114,0.00270711539997,0.0763288512826,0.00429491398972,0.0786606539041
115,0.00283155353827,0.0755102075636,0.00485317602579,0.0777422934771
116,0.0030557001337,0.0746607845649,0.00444458141283,0.0769050754607
117,0.00318123395846,0.073847384192,0.00492939860851,0.0762051567435
118,0.00325133358274,0.0730321011506,0.00561013976403,0.0754127278924
119,0.00377856120758,0.0721779870801,0.0047146811994,0.0745473820716
120,0.00372293287364,0.0714248330332,0.00598524596717,0.0736794341356
121,0.0039624231722,0.0707010743208,0.0062065829261,0.073024712503
122,0.00394869587035,0.0698979576118,0.00672403769568,0.0722494535148
123,0.00411832660029,0.0691967760213,0.00540324265603,0.0716174487025
124,0.00416063910961,0.0684663332067,0.00619646318955,0.0709126684815
125,0.00445834198399,0.067738047801,0.00625020219013,0.0701150335371
126,0.00435521869076,0.0670569227077,0.00625072824187,0.0694862063974
127,0.00479328789515,0.0663397007156,0.00621611195675,0.0688768932596
128,0.00477793976825,0.0656606492121,0.00595504813828,0.0681807491928
129,0.0048551508371,0.0649987887591,0.00650046553346,0.0675978921354
130,0.00498421863813,0.0643352863844,0.00694384140661,0.0669578509405
131,0.00502282935031,0.063706537243,0.00601664783608,0.0664389757439
132,0.00520590825181,0.0630672625266,0.00767090874433,0.0656739845872
133,0.00513524056441,0.0624555160757,0.00624231317488,0.0651721199974
134,0.00538264562783,0.0618217652664,0.00763143748918,0.0644603623077
135,0.00559316387807,0.061193754198,0.00796571341925,0.0639200098813
136,0.005612862813,0.0606106675696,0.00663517239445,0.0633959360421
137,0.00574925872934,0.0600217632018,0.00706345026265,0.0627760440111
138,0.00553673347804,0.0594717883505,0.00749803027429,0.0622244728729
139,0.00587630016526,0.0588683623355,0.0081229100615,0.0618010396138
140,0.00599392639924,0.0583144628908,0.00763895947603,0.0611925097182
141,0.00585273514298,0.0577735234983,0.00762821674289,0.0605676071718
142,0.00607345757089,0.0572376574855,0.00724432567949,0.060045699589
143,0.00601441696199,0.0566733723972,0.00826859488734,0.0595563333482
144,0.00636386581027,0.0561437862925,0.00731635843113,0.0590135036036
145,0.0063622825146,0.0556217762642,0.00854649153189,0.0584855098277
146,0.00574916249752,0.055233475985,0.00651086698053,0.0582532696426
147,0.00619117436872,0.0546890194528,0.0100586419721,0.057785701938
148,0.00613791854266,0.0542052309029,0.0058906324557,0.0573682552204
149,0.00572325651592,0.0537267846521,0.00833170524857,0.0566170401871
150,0.00666916482442,0.0531652274076,0.00801086025604,0.0562226595357
151,0.00680030218064,0.052649819525,0.00902124881395,0.0557390423492
152,0.00691984449804,0.0521373387892,0.00821558349708,0.0552467564121
153,0.00721008965047,0.051643256098,0.00906529629719,0.0548087395728
154,0.00735932794851,0.0511727847625,0.00838742598717,0.0543421162292
155,0.00758700151346,0.0507063202094,0.00789872618043,0.0539597580209
156,0.00761060329023,0.0502451623324,0.00827696919441,0.0535239819437
157,0.00759917799405,0.0498246208299,0.0100048391178,0.0530579676852
158,0.00782104945756,0.0493738413788,0.00921812177694,0.0526371793821
159,0.00799818433006,0.0489294899162,0.00832456992066,0.0522630605847
160,0.00795603567531,0.0485240919515,0.00859406874224,0.0518522635102
161,0.00809927585942,0.0480845407583,0.00825965021795,0.051487329416
162,0.00828631170953,0.0476723005995,0.0088646543154,0.0510410824791
163,0.00806504227512,0.0472601139918,0.0101898904832,0.0506246834993
164,0.00846899007593,0.0468765615951,0.0083795657265,0.0503686722368
165,0.00848278083868,0.0464674099348,0.00926499573688,0.0499406168237
166,0.00877216852678,0.0460304792505,0.00901636607887,0.0495829405263
167,0.00891740087536,0.0456453217193,0.00813144752465,0.0491665201262
168,0.00881057643346,0.0452812665608,0.00995562954631,0.0488463100046
169,0.0092215586028,0.0448740615975,0.0102077441697,0.0484133092687
170,0.00915491254273,0.0445269944612,0.00728515499213,0.0482066804543
171,0.00876674769825,0.044225247344,0.0100457534427,0.0476963361725
172,0.009248821234,0.0437714811414,0.0101545523794,0.0473892595619
173,0.00970163395687,0.0433759943116,0.00901745344163,0.0470063900575
174,0.0098827830443,0.0429851324297,0.0102174742351,0.046578111127
175,0.00999956934538,0.0426753468346,0.011060009434,0.0462826192379
176,0.0100613262912,0.0423051430844,0.0103235735005,0.0459655821323
177,0.010094401332,0.041949813487,0.0127404080122,0.0456962371245
178,0.0105025168159,0.0416459275875,0.00994357393938,0.0452440688387
179,0.010485161125,0.0412643521558,0.0112818415946,0.0449663875625
180,0.0107627733378,0.0409166701138,0.0103729682742,0.0446546217427
181,0.0104701617602,0.0405873411801,0.0137413228222,0.0445423955098
182,0.0114369866205,0.0402656581718,0.0111827788496,0.0440965825692
183,0.0109354979213,0.0399696088862,0.0115405925753,0.043806607835
184,0.0114434034622,0.039573703194,0.012045618234,0.0434091947973
185,0.0119501163572,0.0392686126288,0.0104199650814,0.0431712986901
186,0.0121439763789,0.0389116781298,0.0115375800378,0.0428786957636
187,0.0119420446863,0.0386163473595,0.0111252573552,0.0425399541855
188,0.0118580409689,0.0383133376017,0.0116905943141,0.0422436660156
189,0.0127467178972,0.037984335795,0.0120200832025,0.0419125519693
190,0.0130394219013,0.0376543381717,0.0141237990611,0.041526065208
191,0.0127672734816,0.037402440561,0.0117233765341,0.0412247590721
192,0.0137701808744,0.0370264044032,0.0110627985705,0.0411068014801
193,0.0123655175012,0.0368076255545,0.0173891617742,0.0409683343023
194,0.013386350558,0.0365637384821,0.0140385671548,0.0403765076771
195,0.0135153907904,0.0361903237645,0.0141213412571,0.0400154972449
196,0.0142992728506,0.0358574024867,0.0138173580344,0.0399337327108
197,0.0149026136896,0.0355556029826,0.0129669469752,0.0396992489696
198,0.0143166146008,0.0353728514165,0.0161140585842,0.0391926611774
199,0.0149579469289,0.0350549619179,0.0124168748589,0.0391823928803
200,0.0149609614164,0.0347490389831,0.0158622662711,0.0389237571508
201,0.0157879104081,0.0344576803036,0.0150370416231,0.0387895936146
202,0.0152674246783,0.0342442509718,0.0136102101533,0.0384829947725
203,0.0158310608822,0.0339260810288,0.0175684137503,0.0377928796224
204,0.0168113132531,0.0336033259518,0.0144666017295,0.0378085998818
205,0.016225677391,0.0333446109435,0.0150048895011,0.0373949874192
206,0.017405881219,0.0330267853569,0.0156835332164,0.0370782911777
207,0.0178318155522,0.0327615055721,0.0131503269076,0.0372020141222
208,0.01782084968,0.0325275958749,0.0160720760323,0.0365851270035
209,0.0182239787246,0.0322467889637,0.0172452887491,0.0363647863269
210,0.0187293562049,0.0319783845916,0.0134236435115,0.0364943984896
211,0.0186361313681,0.0317676829873,0.014193295603,0.0361433429644
212,0.0191023188236,0.0315111626405,0.0163948666013,0.0358279147185
213,0.0191109828338,0.0312760075321,0.0182732124813,0.0354986498132
214,0.0182922416025,0.0311505746795,0.0134434493375,0.0355909550563
215,0.0191906184482,0.0309102896135,0.0145628598984,0.0353418309242
216,0.0191628800967,0.0306194168516,0.0167365116649,0.0351290861145
217,0.0201537378016,0.0303246523254,0.0139576395741,0.0348671721295
218,0.0209370436496,0.0300334441708,0.0169380410807,0.0345562240109
219,0.0203567743883,0.0298437568126,0.0176194605592,0.0343291657045
220,0.020942932606,0.0296656123828,0.0165405392472,0.0341722983867
221,0.0218571369624,0.0293675780995,0.016000704054,0.0339615405537
222,0.0213562548997,0.029155246797,0.0163933385338,0.0337559096515
223,0.0218135684554,0.0289402082562,0.0165374160861,0.033652542159
224,0.0224909136014,0.0287028705934,0.0181045977806,0.0334401591681
225,0.0225988973689,0.0284980346914,0.0191295059922,0.0331083582714
226,0.0231537106738,0.0283072027378,0.0178077988094,0.0329204252921
227,0.0216074327436,0.028171013575,0.0177742344094,0.0329490960576
228,0.023162808764,0.0279891039245,0.0164200029394,0.032895158045
229,0.0214126165665,0.0279757090611,0.0146524335432,0.0329130263999
230,0.0231487835845,0.0276894125855,0.0152895993961,0.0324250431731
231,0.0227071710106,0.0273820143193,0.0220301300869,0.0320479781367
232,0.0251013352827,0.0270516687306,0.017428345338,0.0321024903096
233,0.0256096490193,0.0267912823474,0.0195041749394,0.0317045943812
234,0.0250926701119,0.0266407189192,0.0212322683656,0.0315236998722
235,0.0260193520589,0.0264316510875,0.0238530594506,0.0313316974789
236,0.0258876205771,0.0262834130554,0.0234533421171,0.0310439094901
237,0.0266667825053,0.0260499302531,0.021999945573,0.0308788893744
238,0.0277062253808,0.0258537619375,0.0192028721212,0.0308125349693
239,0.0275163848419,0.0256520676194,0.0168466938194,0.0308357751928
240,0.0250005581474,0.0257261190563,0.0233341184503,0.0308474898338
241,0.0279941109766,0.0253492599586,0.0231974660128,0.0304008810781
242,0.0279192618691,0.0251361822011,0.018730752432,0.0303323529661
243,0.0288173051667,0.0248907170026,0.0187861847808,0.0302683236077
244,0.0288648280548,0.0247768133413,0.022116345528,0.0300368117169
245,0.0304726384347,0.0245805598097,0.0206894432777,0.029771217145
246,0.0301556501654,0.0243532670429,0.0237553392071,0.0296952938661
247,0.0302796747128,0.0241801042575,0.019742712786,0.0295694540255
248,0.0294190437417,0.0240799001185,0.0217597742158,0.0294337156229
249,0.0303041673033,0.0239644381218,0.0161385536194,0.0296024582349
