epoch,jaccard,loss,val_jaccard,val_loss
0,0.0798575663939,0.872374154627,0.0532193183899,0.871156573296
1,0.0803507203236,0.843910872936,0.053493052721,0.793611347675
2,0.0793080609292,0.779043853283,0.0525714755058,0.666778862476
3,0.0775613952428,0.688159823418,0.0506523549557,0.577567398548
4,0.0747917508706,0.624441817403,0.0493152886629,0.541386663914
5,0.0733793368563,0.591462112963,0.0487388707697,0.521153569221
6,0.0726481080055,0.57003441453,0.0486080870032,0.508515536785
7,0.0729829948395,0.554171591997,0.0486439019442,0.500036776066
8,0.0726725906134,0.542847029865,0.0486380644143,0.494081377983
9,0.0726228030398,0.535070285201,0.0486636012793,0.489957809448
10,0.0730784507468,0.529377385974,0.0486841835082,0.486455768347
11,0.0729748727754,0.524471990764,0.0487271398306,0.483221530914
12,0.073075207416,0.520527161658,0.0487526878715,0.480399340391
13,0.0733904214576,0.517030864954,0.0488646179438,0.477987349033
14,0.0738086160272,0.513623103499,0.0489764325321,0.476039767265
15,0.074014198035,0.510708123446,0.0491179376841,0.473889708519
16,0.0742441667244,0.508018873632,0.0492640472949,0.471961736679
17,0.0741422241554,0.50556384027,0.0495209805667,0.470075786114
18,0.0748182944953,0.503112539649,0.0498468726873,0.467797636986
19,0.0749172121286,0.500775974244,0.0500649921596,0.465604364872
20,0.0751414224505,0.49826849997,0.0502669177949,0.46381098032
21,0.0751129612327,0.496130570769,0.0506783872843,0.462505489588
22,0.0763828065246,0.493676818907,0.0510688237846,0.4605281353
23,0.0768540930003,0.491123922169,0.0516402982175,0.458837240934
24,0.0776376519352,0.488880582154,0.0522424206138,0.45680102706
25,0.0776860611513,0.486771803349,0.0525709614158,0.454873204231
26,0.0787412179634,0.48450551182,0.0536025390029,0.454408109188
27,0.0803410606459,0.482853960246,0.0532789044082,0.451859921217
28,0.0780002567917,0.481330234557,0.0526135824621,0.449249833822
29,0.0790935633704,0.478560097516,0.054109159857,0.448809862137
30,0.0813458440825,0.476753428578,0.0548753477633,0.447476565838
31,0.0801280415617,0.475071553141,0.0540859699249,0.444220364094
32,0.0802687816322,0.473256312311,0.0554849207401,0.443829298019
33,0.0813984251581,0.47151074931,0.0555438920856,0.441693067551
34,0.0830605849624,0.468440286815,0.0550610423088,0.439540714025
35,0.0831998987123,0.466271143407,0.056344397366,0.4394710958
36,0.0835336148739,0.465874817222,0.0568119511008,0.437943488359
37,0.0833485545591,0.463750980794,0.0559888519347,0.43499276042
38,0.0823957938701,0.462545428425,0.0559549033642,0.433768451214
39,0.0839310791343,0.460049893707,0.0568631999195,0.433442622423
40,0.0856326594949,0.458573900163,0.0567263364792,0.431150913239
41,0.0836265357211,0.457204431295,0.0562795549631,0.428935348988
42,0.0830407580361,0.455909434706,0.0571334585547,0.427948474884
43,0.0862680086866,0.453453175724,0.0582205653191,0.427096039057
44,0.0867288522422,0.451726153493,0.0575338192284,0.424974948168
45,0.0857909116894,0.45076712966,0.0584066472948,0.424055039883
46,0.0854761530645,0.449593696743,0.0578944683075,0.422540992498
47,0.0858682049438,0.448527887464,0.0584239773452,0.422288179398
48,0.0881652189419,0.446245901287,0.058199070394,0.420372992754
49,0.0876687029377,0.444161117077,0.0575486049056,0.419342666864
50,0.0853834692389,0.444671507925,0.0580507852137,0.418899327517
51,0.0864253556356,0.442935600877,0.0580052770674,0.416458129883
52,0.0868218867108,0.441455099732,0.0593973770738,0.41546112299
53,0.0837627584115,0.441785801202,0.0578992329538,0.413266807795
54,0.0873638791963,0.438185669482,0.059059549123,0.413232296705
55,0.0893557192758,0.436410430819,0.0594119653106,0.412396401167
56,0.0909235673025,0.43520154804,0.0603912100196,0.411311119795
57,0.0905322311446,0.433447830379,0.0591419860721,0.409060299397
58,0.0899024493992,0.432062666863,0.0591575242579,0.408569008112
59,0.0901191513985,0.431193020195,0.0611601807177,0.408118724823
60,0.0919812899083,0.43013767153,0.0611636526883,0.405902415514
61,0.0908749504015,0.428593333811,0.0597994700074,0.40400955081
62,0.0894023049623,0.427636131644,0.060891199857,0.403270363808
63,0.0914552155882,0.425944015384,0.0605480857193,0.40266430378
64,0.0903561459854,0.425310622901,0.0605376586318,0.40203538537
65,0.0910522993654,0.423877734691,0.0615379922092,0.399863541126
66,0.0904304347932,0.424125511199,0.0612744390965,0.398437052965
67,0.0909798527136,0.421135507524,0.060167517513,0.398080796003
68,0.0879612797871,0.422780569643,0.0609531067312,0.397230088711
69,0.091928220354,0.418716780841,0.0595803670585,0.395341306925
70,0.0909186955541,0.417953975499,0.0604635737836,0.394561558962
71,0.0934358499944,0.415896039456,0.0622853860259,0.392955422401
72,0.0944636231288,0.414795096964,0.0620677173138,0.392521828413
73,0.0929063847288,0.414479486644,0.0603262111545,0.392815738916
74,0.0928141940385,0.41283467412,0.0611441098154,0.390770018101
75,0.0934231178835,0.411581374705,0.0625963509083,0.388610392809
76,0.0938600162044,0.410697888583,0.0626407638192,0.388128370047
77,0.0929539529607,0.410568960011,0.0632073134184,0.387301295996
78,0.093884841539,0.40871462971,0.0625455677509,0.385500907898
79,0.091732381843,0.408899407834,0.062749363482,0.385195076466
80,0.0935330186039,0.40682252124,0.0630428269506,0.383617788553
81,0.094821925275,0.405208162963,0.0631321370602,0.382884889841
82,0.0944253690541,0.404433265328,0.0626116618514,0.381432443857
83,0.0950017366558,0.403121706098,0.0643199458718,0.380516946316
84,0.0962480474263,0.401859305799,0.0636448264122,0.379988223314
85,0.0966121740639,0.400508418679,0.0628304630518,0.379111021757
86,0.0957169104367,0.399619862437,0.0638149529696,0.377452403307
87,0.0962272817269,0.398229349405,0.0629897862673,0.376380592585
88,0.0926775238477,0.399629257619,0.0635928288102,0.376396387815
89,0.0968887256458,0.396423619241,0.0644135549664,0.374601006508
90,0.0958416489884,0.395906005055,0.0645477995276,0.373139232397
91,0.0974032301456,0.394212797284,0.0648933872581,0.372060149908
92,0.0963368434459,0.393897693604,0.0649946182966,0.371319234371
93,0.0961286518723,0.393248565495,0.0653075352311,0.370269030333
94,0.0975837642327,0.391401387751,0.0632161051035,0.370371937752
95,0.0971974730492,0.391017537564,0.0661322921515,0.369457155466
96,0.0993687389418,0.389907564968,0.0657570213079,0.368136703968
97,0.0972594302148,0.388960666955,0.0637311935425,0.365335643291
98,0.0906630372629,0.390540517867,0.0640238597989,0.365075320005
99,0.096924896352,0.387622009963,0.0659743696451,0.368622779846
100,0.100697269663,0.386836219579,0.0658646896482,0.367196470499
101,0.099138699472,0.385157417506,0.064505264163,0.362336486578
102,0.0942126922309,0.385526686907,0.0643416196108,0.361799895763
103,0.0988400960341,0.38336552307,0.0668702423573,0.361931353807
104,0.0985357658938,0.383285779506,0.0658766627312,0.360206633806
105,0.0970108183101,0.381979577243,0.0653862655163,0.359187185764
106,0.0968934325501,0.380672696978,0.0649726465344,0.358214795589
107,0.0989995999262,0.379167940468,0.0664050281048,0.358263969421
108,0.0982743725181,0.380764499307,0.0670043230057,0.357236236334
109,0.100933618844,0.376938402653,0.0647704452276,0.354729026556
110,0.0980999851599,0.376503597945,0.0654679387808,0.354005366564
111,0.100813555531,0.374972462654,0.0675068572164,0.354622274637
112,0.102739233524,0.374511200935,0.0679797679186,0.354284524918
113,0.102808195166,0.373395122588,0.066880621016,0.351505935192
114,0.0990913324058,0.373124387115,0.0665758028626,0.350305378437
115,0.101893509738,0.371670465916,0.0683858245611,0.351497411728
116,0.101613119245,0.3719702214,0.0672650560737,0.349637955427
117,0.100955653004,0.370183926076,0.0667572468519,0.347339987755
118,0.100064156577,0.369380306453,0.0675628483295,0.347370654345
119,0.100367618725,0.370193812996,0.0673861205578,0.34783950448
120,0.101621378213,0.367725156248,0.0657989010215,0.34601137042
121,0.100865751505,0.36730415374,0.0660692229867,0.346322596073
122,0.102651597001,0.365711681545,0.0653218328953,0.345975399017
123,0.101569761522,0.365452505648,0.0676222071052,0.344484418631
124,0.101589018479,0.365323636681,0.0678456276655,0.343230932951
125,0.102436670102,0.36368541792,0.067811511457,0.341217249632
126,0.102626430802,0.36265508458,0.0691081881523,0.341231703758
127,0.102196859196,0.362595178187,0.070160895586,0.342108488083
128,0.1046424862,0.362964294851,0.067855514586,0.343012392521
129,0.103324591182,0.360604416579,0.0647857487202,0.338422685862
130,0.0996369896457,0.360270682722,0.067742228508,0.337704509497
131,0.10469890479,0.359034664929,0.0709310099483,0.338616490364
132,0.104035520926,0.359269663692,0.0683574974537,0.337224334478
133,0.103857081383,0.356859054416,0.0675649046898,0.335979968309
134,0.102609714493,0.356947012246,0.0686594024301,0.335699260235
135,0.106447366066,0.355472508818,0.0684839338064,0.336261630058
136,0.105776448734,0.355224568397,0.0683130919933,0.334976136684
137,0.104890878312,0.354133140296,0.0676801428199,0.331788212061
138,0.103421902284,0.353478386998,0.0693245753646,0.331193596125
139,0.105682408437,0.352216910571,0.070081949234,0.330897152424
140,0.107112308033,0.351026535034,0.0702204182744,0.331120640039
141,0.106201857328,0.351409908384,0.0687851086259,0.330068767071
142,0.106503922492,0.349648706615,0.0695977210999,0.32988089323
143,0.104794646613,0.350212428719,0.0694679543376,0.328209728003
144,0.102373928763,0.350069340318,0.0692205280066,0.326878368855
145,0.107807383873,0.347631696612,0.0713012889028,0.326878637075
146,0.108411525376,0.346747294068,0.0693727061152,0.326810777187
147,0.106822760776,0.346174884588,0.0695470795035,0.325857847929
148,0.10759491846,0.345633316785,0.0710858553648,0.324974179268
149,0.108561528847,0.34442633763,0.0707898363471,0.323980748653
150,0.107055115514,0.344378914684,0.0707528144121,0.322831839323
151,0.107937563211,0.344153173268,0.0712250247598,0.322542458773
152,0.108264575712,0.342550095171,0.0685632377863,0.321374624968
153,0.10551050026,0.342379812151,0.0704464912415,0.321552872658
154,0.102373956703,0.343975201249,0.0702554062009,0.320820480585
155,0.107671556994,0.340819329023,0.0712009072304,0.320265352726
156,0.110139456578,0.339691273868,0.0714761167765,0.319031357765
157,0.108952880837,0.338911674917,0.0719315260649,0.31771761179
158,0.109617020935,0.338127143681,0.0715764388442,0.317932844162
159,0.110219878145,0.337554547936,0.0718067288399,0.318480521441
160,0.111206029542,0.336913429201,0.072150811553,0.316931188107
161,0.108314474113,0.336775965989,0.0722069740295,0.316044449806
162,0.111589808948,0.335486162454,0.07290648669,0.316586434841
163,0.107519326732,0.336391493678,0.0709866136312,0.314988970757
164,0.109741676599,0.33484108001,0.0721811875701,0.314407408237
165,0.107001326978,0.335137248039,0.0695616155863,0.313066780567
166,0.109207227826,0.332992274314,0.0701377540827,0.313504308462
167,0.110634409823,0.332419730723,0.0723530128598,0.312944442034
168,0.111041887663,0.332795538008,0.0716814547777,0.311792105436
169,0.109613304026,0.331281218678,0.0697034671903,0.310192018747
170,0.107788695022,0.331275895238,0.0718580931425,0.310299426317
171,0.112664736807,0.329267688096,0.0728221014142,0.308912873268
172,0.111592466943,0.329183135182,0.0721267834306,0.308123290539
173,0.112128542736,0.328005027026,0.0726853087544,0.30882832408
174,0.11359937489,0.327223848552,0.073232896626,0.308767944574
175,0.114255162887,0.326941519976,0.0730791911483,0.307178229094
176,0.111365968361,0.326806433499,0.0723788067698,0.305952906609
177,0.111200713553,0.326192423701,0.0728053078055,0.30552443862
178,0.110340043902,0.328070037067,0.0734173953533,0.30667629838
179,0.109270057641,0.326676547527,0.0694487392902,0.305365741253
180,0.111472154967,0.324611175805,0.0724329277873,0.305552750826
181,0.109461243264,0.326484661549,0.0709512457252,0.303500384092
182,0.112003791146,0.323032159358,0.0713463276625,0.302304416895
183,0.109598400071,0.323472831398,0.0727445706725,0.300565809011
184,0.114470398985,0.321841903031,0.0750949680805,0.301496356726
185,0.114666150883,0.321578610688,0.0728474780917,0.302034199238
186,0.111801553518,0.321645706892,0.0736258774996,0.301264673471
187,0.112794496119,0.321250282228,0.0730010122061,0.299133479595
188,0.110575946979,0.319883678108,0.069975733757,0.299448013306
189,0.111793304794,0.318488698453,0.0707159414887,0.300302863121
190,0.115210505202,0.317922774702,0.0731091424823,0.298662036657
191,0.111556900665,0.319543547928,0.0738802403212,0.296584546566
192,0.11440960411,0.317020565271,0.0742395818233,0.295694768429
193,0.113992497325,0.316370736808,0.07407476753,0.295338720083
194,0.112506312318,0.316992726177,0.0744128748775,0.296032935381
195,0.11712348368,0.314759112895,0.0736037865281,0.294665932655
196,0.115729550831,0.31428013742,0.0752811580896,0.294166386127
197,0.117474745028,0.313291847706,0.0736117511988,0.293915063143
198,0.11477678176,0.314199276268,0.0753224268556,0.293509542942
199,0.116550403647,0.3126292862,0.0736136808991,0.291604846716
200,0.115908467211,0.311951778829,0.0762506723404,0.292653501034
201,0.119106022641,0.311382181942,0.0764664113522,0.293107420206
202,0.117445009761,0.312357831746,0.0745107531548,0.292099058628
203,0.11322321929,0.311532024294,0.0714224278927,0.291216313839
204,0.11581047345,0.310409642756,0.0749295428395,0.289998471737
205,0.117321749218,0.310314379632,0.076187081635,0.288660377264
206,0.11779589206,0.308413483202,0.0755797103047,0.287670701742
207,0.112031920813,0.312315031886,0.0769916027784,0.288585811853
208,0.115724070929,0.308524299413,0.0730096846819,0.287329494953
209,0.115441658534,0.308545090258,0.0758524090052,0.288351744413
210,0.115486974828,0.307939272374,0.0738343372941,0.286720424891
211,0.115861092694,0.307029228657,0.0784275904298,0.288830548525
212,0.121509667486,0.305852565914,0.0773827508092,0.28620749712
213,0.119378343225,0.305556695908,0.0770430862904,0.28559204936
214,0.118883500807,0.30454320088,0.0734413340688,0.284363299608
215,0.115936547518,0.304737444967,0.0761810094118,0.285022288561
216,0.119671414606,0.303634397686,0.0765864551067,0.283945083618
