epoch,jaccard,loss,val_jaccard,val_loss
0,0.0992851471528,0.689335718751,0.0781882256269,0.681090414524
1,0.0993410404772,0.613818407059,0.0780091062188,0.669679939747
2,0.0991175342351,0.582151666284,0.0778248608112,0.658476829529
3,0.0972111513838,0.564783588052,0.0776366144419,0.647433400154
4,0.0977022238076,0.554207324982,0.0774430632591,0.63657438755
5,0.0965351518244,0.545420721173,0.0772493332624,0.626151561737
6,0.0947516988963,0.54034268856,0.0770598575473,0.616342484951
7,0.0967573337257,0.536871701479,0.0768790915608,0.607340157032
8,0.0954944379628,0.533717274666,0.076705917716,0.599028289318
9,0.0961979907006,0.532289981842,0.0765414237976,0.591388404369
10,0.0952990502119,0.529456958175,0.0763847231865,0.584343850613
11,0.0953144561499,0.528320729733,0.07623616606,0.577840685844
12,0.0955617334694,0.526981592178,0.0760935395956,0.571788907051
13,0.0948398206383,0.525915063918,0.0759571939707,0.566158175468
14,0.0953843034804,0.524740025401,0.0758270323277,0.560908794403
15,0.0957148913294,0.523408010602,0.0757023319602,0.555985033512
16,0.0946607310325,0.522165879607,0.0755823031068,0.551378667355
17,0.0934379510581,0.521057784557,0.0754667520523,0.547021389008
18,0.0934412814677,0.519737109542,0.0753550678492,0.542905688286
19,0.0953827183694,0.519449800253,0.0752477645874,0.539012312889
20,0.0910442965105,0.518229283392,0.0751437470317,0.535312891006
21,0.095475492999,0.517234444618,0.0750429332256,0.531794250011
22,0.0950045455247,0.516015529633,0.0749443024397,0.528413712978
23,0.0948367696255,0.515613496304,0.0748497769237,0.52521443367
24,0.0926809459925,0.514866247773,0.0747574269772,0.522166609764
25,0.0940120117739,0.514313369989,0.0746682956815,0.519244015217
26,0.0924202110618,0.512880973518,0.0745813697577,0.516445815563
27,0.0940683223307,0.512229651213,0.074495613575,0.513747215271
28,0.0935477986932,0.511296324432,0.0744132474065,0.51115500927
29,0.094032574445,0.510664910078,0.0743316933513,0.508654415607
30,0.0926726972684,0.509972348809,0.0742535963655,0.50627464056
31,0.0937316333875,0.508719779551,0.0741763710976,0.503961086273
32,0.0942973829806,0.508157998323,0.074101023376,0.501726031303
33,0.0891622751951,0.507417604327,0.0740281715989,0.499590784311
34,0.0929106259719,0.506975755095,0.0739563778043,0.497509479523
35,0.0927249426022,0.505948707461,0.0738860964775,0.495495557785
36,0.0916974497959,0.505562581122,0.0738164633512,0.493521511555
37,0.0921590495855,0.504891857505,0.0737491101027,0.491639524698
38,0.0945766046643,0.503989830613,0.0736823007464,0.48979511857
39,0.0924841742963,0.50330016017,0.0736171230674,0.488014161587
40,0.0937318746001,0.502558670938,0.0735534653068,0.48627987504
41,0.0903576877899,0.502201549709,0.0734902918339,0.484590530396
42,0.0916679631919,0.501869879663,0.073428183794,0.482943475246
43,0.0931955156848,0.500560745597,0.0733681991696,0.481354415417
44,0.0923760933802,0.499940410256,0.0733078271151,0.479794740677
45,0.092743691057,0.499436527491,0.0732487365603,0.47826987505
46,0.0919378325343,0.49888279289,0.0731912255287,0.476792246103
47,0.0917354589328,0.498005464673,0.0731344223022,0.475348085165
48,0.0917321955785,0.497657962143,0.0730785131454,0.473943889141
49,0.0926774833351,0.497386611998,0.0730227008462,0.472565472126
50,0.0905582001433,0.496344529092,0.0729682818055,0.471209853888
51,0.0925113623962,0.495504282415,0.0729143247008,0.469892799854
52,0.0930763315409,0.495342537761,0.0728614479303,0.468602657318
53,0.0890253093094,0.494410835207,0.0728081613779,0.467333227396
54,0.0935820247978,0.493616700172,0.0727564767003,0.46609377861
55,0.0899603907019,0.493459194899,0.0727052986622,0.464879900217
56,0.0912832785398,0.493357822299,0.0726549178362,0.4636926651
57,0.0917160306126,0.492100074887,0.0726051554084,0.462524741888
58,0.0930005796254,0.491409264505,0.0725547596812,0.461360692978
59,0.0916173877195,0.49118552357,0.0725055709481,0.460232973099
60,0.0918395966291,0.490976944566,0.0724574998021,0.459124386311
61,0.0921794362366,0.490161553025,0.0724094361067,0.458038628101
62,0.0902948798612,0.489865168929,0.0723613798618,0.456962972879
63,0.092129108496,0.489414922893,0.0723144188523,0.455913871527
64,0.0925259813666,0.488879963756,0.0722680687904,0.454876095057
65,0.0917570423335,0.488007172942,0.07222148031,0.453857272863
66,0.0918764425442,0.487513229251,0.0721753835678,0.452850669622
67,0.0922766523436,0.486903719604,0.0721299126744,0.451857179403
68,0.0916642351076,0.486580915749,0.0720847547054,0.450886249542
69,0.0922348033637,0.48592966795,0.0720404312015,0.449925124645
70,0.0925984214991,0.485200464725,0.0719957202673,0.448972523212
71,0.088220060803,0.485043883324,0.0719515904784,0.448047161102
72,0.0928118657321,0.484622858465,0.0719081610441,0.447126448154
73,0.091744100675,0.483723580837,0.0718640014529,0.446211159229
74,0.0901764826849,0.483392007649,0.0718211978674,0.445317983627
75,0.0893837641925,0.48314217478,0.0717783123255,0.444435894489
76,0.0910275243223,0.482798837125,0.0717360302806,0.443567365408
77,0.0891240239143,0.482204593718,0.0716942027211,0.442715317011
78,0.0902323601767,0.481557786465,0.0716525092721,0.441862970591
79,0.0917486688122,0.480815932155,0.0716103166342,0.441018521786
80,0.0919272825122,0.480604469776,0.0715686455369,0.440182983875
81,0.0909254923463,0.480321094394,0.0715271160007,0.439360707998
82,0.0901906862855,0.480237536132,0.0714861527085,0.438550293446
83,0.0918842833489,0.479188844562,0.0714457929134,0.437747567892
84,0.0906470790505,0.478964425623,0.0714052468538,0.436955273151
85,0.0908634932712,0.478846795857,0.0713650509715,0.436173737049
86,0.0896196626127,0.47813834995,0.0713246315718,0.4353980124
87,0.0914021264762,0.477824226022,0.0712849572301,0.434630066156
88,0.0915520954877,0.477935127914,0.0712449401617,0.433872878551
89,0.0903591979295,0.476703338325,0.0712056159973,0.433118730783
90,0.0891641899943,0.476316876709,0.0711658149958,0.432372421026
91,0.0905405320227,0.475663863122,0.0711267888546,0.431630223989
92,0.0914491843432,0.475129418075,0.0710877552629,0.430898725986
93,0.0900530144572,0.47573710233,0.07104806602,0.430169671774
94,0.0913100149482,0.474781632423,0.0710096806288,0.42945510149
95,0.0885206768289,0.474297195673,0.0709714740515,0.428751647472
96,0.0904121389613,0.473903521895,0.0709325000644,0.428038984537
97,0.0898984950036,0.473625600338,0.0708939880133,0.427343547344
98,0.090260617435,0.473289586604,0.0708558037877,0.426652729511
99,0.0905908979475,0.472611136734,0.0708177685738,0.425968825817
100,0.0874330848455,0.472174100578,0.0707799494267,0.425293296576
101,0.0906385239214,0.471899926662,0.0707423314452,0.424622058868
102,0.0905700065196,0.471552737057,0.0707044899464,0.423950970173
103,0.0909363441169,0.470824696124,0.0706668645144,0.423282921314
104,0.0891054132953,0.470976434648,0.07062920928,0.422626405954
105,0.0898705795407,0.470214612782,0.0705920159817,0.421972453594
106,0.091436041519,0.470147326589,0.0705537870526,0.421317100525
107,0.0909218620509,0.469704799354,0.070516243577,0.420670807362
108,0.0909678563476,0.469546191394,0.0704793259501,0.420029401779
109,0.0895191701129,0.468860149384,0.0704417228699,0.419391930103
110,0.089525507763,0.468759410083,0.0704046115279,0.41876116395
111,0.0903128851205,0.467987291515,0.0703677162528,0.418133109808
112,0.0872325245291,0.46792986989,0.0703307464719,0.4175157547
113,0.0888565527275,0.467637971044,0.0702942758799,0.41690030694
114,0.0879745390266,0.467144206166,0.0702573955059,0.416291803122
115,0.0903052613139,0.466058544815,0.0702205225825,0.415682137012
116,0.0896332953125,0.466499105096,0.0701837092638,0.415073305368
117,0.0905288588256,0.46604783833,0.0701470673084,0.414467632771
