epoch,jaccard,loss,val_jaccard,val_loss
0,0.0948849101551,0.65788365528,0.0953349545598,0.551452949643
1,0.0944764716551,0.564126498997,0.0944516826421,0.514153197408
2,0.0934115520213,0.531242415309,0.0942606460303,0.500686362386
3,0.0939594293013,0.514013567939,0.0946477372199,0.491016089916
4,0.0951936119236,0.502100737765,0.0963699873537,0.481992378831
5,0.0959064424969,0.49236375466,0.0995193067938,0.47306856513
6,0.0994687424973,0.482752937824,0.101522287354,0.464341260493
7,0.100533492863,0.474709823728,0.105451319367,0.456795476377
8,0.102403458674,0.467200797051,0.105774763972,0.450595282018
9,0.104992814828,0.45974153094,0.107506129891,0.445145912468
10,0.105550432112,0.454071477056,0.107396030799,0.438836395741
11,0.105338406749,0.448412079364,0.110225101933,0.436007425189
12,0.107990005985,0.442050220445,0.109373003244,0.428538784385
13,0.107414639089,0.437239060178,0.111533125862,0.424381136894
14,0.108932342846,0.431481536478,0.113966567442,0.418689221144
15,0.108572989702,0.427149144933,0.113765329123,0.413897402585
16,0.111079989932,0.422377543524,0.109122578055,0.411964066327
17,0.109569385648,0.418028326705,0.113451879472,0.405845955014
18,0.108916803729,0.41405749321,0.112817892805,0.401592984796
19,0.11302657472,0.408685605973,0.113325903192,0.397479861975
20,0.112115310971,0.4045310691,0.116333134472,0.393906608224
21,0.113702166826,0.400901593268,0.113578867167,0.39050155133
22,0.113720801193,0.396874440834,0.116356544197,0.386337570846
23,0.11388483597,0.393728986382,0.116973500699,0.38472854346
24,0.115071676672,0.389626590535,0.117579424754,0.379888392985
25,0.117196090519,0.385657815263,0.119379164651,0.376916736364
26,0.117485248018,0.382028948516,0.118220696226,0.373342819512
27,0.119036658201,0.378241116181,0.119601359591,0.370658420026
28,0.116435727105,0.376651151106,0.123229121789,0.367091350257
29,0.118417748716,0.372954703867,0.120961649343,0.365303173661
30,0.116619347129,0.371966606006,0.118304466829,0.364972881973
31,0.120239413809,0.368933474645,0.117052175105,0.36121276021
32,0.117335157935,0.366684477776,0.115131294355,0.358580350876
33,0.116416305769,0.3636182677,0.120746403933,0.355935916305
34,0.121436686255,0.360733672976,0.118525117636,0.353812672198
35,0.120757116936,0.357135439292,0.125298742205,0.350537091494
36,0.123414110858,0.353757565841,0.123651983216,0.3486937657
37,0.122103760019,0.353091336787,0.125724155456,0.346078507602
38,0.123838998843,0.349458167329,0.122790142894,0.34406914562
39,0.124157033861,0.347296016291,0.12591040507,0.342658311129
40,0.122062352486,0.346103142947,0.12909126468,0.340650342405
41,0.123990441207,0.34445627965,0.127408459783,0.337941907346
42,0.125004564412,0.342435324565,0.130635874346,0.337509222329
43,0.122322441544,0.34165061079,0.117857314646,0.338673844934
44,0.123227109667,0.338602229953,0.127507895231,0.3355242908
45,0.126857631374,0.336405580863,0.129338348284,0.332300767303
46,0.125029881485,0.334886522964,0.130955716595,0.330748900771
47,0.127521798015,0.332403898239,0.128094758838,0.328667677939
48,0.12721532397,0.331108480692,0.131446173415,0.327866643667
49,0.127860350534,0.329730881378,0.129374530166,0.326179660857
50,0.129413774703,0.327495286241,0.13463903591,0.324680291116
51,0.128769243136,0.325872870162,0.132840672508,0.322187185287
52,0.130401088856,0.323762355372,0.133407458663,0.321285679936
53,0.13147404138,0.322625154629,0.130779428408,0.321581691504
54,0.130112561397,0.321479292586,0.134041730314,0.318995542824
55,0.13131173281,0.320152565837,0.135319029912,0.317661367357
56,0.130769343115,0.319923684001,0.134110014886,0.317239038646
57,0.131903985515,0.317545529455,0.133706128225,0.315632097423
58,0.133576227352,0.315722575411,0.130725836381,0.314352147281
59,0.13175797835,0.31528920494,0.133293470368,0.312617011368
60,0.135102260392,0.312714545056,0.134688371792,0.311180010438
61,0.135322100949,0.31112716347,0.138412846252,0.310264334083
62,0.134163831826,0.311546411365,0.135743277147,0.310176022351
63,0.136597398669,0.309047078714,0.138715418056,0.308491274714
64,0.136887460481,0.30832246691,0.138470187783,0.308076612651
65,0.134816360194,0.308901140466,0.133830595762,0.307723648846
66,0.137477502227,0.307163871825,0.132907791063,0.307533316314
67,0.134443969931,0.306077025831,0.140855791047,0.304696053267
68,0.1373195122,0.307032036595,0.133049573749,0.304896116257
69,0.136193030979,0.303673904389,0.139587411657,0.303130790591
70,0.137453217059,0.30352369789,0.133755043149,0.302554406226
71,0.134679213166,0.30390361324,0.134711490944,0.301007427275
72,0.130870439578,0.303637211211,0.145397596061,0.300270445645
73,0.142015354708,0.30024410598,0.14022997953,0.300275966525
74,0.138297351543,0.300713080913,0.136117320508,0.299037046731
75,0.140615141485,0.298638451844,0.135772144422,0.299249581993
76,0.137825837824,0.299067686312,0.137169310823,0.298419356346
77,0.140590202063,0.296579729766,0.142715666443,0.296555608511
78,0.137962715235,0.297716196626,0.143362538889,0.298500552773
79,0.14380641561,0.295168722048,0.142111591995,0.295410502702
80,0.143640722614,0.293895307928,0.141361866146,0.29443865642
81,0.144343683496,0.292437483557,0.147799219936,0.293662715703
82,0.143170412164,0.292684985325,0.145687334239,0.293429024518
83,0.14392269263,0.291678868234,0.144514810294,0.293039865792
84,0.144565708004,0.292116313241,0.143629685044,0.293131791055
85,0.145371663384,0.289890514687,0.147733815014,0.291335109621
86,0.142987694126,0.290737592615,0.146657686681,0.290908653289
87,0.14555440424,0.289596629329,0.148699175566,0.289279304445
88,0.145807040855,0.289339807816,0.15220907703,0.288796700537
89,0.149974576663,0.286788451485,0.14253314957,0.28882163018
90,0.148154627532,0.286662251689,0.152184598148,0.287872415036
91,0.147837501951,0.287125786766,0.150179866701,0.287694793195
92,0.14320679009,0.28788204398,0.154698610306,0.287379123271
93,0.150411133654,0.28664937336,0.146155592054,0.286907680333
94,0.150265885051,0.284275280312,0.144720070064,0.286510985345
95,0.144792475272,0.286784266122,0.138715613633,0.289289653301
96,0.147507457063,0.284793153405,0.147649422288,0.285788919777
97,0.151244966313,0.28351415135,0.144112326205,0.285974159837
98,0.150663335808,0.281589871272,0.153867203742,0.285196054727
99,0.151620796882,0.281910249963,0.149315968156,0.283713027835
100,0.151744883507,0.281431861222,0.152339722961,0.283468917012
101,0.150776543189,0.281809836626,0.160454854369,0.282424151897
102,0.154656040482,0.279042655602,0.154458690435,0.282232411206
103,0.155055029318,0.279547708109,0.146792039275,0.283947303891
104,0.146655371878,0.282222214155,0.146981220692,0.28261135146
105,0.153304344043,0.278031117283,0.157397903502,0.281172733754
106,0.154012865853,0.279039951973,0.157281707972,0.280006043613
107,0.157863014843,0.276690740138,0.148189011961,0.281389359385
108,0.152964903042,0.277985506691,0.153577186167,0.283193357289
109,0.157255277969,0.276106679812,0.146876838058,0.280000474304
110,0.154759329744,0.276219201274,0.151649288833,0.279790516943
111,0.155251615215,0.275325393304,0.163842078298,0.278014294803
112,0.154001904652,0.277995717712,0.149815622717,0.279183872044
113,0.157601314131,0.2748980904,0.157967701554,0.278177667409
114,0.151185155846,0.277167848311,0.167358711362,0.278954550624
115,0.156644012779,0.277187664993,0.156862650067,0.27795798704
116,0.154611130245,0.274427466094,0.164443526417,0.276896499097
117,0.159561810084,0.273496529087,0.157730992883,0.277401629835
118,0.157173900865,0.273991571739,0.155578024685,0.27622538805
119,0.15764501784,0.272728814743,0.154350399971,0.27580505982
120,0.159461055882,0.2715396313,0.157931696624,0.275793604553
121,0.158944743685,0.272538803518,0.160249065608,0.275442831218
122,0.163714510389,0.270654574037,0.156027205288,0.274547204375
123,0.161363611929,0.269865934737,0.154134184122,0.275123812258
124,0.162920699455,0.270443426445,0.153647132218,0.275161325932
125,0.162368389778,0.269589026459,0.152000427246,0.274679083377
126,0.160819022916,0.269629570656,0.159118730575,0.275417551398
127,0.162130665965,0.269180933945,0.1690662615,0.273882787675
128,0.161966972053,0.269684763625,0.159539379179,0.274515084922
129,0.1611140389,0.269744085148,0.155114628375,0.274426110089
130,0.159841576591,0.269971687347,0.159087903798,0.275427106768
131,0.160591139458,0.270054643974,0.158152677119,0.273346830159
132,0.159796780907,0.269814693369,0.176386948675,0.274410966784
133,0.164407074451,0.267954661511,0.159252811223,0.272634938359
134,0.162435565609,0.266518651508,0.172940503806,0.271507199854
135,0.163287828676,0.267370657995,0.169178728014,0.271863672882
136,0.165529055521,0.268209265545,0.15274682641,0.27343897149
137,0.155809997581,0.270061145537,0.172326948494,0.274331320077
138,0.165395284072,0.267481409945,0.15947554633,0.272376723588
139,0.16476207599,0.265432099812,0.162326034158,0.270185414702
140,0.164671033621,0.266839832067,0.15457303077,0.27138120681
141,0.166217372753,0.265383431688,0.163314536214,0.270197235048
142,0.167119945399,0.263571823947,0.164882045239,0.268846295774
143,0.167630466633,0.264862659387,0.158131018281,0.269971851259
144,0.164315507282,0.265553466044,0.148950383067,0.271789193153
145,0.165092743002,0.266012632288,0.154441509396,0.270459964871
146,0.163343255408,0.26424173452,0.169881299138,0.268819220364
147,0.168443753384,0.264078467153,0.167862255126,0.26785556972
148,0.171563362703,0.260995941237,0.163458153605,0.268811266869
149,0.170107323676,0.261586247012,0.165331825614,0.268139496446
150,0.168719722889,0.262087741867,0.171139188111,0.267054222524
151,0.163638398517,0.263083897531,0.181515406817,0.270173788071
152,0.168943621218,0.264070704579,0.161579471081,0.268167227507
153,0.167384896427,0.264137818478,0.15919290483,0.269026804715
154,0.167344410904,0.262541770004,0.160967227072,0.268943205476
155,0.169908543117,0.261529495008,0.166340462863,0.267830789089
156,0.171699727885,0.260635691695,0.156526330858,0.268886126578
157,0.17075363826,0.260120503604,0.165370050818,0.266192566603
158,0.168283011764,0.263101003133,0.15855730325,0.270522646606
159,0.167346566916,0.262963751331,0.170628346503,0.267697408795
160,0.172326756641,0.259845165536,0.171953570098,0.265411175787
161,0.168946144171,0.261163808405,0.160410292447,0.266824025661
162,0.17346346844,0.259012486786,0.161928549409,0.266615409404
163,0.172313485295,0.259358799085,0.169220875949,0.266195312142
164,0.171807698905,0.258285509422,0.170658022165,0.26434333995
165,0.172865163535,0.257978287525,0.17726547271,0.264691758901
166,0.176559064537,0.256866677664,0.174358975142,0.263961549848
167,0.171687604859,0.258857239038,0.173680301756,0.267062980682
168,0.173437085934,0.259124508128,0.178484242409,0.265277128667
169,0.172148826532,0.259339491837,0.170154694468,0.266864988953
170,0.169985492714,0.260740358382,0.162565760314,0.267765399069
171,0.174750258215,0.258551535197,0.163559976965,0.265652369708
172,0.165917383973,0.262467625551,0.168692946434,0.264963712543
173,0.169700765982,0.259709523991,0.166125960648,0.26503592357
174,0.170069490559,0.259620888159,0.178478848189,0.26324192062
175,0.174978441559,0.258307950571,0.173062562943,0.26371819526
176,0.17132244911,0.258816233836,0.173114474863,0.263669189066
177,0.174011246301,0.258227632381,0.17785019055,0.265001863241
178,0.173218210228,0.257903974503,0.15504636243,0.267211530358
179,0.176287726499,0.255602632649,0.166270554066,0.263906285167
180,0.175011198036,0.255453171209,0.173722568899,0.262176763266
181,0.178612365387,0.254644457251,0.173284810036,0.261444538832
182,0.17886689771,0.254717856646,0.172555867583,0.261985011399
183,0.180730796419,0.253658608533,0.169953159988,0.26227851212
184,0.178143672645,0.254511744715,0.168889526278,0.262379974127
185,0.175153793767,0.256257243454,0.174877360463,0.262806907296
186,0.177429000847,0.255946002901,0.166941300035,0.264709744602
187,0.178585170768,0.25386701338,0.176243629307,0.262413583696
188,0.178132101893,0.254426417872,0.168119888753,0.262834273279
189,0.176837101579,0.254859931767,0.173089444637,0.261756826192
190,0.179546311498,0.253106300719,0.179462738335,0.260884344578
191,0.17589132674,0.255401691422,0.174130279571,0.261879201978
192,0.177958656102,0.253543623723,0.174349386245,0.260740377009
193,0.180968283676,0.253148441203,0.171611588448,0.261564273387
194,0.179611218162,0.251834086142,0.174044407904,0.260647207499
195,0.183031553403,0.251600674354,0.171207528561,0.261695493013
196,0.17454778403,0.255000150762,0.176554337144,0.260135043412
197,0.179647268727,0.252473399043,0.177627917379,0.259980525821
198,0.182164828293,0.252458562143,0.175135266036,0.261375892907
199,0.18113640137,0.251589723863,0.168670214713,0.262214053422
200,0.18177353777,0.251127641648,0.183998063207,0.260531451553
201,0.179130017757,0.252935832366,0.179005093873,0.260048240423
202,0.180923942477,0.253696430475,0.179975818843,0.260170705616
203,0.180431567132,0.251049192622,0.177129719406,0.261160641909
204,0.182090391405,0.251093542203,0.178807068616,0.258823823184
205,0.181708128192,0.250519867986,0.184555523098,0.259869337082
206,0.180881108157,0.251460283063,0.17852268368,0.260092243552
207,0.180771652609,0.251450871117,0.180980347097,0.259335294366
208,0.182811062783,0.250767059624,0.165552619845,0.260796803981
209,0.177931596525,0.253088353202,0.169291298836,0.261146835983
210,0.179537572898,0.253487711772,0.170112010092,0.261491965503
211,0.184146514162,0.251448951662,0.176232401282,0.258529495448
212,0.183199389838,0.250034415163,0.177185822278,0.258834548295
213,0.181385574862,0.250101788901,0.188788078725,0.258122861385
214,0.187977754511,0.248413283378,0.175283201039,0.259843893349
215,0.187016203068,0.248435305431,0.166737884283,0.260407082736
216,0.181491438299,0.250439284369,0.170078951865,0.259986184537
217,0.183891534805,0.249258881435,0.175165034831,0.260197993368
218,0.180508526973,0.250338811427,0.18931062147,0.258566241711
219,0.18026329577,0.251420240849,0.182832974941,0.258071091026
220,0.186580866575,0.249966857955,0.172459047288,0.260874979198
221,0.184311684221,0.24867038615,0.183786522597,0.258499652147
222,0.183184631169,0.249312371016,0.167864296585,0.260776355863
223,0.184679957107,0.250005740672,0.162710621953,0.262143794447
224,0.175823510624,0.25275402423,0.160334590822,0.266177162528
225,0.182086297311,0.252351171337,0.181366212666,0.259792231023
226,0.186960720457,0.247278350405,0.176607679576,0.258168008178
227,0.185596590862,0.247127516195,0.18803531304,0.25662458688
228,0.188079568557,0.245988980867,0.183515846729,0.256602957845
229,0.188076851889,0.247045413591,0.181436374784,0.25694764033
230,0.188274403103,0.247094291262,0.178067255765,0.257184229791
231,0.184367069975,0.247633085586,0.18013979122,0.258361339569
232,0.19059332367,0.245203297585,0.173040948808,0.258549887687
233,0.188307006843,0.246891467832,0.175410829484,0.258283291012
234,0.186118341051,0.24737257231,0.182744015008,0.257103979588
235,0.188372562639,0.246617241763,0.177003487945,0.258807495236
236,0.185061153956,0.2476856336,0.183861944824,0.258519791067
237,0.188041553833,0.246983815916,0.185079511255,0.256231594831
238,0.18678289745,0.246110135689,0.180947508663,0.25760852918
239,0.188378896564,0.246119210497,0.183694407344,0.25709945336
240,0.188825552352,0.245042680763,0.193384565413,0.256554637104
241,0.190097686835,0.246304637752,0.188442744315,0.256229933351
242,0.186088947579,0.246089451946,0.169863581657,0.260428022593
243,0.189660549164,0.246285893023,0.184514708817,0.256572339684
244,0.187827850692,0.245054634288,0.186424601823,0.255818564445
245,0.192445387132,0.244208834134,0.180217713118,0.255489941686
246,0.1891824333,0.245231788605,0.180520515889,0.257938697934
247,0.188189282082,0.246888233349,0.188283275813,0.256023287773
248,0.192566475831,0.244514688849,0.177888255566,0.256050020456
249,0.194115374237,0.242335270159,0.175539266318,0.257352292538
250,0.189209259115,0.244165289216,0.189898673445,0.255687363446
251,0.186495404691,0.24495107308,0.182668384165,0.256723780185
252,0.191658095457,0.245285038836,0.177391603589,0.256889078766
253,0.18762458954,0.246224675328,0.187498021871,0.255970086902
254,0.186615147628,0.247866744176,0.188885498792,0.254980936646
255,0.18999133911,0.244874214754,0.173567056656,0.257631380111
256,0.191088749096,0.24381369818,0.171967096627,0.258026201278
257,0.190776278265,0.245232610032,0.183742117137,0.253930401057
258,0.189070628025,0.244991428219,0.16922333464,0.258923150599
259,0.188721656799,0.246203964576,0.173911269754,0.25973733142
260,0.189470049925,0.245085338131,0.182506375015,0.256879262626
261,0.19001547806,0.243447342888,0.187238756567,0.256191618741
262,0.192394583486,0.243236239068,0.176888018847,0.255388908088
263,0.193424255587,0.24217628967,0.185522668064,0.255851071328
264,0.193555967882,0.24358229246,0.183971866965,0.256367001683
265,0.18705763761,0.246080813929,0.184490796179,0.256390593946
266,0.194814575836,0.243122588843,0.181746114045,0.255861021578
267,0.188499543816,0.243812786415,0.185261566192,0.254609372467
268,0.195441723801,0.242237059399,0.18658388406,0.253830902278
269,0.194778036326,0.242108833976,0.190766643733,0.254720006138
270,0.193010869436,0.243711643852,0.162413448095,0.262401714921
271,0.187136862427,0.244153941981,0.182531893253,0.257974728942
272,0.189678762108,0.243411636911,0.192688561976,0.255602017045
273,0.190973544493,0.243190558627,0.181955561042,0.255512882024
274,0.194573886693,0.24379532598,0.191163770854,0.254230026156
275,0.190166885965,0.243704548106,0.185162045062,0.257273573428
276,0.192986237817,0.244241170585,0.173528127372,0.257131844759
277,0.193253313191,0.242464943789,0.178833220154,0.258794169873
278,0.19141232688,0.243886205368,0.183315705508,0.256383482367
279,0.191850054078,0.243038658984,0.194790031761,0.253786418587
280,0.194367126562,0.242108531296,0.195272311568,0.252553027123
281,0.192976476625,0.241576910019,0.188875593245,0.253962092102
282,0.193499945104,0.243120519444,0.184369992465,0.254146065563
283,0.191712757573,0.243117314763,0.190843433142,0.2531985268
284,0.194264744408,0.242145258933,0.182408425957,0.254342153668
285,0.193342681043,0.242647517473,0.177638702095,0.255770083517
286,0.1936517125,0.242789626122,0.172125261277,0.257281284779
287,0.19153248053,0.242305397056,0.183448784053,0.255195934325
288,0.192321453243,0.242104179226,0.193495880812,0.25478284061
289,0.198472395539,0.240165079013,0.18862548098,0.253589134663
290,0.189378699288,0.245705299079,0.171034630388,0.257214836776
291,0.192969499156,0.241568385623,0.185903817415,0.254025224596
292,0.19447477255,0.24116689153,0.198966238648,0.252792239189
293,0.194675733335,0.242465467192,0.180711586028,0.254476044327
294,0.19644900132,0.239606070332,0.182356290519,0.255112830549
295,0.194610785693,0.24244756531,0.186518061906,0.253273967654
296,0.195661718957,0.241434033029,0.180346146226,0.254536323249
297,0.19506237749,0.239995292388,0.18412033841,0.253878373653
298,0.196626020595,0.241999126039,0.168788645416,0.256552174687
299,0.191334655508,0.24181429483,0.186224173754,0.253762103617
300,0.194011641666,0.239975966513,0.188458397985,0.252374004573
301,0.194363267161,0.24204463046,0.178702522069,0.255677398294
302,0.194596610032,0.242157680914,0.185930073261,0.252065945417
303,0.197176207788,0.239717599005,0.191335551441,0.252149727196
304,0.191505903378,0.24294765573,0.181993275881,0.255105055869
305,0.197661853395,0.239822479896,0.178877975792,0.255659941584
306,0.193338336423,0.241156299599,0.193287078291,0.252827439457
307,0.19634582568,0.241580693051,0.195366505533,0.252630241215
308,0.198774816468,0.239378300495,0.176596213132,0.254514440894
309,0.196521077305,0.239419057034,0.175342846662,0.256520818919
310,0.196202256717,0.23962727841,0.180871482939,0.253641661257
311,0.194051177241,0.240531088784,0.180998377502,0.255739223212
312,0.200566879474,0.239387017675,0.189333155751,0.252867434174
313,0.195226958953,0.2394520659,0.196058511734,0.251561649144
314,0.20209313184,0.236499357037,0.181830044836,0.253777008504
315,0.198282992467,0.238380494528,0.181698892266,0.254275869578
316,0.19855916407,0.239278688096,0.198439169675,0.252395901829
317,0.195061594248,0.240096056834,0.194953784347,0.252091284841
318,0.194141210057,0.241248737089,0.185959786177,0.253918483853
