epoch,jaccard,loss,val_jaccard,val_loss
0,0.225262509659,0.5867610313,0.297143753618,0.490465864539
1,0.350326096639,0.443683775142,0.356425717473,0.414228156209
2,0.371907094494,0.408036997542,0.375464405864,0.388593487442
3,0.401623001322,0.365450646728,0.392763271928,0.371803298593
4,0.422926088795,0.350229870528,0.398995283991,0.359200567007
5,0.415124798194,0.35278570652,0.390564817935,0.348201528192
6,0.437634574249,0.326147126034,0.412704195827,0.335022002459
7,0.411200908013,0.351731002331,0.409968469292,0.346678160131
8,0.434526549652,0.326924022287,0.423712741584,0.319809757173
9,0.453776182607,0.308312946931,0.428297121078,0.310835011303
10,0.456812642515,0.305136416107,0.423233292997,0.308274485171
11,0.459059219807,0.296640226617,0.438951846212,0.304304644465
12,0.465618614107,0.294316569343,0.447553105652,0.293553248048
13,0.48136414215,0.277828995138,0.452647283673,0.287152282894
14,0.486283969134,0.273584410548,0.455011211336,0.280134826899
15,0.48018296808,0.280532428995,0.456699982285,0.281010426581
16,0.480340724811,0.278000313789,0.457700364292,0.284293338656
17,0.492581209168,0.265730628744,0.46739063412,0.277937695384
18,0.508378408849,0.250857544132,0.472935967147,0.265372872353
19,0.507709437981,0.25134754274,0.47664412111,0.253379248083
20,0.501020763069,0.252440227196,0.481219209731,0.26412082091
21,0.494324460626,0.262800463475,0.473856784403,0.264802366495
22,0.500074764714,0.261986736208,0.480313383043,0.251420155168
23,0.513792356476,0.244410307147,0.492036767304,0.242072306573
24,0.523774690926,0.236165833659,0.498004503548,0.248420163989
25,0.535063577816,0.231037996709,0.500732965767,0.234193727374
26,0.537657966837,0.223492600024,0.51036709547,0.226066570729
27,0.536699980497,0.226275354624,0.506795085967,0.239327438176
28,0.537271386012,0.228089864366,0.5073113814,0.235122635961
29,0.525761172175,0.238325475715,0.510380908847,0.244927223772
30,0.53657476604,0.226830568165,0.519326411188,0.223412964493
31,0.540354073048,0.224268447608,0.52062381804,0.220489632338
32,0.558708336204,0.208050345071,0.531589597464,0.208779372275
33,0.554260311648,0.209500712343,0.524416208267,0.207593407482
34,0.561196336523,0.205402417108,0.538346461952,0.199502851814
35,0.564675476402,0.200687935576,0.540896169841,0.196917165071
36,0.554393798113,0.205767967738,0.546291798353,0.194959398359
37,0.576631674543,0.194652823731,0.544374458492,0.193052437156
38,0.579429624602,0.194223522209,0.549223512411,0.190657578409
39,0.590485131368,0.184313530102,0.558709360659,0.187742643058
40,0.587622543797,0.183008153923,0.564018309116,0.182828761637
41,0.596164410934,0.177965260111,0.564968176186,0.178690630943
42,0.593120481819,0.177529603243,0.570527181029,0.173517249525
43,0.606326423585,0.171313913539,0.575736738741,0.174627572298
44,0.601186225191,0.173826065846,0.578769728541,0.170347653329
45,0.599553693086,0.180336371996,0.569498285651,0.180229730904
46,0.598113561049,0.175071369857,0.582539744675,0.170122824609
47,0.624049194157,0.163635807112,0.587721042335,0.164738651365
48,0.611320640892,0.169514216483,0.580130331218,0.178383301944
49,0.599250897765,0.173807588406,0.578924462199,0.183809041977
50,0.609232550487,0.175586844794,0.569016315043,0.192371603101
51,0.536442266777,0.24723912403,0.540520258248,0.213322527707
52,0.547872403637,0.239673776552,0.555808648467,0.191151801497
53,0.565887877718,0.207310142927,0.566185079515,0.197890475392
54,0.586769370362,0.200184872374,0.580556496978,0.174124903977
55,0.612492091954,0.177853867412,0.590508505702,0.172586791217
56,0.621989648789,0.167283449322,0.596146911383,0.16378242895
57,0.63792867586,0.157170173712,0.606164418161,0.157571576536
58,0.630674624816,0.161559645087,0.605138964951,0.158869735897
59,0.637700904161,0.157132982276,0.612247228622,0.155741270632
60,0.640815569088,0.152983319946,0.614013336599,0.149337865412
61,0.655170619488,0.14557982143,0.622879683971,0.146905042231
62,0.655356649309,0.144520889968,0.622403174639,0.150452621281
63,0.643984349445,0.148805576377,0.627152830362,0.142320651561
64,0.646782401949,0.145159199834,0.629166670144,0.140298236161
65,0.645701864734,0.145345154218,0.631515182555,0.144199706614
66,0.655331578106,0.143100799061,0.633769005537,0.138798058033
67,0.667245492339,0.137001443654,0.639524437487,0.134559825063
68,0.669302400202,0.134180875029,0.641242168844,0.13217067346
69,0.678372211754,0.130732575897,0.644997134805,0.129785850644
70,0.673712283373,0.128551992588,0.650411121547,0.131307192147
71,0.681134944782,0.126640604809,0.652746967971,0.130550965667
72,0.690606117249,0.125309384428,0.651483394206,0.125492995605
73,0.691659942269,0.12422430329,0.657579034567,0.12409542501
74,0.684007333592,0.125297422055,0.660714372993,0.124406009912
75,0.695468064398,0.119148767553,0.663536772132,0.122980652377
76,0.69683862105,0.118562979158,0.668038696051,0.120811417699
77,0.705824565142,0.115016294178,0.668143756688,0.123443167657
78,0.704474762082,0.11514708586,0.673012599349,0.117191104218
79,0.70738979429,0.113402628805,0.675700105727,0.115549458191
80,0.703933175653,0.113299046643,0.678275212646,0.11513629742
81,0.717809647322,0.109829513356,0.679269790649,0.112612618133
82,0.716447416693,0.108971025795,0.68377803266,0.111699460074
83,0.693117830902,0.124515270814,0.665273353457,0.126777218655
84,0.698540937155,0.128591118846,0.666164465249,0.129709500819
85,0.688832363114,0.130520749837,0.676442719996,0.118968725204
86,0.678015299141,0.136301566847,0.670392654836,0.118377085775
87,0.690130451694,0.127370412461,0.681557260454,0.117836834863
88,0.709262639284,0.118491981179,0.676300317049,0.124905427918
89,0.697816327214,0.118729838636,0.683453410864,0.115615256131
90,0.72104376927,0.113456991035,0.692622736096,0.109185531735
91,0.714641720057,0.109452833422,0.696535781026,0.108590774238
92,0.723729725927,0.105431776028,0.700590223074,0.102155331522
93,0.731725078076,0.102176656015,0.705540925264,0.10224923864
94,0.735044050962,0.0996947032399,0.708157449961,0.0997408162802
95,0.743462372571,0.0982452398166,0.703930959105,0.104286475107
96,0.737463798374,0.0984287448227,0.713071256876,0.096982575953
97,0.748148653656,0.0954660489224,0.71468321979,0.0977056566626
98,0.750807307661,0.0940329860896,0.715328231454,0.0967907961458
99,0.751434385777,0.0927646555938,0.717069774866,0.0965561494231
100,0.748413428664,0.0933440425433,0.721482217312,0.0960387513041
101,0.757289662957,0.0909737753682,0.723142072558,0.0926415883005
102,0.744444061071,0.0928821754642,0.727330327034,0.0915378965437
103,0.744377747178,0.096440826077,0.724612772465,0.0971206668764
104,0.76935858652,0.087664341554,0.7299182266,0.0911878217012
105,0.764842372388,0.0867761550471,0.732660055161,0.0897747222334
106,0.758354960009,0.0879302844405,0.733853176236,0.0902196541429
107,0.759860504419,0.0884895189665,0.733379364014,0.0903831757605
108,0.767849136144,0.0859186132438,0.737085610628,0.0882762093097
109,0.772800687701,0.0848244200461,0.735955953598,0.091035341844
110,0.757313381881,0.0876212213188,0.739991933107,0.0858064461499
111,0.770872656256,0.0835910746828,0.743927359581,0.0861434657127
112,0.758346755058,0.0859396997839,0.745303303003,0.0837659332901
113,0.769888877869,0.0834577400237,0.745656982064,0.0854723285884
114,0.773707319051,0.0838304837234,0.744257569313,0.0851753503084
115,0.774355459958,0.0824005436152,0.746108159423,0.0879773646593
116,0.783679008484,0.0804242361337,0.74997574091,0.0848083607852
117,0.77809195593,0.0812002075836,0.754156529903,0.0815306585282
118,0.785916298628,0.0784307355061,0.753527835011,0.0808596536517
119,0.798816971481,0.0752234645188,0.75794364512,0.0808558240533
120,0.784239783883,0.077653110493,0.758473366499,0.0792056266218
121,0.788829032332,0.0763142397627,0.759499281645,0.0797016955912
122,0.789643350989,0.0793678960763,0.753650188446,0.0813212431967
123,0.781244348735,0.0792882840615,0.756366759539,0.0814446453005
124,0.790037054569,0.0761562562548,0.76367457211,0.0776030290872
125,0.788793873042,0.0739333643578,0.762647137046,0.0802578944713
126,0.792164344341,0.0760133871809,0.762275338173,0.0801027342677
127,0.795063462108,0.0748806158081,0.765399008989,0.0802197288722
128,0.805358946323,0.0725750401616,0.770495519042,0.0740077756345
129,0.762376721948,0.0793569968082,0.771563708782,0.0755883511156
130,0.791462715715,0.074210471008,0.774899482727,0.0730225536972
131,0.802151035517,0.0714812502265,0.773869410157,0.0726051554084
132,0.813119295985,0.0695576674771,0.776087582111,0.0734204109758
133,0.806756008416,0.0693626464345,0.777584269643,0.0724915228784
134,0.805924497545,0.0698725574184,0.770160630345,0.0754719469696
135,0.808138851076,0.0692376196384,0.778705909848,0.0736949108541
136,0.80769880116,0.0680237771012,0.780903667212,0.0740170553327
137,0.811320878565,0.067551713204,0.785222381353,0.0701131541282
138,0.819503922015,0.0656186682172,0.787012830377,0.0699075236917
139,0.824239995331,0.0638675200753,0.788414895535,0.0694936271757
140,0.820132095367,0.0650242201518,0.788497343659,0.0686975177377
141,0.82542174682,0.0636675544083,0.791526407003,0.0677855741233
142,0.812196034938,0.0670014240313,0.790669381618,0.0695383483544
143,0.827937226743,0.0639592609368,0.789869979024,0.0687859226018
144,0.823014989495,0.065283641452,0.792794510722,0.0670735323802
145,0.821841653436,0.0647264658473,0.787967801094,0.0759642329067
146,0.808933656663,0.0666448809206,0.794026345015,0.0689276643097
147,0.800574507564,0.0753948348574,0.756378501654,0.0958935152739
148,0.803794953972,0.0830369461328,0.776274159551,0.0749302860349
149,0.816659502685,0.0714027872309,0.781420007348,0.0758634265512
150,0.826748639345,0.0670077991672,0.786479324102,0.0739849228412
151,0.770077969879,0.107028199127,0.722122274339,0.129333224148
152,0.678085697815,0.175692937803,0.673569224775,0.144547179341
153,0.756160341203,0.112019125838,0.746868491173,0.0951360035688
154,0.780937645584,0.0900323465466,0.768658086658,0.0798728018999
155,0.810350604355,0.0756635242142,0.778167560697,0.0754928011447
156,0.785354860127,0.0877206078731,0.748161330819,0.100724544376
157,0.79634243995,0.0825422410853,0.779408454895,0.0769001916051
158,0.795016918331,0.0772429415956,0.788170084357,0.0694622183219
159,0.825628459454,0.0657111958135,0.79717284441,0.0683044837788
160,0.832564976066,0.0635116277263,0.800349786878,0.065681701526
161,0.83759913221,0.0610740745906,0.801043912768,0.0678061312065
162,0.838993281126,0.0604730329942,0.80398735404,0.066029955633
163,0.834718063474,0.059987365501,0.807784542441,0.0626580026001
164,0.826149150729,0.0629191917833,0.807330355048,0.0654364647344
165,0.823498770595,0.0617138273083,0.803458094597,0.068023269996
166,0.830705028027,0.0630376280751,0.805993929505,0.0661809761077
167,0.839811034501,0.0593050552998,0.811365157366,0.0628832066432
168,0.848518647254,0.0567487599328,0.812421187758,0.0621278723702
169,0.831701282412,0.0585038848221,0.811088904738,0.0616744374856
170,0.848737146705,0.0563429666217,0.812934502959,0.062024217099
171,0.835009407252,0.059130708687,0.815262466669,0.0615884512663
172,0.852255687118,0.0550342311617,0.818509444594,0.0594342127442
173,0.849579960108,0.0544202576857,0.819358423352,0.059955268167
174,0.852979980409,0.0539748584852,0.820949271321,0.0587280765176
175,0.855051927269,0.0534156672657,0.82185035944,0.0595810487866
176,0.848315283656,0.0534630119801,0.824031293392,0.0590305868536
177,0.848932243884,0.0546221339609,0.820966616273,0.0599644994363
178,0.836390819401,0.0566244928632,0.820726647973,0.0632738471031
179,0.853089481592,0.0541219296865,0.823439523578,0.0604079524055
180,0.84742936492,0.0536540397443,0.824789002538,0.0580546995625
181,0.860508408397,0.0510631739162,0.826620534062,0.0585259534419
182,0.858205460012,0.0506965233944,0.828815162182,0.058005079627
183,0.854147452861,0.0520351096056,0.829870820045,0.0572800394148
184,0.857701603323,0.0507301958278,0.828476890922,0.0586485248059
185,0.858302250504,0.0508854521904,0.829402178526,0.0586818540469
186,0.862390778959,0.0498288092203,0.831793770194,0.0566656868905
187,0.862683173269,0.0487870329525,0.832653909922,0.0565812820569
188,0.865298204124,0.0489786148537,0.832206115127,0.0583140067756
189,0.870383631438,0.047650601482,0.833535566926,0.0563889853656
190,0.868258696049,0.0480312532745,0.835645318031,0.0559871066362
191,0.864673137665,0.0479163338896,0.83671246469,0.0550704738125
192,0.873367685825,0.0463488693349,0.837020486593,0.05512632709
193,0.872372977436,0.0472274115309,0.838871821761,0.0545424791053
194,0.870171125978,0.0470385176595,0.839505761862,0.0542778111994
195,0.864200212061,0.0475998145994,0.840874508023,0.054704811424
196,0.872271548957,0.0462050258648,0.839895397425,0.0543985180557
197,0.869944918901,0.0459771978203,0.843134626746,0.0531723229215
198,0.873372353613,0.0455785712693,0.842809736729,0.0524864094332
199,0.873358666897,0.0457750291098,0.844209730625,0.0529580302536
200,0.878716077656,0.0438386679161,0.84478212893,0.0533657642081
201,0.877969861031,0.0443447774742,0.84611786902,0.0522116944194
202,0.880607791245,0.0441155396402,0.844921156764,0.0534521192312
203,0.880104940385,0.0436960977968,0.846348330379,0.0524870678782
204,0.87397069484,0.0444995895959,0.847186952829,0.0524931149557
205,0.885267209262,0.0427046199329,0.847098425031,0.0523898899555
206,0.877401847392,0.0433624943253,0.850287660956,0.0518560772762
207,0.87933819741,0.0432464277837,0.848033234477,0.0530413622037
208,0.883772030473,0.0421797027811,0.851462468505,0.0507720811293
209,0.877003293484,0.0440009094309,0.848925471306,0.0535584446043
210,0.880122862756,0.044539358234,0.85052202642,0.0520023265854
211,0.865004744381,0.051481300965,0.842164576054,0.0572573980317
212,0.87110638991,0.0479975908529,0.843553304672,0.0552414720878
213,0.882424488664,0.044178952463,0.850461319089,0.0521096261218
214,0.878919579089,0.0438853199594,0.851933941245,0.0514328358695
215,0.863135553896,0.0548710946459,0.830713585019,0.0681754779071
216,0.845679674298,0.0573260355741,0.836291924119,0.0624969350174
217,0.875238895416,0.0493546328507,0.850098580122,0.0513856811449
218,0.871819745749,0.0455315187573,0.85315155983,0.0499968472868
219,0.871209390461,0.0461423764937,0.854400873184,0.050192671828
220,0.885395791382,0.0426364268642,0.85441569984,0.0516904434189
221,0.888257365674,0.0415525722783,0.856247976422,0.0516380248591
222,0.886732980609,0.0409542366397,0.858056530356,0.0495418673381
223,0.891359254718,0.0404527522624,0.858546391129,0.050086023286
224,0.881504580379,0.041905289283,0.861842915416,0.0486336490139
225,0.891163866967,0.0402076587779,0.859647557139,0.0500110117719
226,0.894712943584,0.0390873535071,0.862463474274,0.0482458164915
227,0.889217238873,0.0402838694863,0.861252725124,0.0501156104729
228,0.895122416317,0.0388298815815,0.864090830088,0.0477981064469
229,0.893792852759,0.0386195033789,0.863689824939,0.0476334067062
230,0.896877866238,0.0384082472883,0.863921642303,0.0476807458326
231,0.893698398024,0.0384309616638,0.864992856979,0.048083152622
232,0.896122805774,0.0381061660592,0.864846259356,0.0477851890028
233,0.895668391138,0.0384944420075,0.864897161722,0.047902286984
234,0.894773889333,0.038487791433,0.86602589488,0.0474459268153
235,0.898508414626,0.0378626186866,0.866098806262,0.047823837027
236,0.893025066704,0.0383208637359,0.868157148361,0.0473875813186
237,0.901775959879,0.036713651265,0.867696583271,0.048100351356
238,0.896631632,0.0378519482911,0.867177784443,0.0487168347463
239,0.903371002525,0.0362294953084,0.869054719806,0.0469866907224
240,0.893542740494,0.036923588952,0.871032848954,0.0462422873825
241,0.894057407975,0.0375378094614,0.869984850287,0.0471508326009
242,0.900783482939,0.0366357400781,0.871887505054,0.045551254414
243,0.903571166098,0.0357289564563,0.870821803808,0.0474592288956
244,0.899383977056,0.0366104928544,0.870585739613,0.045699399896
245,0.905878711492,0.0358768171864,0.87201166153,0.0459026359022
246,0.905527357012,0.0353829088854,0.873236954212,0.046418142505
247,0.901354532689,0.0356229065219,0.874172911048,0.0460787676275
248,0.902041174471,0.0366379775805,0.87081849575,0.0467743007466
249,0.905891966075,0.0352527904324,0.872284218669,0.0470320852473
