epoch,jaccard,loss,val_jaccard,val_loss
0,0.100821588188,0.629311963916,0.139617279172,1.80808854103
1,0.0962874591351,0.51895390451,0.141511157155,5.26292514801
2,0.0956813152879,0.510206572711,0.141508713365,7.27914142609
3,0.0950741060078,0.505699969828,0.141507521272,5.5462436676
4,0.0949201770127,0.502419434488,0.140927866101,2.81472611427
5,0.0955941714346,0.499570928514,0.137697458267,1.37851822376
6,0.0971417464316,0.49657355994,0.133731067181,0.974492073059
7,0.100006723776,0.493131421506,0.127189353108,0.731480062008
8,0.104450037703,0.488560795784,0.118457764387,0.591911077499
9,0.110324343666,0.483488015831,0.117814563215,0.582975387573
10,0.113346179947,0.47954967618,0.117275334895,0.575539529324
11,0.116428740323,0.474675565958,0.116727650166,0.568473041058
12,0.116518989205,0.471931897104,0.116209045053,0.561854124069
13,0.117937320843,0.47025539726,0.116087429225,0.558419167995
14,0.11555785127,0.46855609864,0.115325160325,0.549985647202
15,0.119716657326,0.464070662856,0.124077491462,0.557080984116
16,0.120707079768,0.462429895997,0.115744538605,0.540630102158
17,0.118793008849,0.459618456662,0.120025768876,0.538605988026
18,0.124990418553,0.457966141403,0.121516749263,0.533444464207
19,0.11905400455,0.456540763378,0.129440978169,0.539334893227
20,0.126009522006,0.45265057683,0.121809147298,0.524244070053
21,0.125631770119,0.44967404753,0.120624929667,0.521897614002
22,0.129891337827,0.445948496461,0.12554268539,0.519868254662
23,0.133324632421,0.442479357123,0.122429154813,0.513835191727
24,0.134830677882,0.439456261694,0.121143907309,0.510937809944
25,0.138128373772,0.435634367168,0.128606036305,0.512982666492
26,0.139427691698,0.432496577501,0.131644189358,0.51649671793
27,0.141649020836,0.429926477373,0.127087816596,0.505614161491
28,0.1479983069,0.426306605339,0.123676933348,0.500204145908
29,0.144231138751,0.423929572105,0.130830913782,0.505275666714
30,0.149079203606,0.419234760106,0.129629075527,0.504613220692
31,0.15634130314,0.415678039193,0.12948384881,0.507418036461
32,0.156649790704,0.412052638829,0.128077015281,0.495354264975
33,0.154257822782,0.412241943181,0.1395175457,0.513699769974
34,0.158849131316,0.407277666032,0.129407435656,0.488382130861
35,0.164697352797,0.40551969409,0.134517267346,0.496639996767
36,0.157202381641,0.40287631005,0.132127001882,0.493413090706
37,0.170555818826,0.399906404316,0.12617136538,0.487165629864
38,0.159939419478,0.397952318192,0.136465504766,0.495086044073
39,0.17208821699,0.396867223084,0.128596246243,0.484305232763
40,0.168030776083,0.390697225928,0.136422604322,0.489365011454
41,0.179230246693,0.389203354716,0.131410166621,0.483172744513
42,0.172235064209,0.384667031467,0.134257256985,0.484161198139
43,0.178938783705,0.385188981891,0.125180110335,0.473941117525
44,0.179414428771,0.378748901188,0.135857731104,0.483029693365
45,0.188067998737,0.374081164598,0.132566019893,0.47830119729
46,0.187719952315,0.371321558952,0.138205811381,0.482642591
47,0.194251392037,0.367070250213,0.135441228747,0.48543971777
48,0.196958385408,0.365506350994,0.14224204421,0.494627654552
49,0.19295636937,0.362834252417,0.135257363319,0.475473225117
50,0.205348130316,0.359360009432,0.136491894722,0.48405584693
51,0.201129071414,0.355212211609,0.138561293483,0.476002007723
52,0.207002889365,0.352550603449,0.132615938783,0.472503483295
53,0.206527043134,0.350810013711,0.145336359739,0.485766202211
54,0.210724398494,0.348582185805,0.133364483714,0.466498941183
55,0.207352086902,0.345805063844,0.141172647476,0.473352819681
56,0.218088213354,0.344310484827,0.130062371492,0.469041496515
57,0.21296942234,0.340420939028,0.140089616179,0.466422706842
58,0.218847740442,0.33641076088,0.135106652975,0.462793618441
59,0.227993391454,0.332177944481,0.134099841118,0.459890842438
60,0.225707374513,0.329251296818,0.133817359805,0.45868986845
61,0.228391248733,0.32768920064,0.135089233518,0.457587689161
62,0.234632652253,0.322399318218,0.135096922517,0.461098611355
63,0.238341018558,0.319519288838,0.133157715201,0.455691933632
64,0.23729006201,0.317058540881,0.137812942266,0.459469616413
65,0.242371808738,0.314338363707,0.133949518204,0.454953879118
66,0.241015762091,0.314314752817,0.143633410335,0.475394248962
67,0.237937137485,0.315336838365,0.14335373044,0.476876348257
68,0.245368309319,0.310564093292,0.138579308987,0.464271038771
69,0.244776301086,0.309195667505,0.141980215907,0.473796904087
70,0.243607290089,0.308130063117,0.139870136976,0.463042348623
71,0.250894524157,0.304378561676,0.135133370757,0.457194536924
72,0.246093619615,0.304310277104,0.138645529747,0.456916689873
73,0.251942742616,0.303910970688,0.13092957437,0.451401531696
74,0.250085178763,0.300464123487,0.145593002439,0.467869848013
75,0.252690140158,0.299108721316,0.128099277616,0.44849589467
76,0.255766861141,0.295278757811,0.144363790751,0.466603457928
77,0.261513121426,0.29344496876,0.127330154181,0.439351409674
78,0.255088835955,0.292069643736,0.147771686316,0.469353169203
79,0.265152648091,0.289923943579,0.130065843463,0.439632534981
80,0.261276565492,0.286874614656,0.143308803439,0.459545582533
81,0.270582601428,0.285144709051,0.134284451604,0.446073532104
82,0.26462412253,0.283165842295,0.14028263092,0.454995036125
83,0.273876026273,0.280781462789,0.137629553676,0.454693973064
84,0.271540604532,0.277601443231,0.138149723411,0.44908708334
85,0.27779777348,0.275847874582,0.137086942792,0.450452744961
86,0.275169618428,0.274010397494,0.140928253531,0.451368391514
87,0.278505116701,0.27265933156,0.139816552401,0.455658972263
88,0.282889157534,0.270216815174,0.137972518802,0.448927044868
89,0.282576605678,0.268238604069,0.138042211533,0.448060929775
90,0.282013900578,0.267069391906,0.139775291085,0.454701602459
91,0.282896671444,0.26772749424,0.137012273073,0.448214828968
92,0.289439551532,0.264178343117,0.140926554799,0.457366496325
93,0.282842755318,0.26591347903,0.141269296408,0.460099816322
94,0.274766810238,0.267001971602,0.148544684052,0.46859768033
95,0.292327739298,0.263909205794,0.134564697742,0.455017268658
96,0.28338073194,0.262467071414,0.151083558798,0.479893267155
97,0.286230247468,0.263364285231,0.137252226472,0.459013104439
98,0.282975498587,0.261834315956,0.139147236943,0.452205657959
99,0.292807862163,0.259471260011,0.142142489552,0.456947058439
100,0.289602406323,0.256648145616,0.136541873217,0.444914877415
101,0.295308299363,0.254389315844,0.141454562545,0.45154312253
102,0.294728472829,0.252524934709,0.140046223998,0.447266846895
103,0.301482737064,0.251403957605,0.13617400825,0.44494330883
104,0.296550236642,0.250028003007,0.142771095037,0.448728829622
105,0.295792985708,0.250738475472,0.139745980501,0.451934754848
106,0.302578657866,0.247431349009,0.139711230993,0.443293839693
107,0.301201336086,0.245845396072,0.143270581961,0.457921028137
108,0.307120509446,0.244626130909,0.137694716454,0.442778557539
109,0.299142822623,0.244883574545,0.151809588075,0.480213344097
110,0.307777948678,0.243157170713,0.138986989856,0.447808206081
111,0.307915270329,0.240427073091,0.145323634148,0.458087861538
112,0.311534829438,0.239711880684,0.141537591815,0.454466819763
113,0.312452375889,0.238098371774,0.139662131667,0.44128715992
114,0.311116077006,0.236694142222,0.143457621336,0.450009047985
115,0.314972825348,0.234001461416,0.143602609634,0.453762114048
116,0.318094715476,0.232952672988,0.141661405563,0.447965115309
117,0.315169259906,0.232408545911,0.148123800755,0.458520233631
118,0.322704941034,0.230007145554,0.138938292861,0.448865145445
119,0.318995207548,0.229599397629,0.151924520731,0.471916377544
120,0.324305154383,0.228350587189,0.135628670454,0.440497040749
121,0.32278739661,0.227604407817,0.146583884954,0.453486382961
122,0.317832894623,0.227191798389,0.147702649236,0.454116851091
123,0.329069852829,0.227123565972,0.139860257506,0.451542407274
124,0.320012874901,0.224860623479,0.149675905704,0.462017357349
125,0.330728650093,0.223592262715,0.141540616751,0.453338801861
126,0.323612034321,0.222697805613,0.148115441203,0.455935120583
127,0.334827579558,0.221544940025,0.139886394143,0.45038035512
128,0.323870904744,0.222912400961,0.145853683352,0.463179767132
129,0.323105253279,0.222518581897,0.146781235933,0.468922138214
130,0.334268324077,0.221683532,0.142161205411,0.452459990978
131,0.326306112111,0.219451569021,0.144673287868,0.456112593412
132,0.335998177528,0.218609243631,0.145070418715,0.456411033869
133,0.331237398088,0.216599237174,0.144842013717,0.449655652046
134,0.338799141347,0.214427549392,0.146556451917,0.462206721306
135,0.33691201359,0.213586915284,0.142502531409,0.447362154722
136,0.342402666807,0.212003085762,0.145654425025,0.463573634624
137,0.336698114872,0.211612891406,0.145699173212,0.448459774256
138,0.345609612763,0.209705196321,0.145137816668,0.466769278049
139,0.345488019288,0.208469815552,0.146323561668,0.450326412916
140,0.342744342983,0.208297487348,0.143618836999,0.452664315701
141,0.346671424806,0.208195704967,0.149587139487,0.468709111214
142,0.342491596937,0.207166716456,0.143590062857,0.447052687407
143,0.346618190408,0.205490648746,0.14949798584,0.462964743376
144,0.3514110744,0.204590901732,0.145660161972,0.455964297056
145,0.349639050663,0.202958665788,0.146339580417,0.450345605612
146,0.346912778914,0.204530693591,0.150681301951,0.48342615366
147,0.355424791574,0.201076891273,0.145923063159,0.45318377018
148,0.354504816234,0.200795318931,0.14445130527,0.467890799046
149,0.355289466679,0.199283346534,0.142749115825,0.442249625921
150,0.355992741883,0.19814330712,0.146830797195,0.457381397486
151,0.356811389327,0.197855830193,0.149083137512,0.454811424017
152,0.363464936614,0.195910077542,0.142136693001,0.449707359076
153,0.361703790724,0.194859594107,0.151005163789,0.465687215328
154,0.36144271493,0.195624973625,0.141728982329,0.443370640278
155,0.360429532826,0.194938614964,0.151472404599,0.467666506767
156,0.363666780293,0.193098887801,0.142149686813,0.44190749526
157,0.369234681129,0.19187232852,0.144066184759,0.445067942142
158,0.367235325277,0.190483532846,0.14231736958,0.447397351265
159,0.368104241788,0.189754858613,0.149810165167,0.463821083307
160,0.371664173901,0.188527829945,0.142579704523,0.445399791002
161,0.371027603745,0.187057219446,0.144071400166,0.438148796558
162,0.371780827641,0.186977680773,0.145860150456,0.449633598328
163,0.376755557954,0.185529846698,0.144907683134,0.448159873486
164,0.376840338111,0.18525840342,0.143713012338,0.452953666449
165,0.374618925154,0.184497442096,0.146848917007,0.444675981998
166,0.379982560873,0.182829219848,0.143744647503,0.448404729366
167,0.380419164896,0.182735163718,0.142203062773,0.446013331413
168,0.37698725611,0.181778252125,0.151426225901,0.459216237068
169,0.386228904128,0.181238394231,0.138372316957,0.443514674902
170,0.377957463264,0.181246072054,0.155142456293,0.471289634705
171,0.372768327594,0.185966927558,0.130775496364,0.424677699804
172,0.372445531189,0.187881030142,0.157138705254,0.497983813286
173,0.37272914499,0.185565438122,0.14154624939,0.437755852938
174,0.374071605504,0.185000933707,0.153632730246,0.469636291265
175,0.379520863295,0.182913254946,0.139645859599,0.434557288885
176,0.378930598497,0.181449085474,0.154032975435,0.462293505669
177,0.38379059732,0.180914040655,0.143427893519,0.441539257765
178,0.375987067819,0.180591885,0.152214124799,0.453238099813
179,0.390548564494,0.178293600678,0.140646621585,0.442008793354
180,0.387651197612,0.175992306322,0.146052137017,0.4448826015
181,0.391449011862,0.175001364201,0.142255246639,0.439959913492
182,0.392615616322,0.173128243536,0.144733428955,0.447496473789
183,0.394983440638,0.171427629888,0.14956535399,0.456115841866
184,0.399200856686,0.170592840761,0.141999900341,0.445475906134
185,0.397210627794,0.171006664634,0.149259567261,0.456964045763
186,0.39465817064,0.171377632767,0.145579233766,0.457461237907
187,0.399365827441,0.16909462586,0.14818200469,0.456308245659
188,0.396701313555,0.169297348708,0.147513180971,0.454217016697
189,0.40082129091,0.168847590685,0.143668755889,0.450525909662
190,0.39669405669,0.170583844185,0.156409859657,0.496322572231
191,0.396727643907,0.169316545129,0.142122074962,0.45096796751
192,0.399568550289,0.170915093273,0.147896155715,0.461468815804
193,0.397617734969,0.167814556509,0.147524252534,0.457241714001
194,0.406019985676,0.166600376368,0.148470461369,0.466384112835
195,0.406411007047,0.1650146842,0.146443039179,0.455784916878
196,0.407600484788,0.164278551936,0.145463079214,0.45837661624
197,0.408123806119,0.162922319025,0.151351690292,0.459250092506
198,0.411763519049,0.162110090256,0.145310014486,0.442494869232
199,0.396251037717,0.167180597782,0.164459690452,0.510801136494
200,0.409916251898,0.165962800384,0.143252134323,0.447411984205
201,0.408793732524,0.163527980447,0.155552402139,0.480076998472
202,0.41174761951,0.162033166736,0.151877328753,0.471878856421
203,0.414174295962,0.160760242492,0.149304777384,0.457196712494
204,0.411068454385,0.161475434899,0.150235638022,0.4569401443
205,0.416522830725,0.159919518977,0.144396200776,0.454111278057
206,0.418073937297,0.157775618136,0.151317253709,0.456343382597
207,0.422873608768,0.155882772058,0.146058470011,0.454969763756
208,0.420902937651,0.155994303524,0.146416962147,0.451727181673
209,0.421527720988,0.155443500727,0.145523682237,0.452489882708
210,0.424875408411,0.153176192194,0.150644227862,0.465528637171
211,0.424334526062,0.153128646314,0.149469435215,0.462299823761
212,0.427730485797,0.155063956976,0.141171276569,0.456991523504
213,0.41857945919,0.154503140599,0.158749610186,0.485675156116
214,0.428560823202,0.155077766627,0.137696966529,0.446041613817
215,0.421225778759,0.154598724097,0.152103155851,0.471715390682
216,0.428948543966,0.153343256563,0.142470136285,0.452653825283
217,0.414320766926,0.156568162143,0.159934476018,0.49499887228
218,0.432595260441,0.153529915959,0.137318462133,0.459322303534
219,0.417655408382,0.155287019908,0.160133704543,0.48665112257
220,0.431843921542,0.152493052185,0.138267964125,0.443954825401
221,0.420162983239,0.153062690049,0.156704545021,0.481198877096
222,0.435397736728,0.150944821537,0.144163325429,0.464564025402
223,0.429818972945,0.149750269949,0.155879348516,0.477573901415
224,0.437840797007,0.148416798562,0.14891320467,0.480888217688
225,0.437641978264,0.146441690624,0.149748504162,0.468943417072
226,0.443518675864,0.144200563431,0.150615870953,0.474552094936
227,0.446277998388,0.142933659256,0.148886442184,0.466973036528
228,0.446091361344,0.14211537689,0.149280488491,0.46542057395
229,0.445827357471,0.141937177628,0.151381358504,0.46946772933
230,0.44225616008,0.142138235271,0.149086937308,0.467303276062
231,0.45500729233,0.14021519199,0.146109044552,0.47013771534
232,0.443271324039,0.141188364476,0.158777818084,0.486654162407
233,0.456168472767,0.140054389834,0.140764862299,0.454622596502
234,0.448479965329,0.140817772597,0.152464598417,0.476251751184
235,0.442702181637,0.141805272549,0.137976884842,0.439463555813
236,0.447689123452,0.14079631865,0.15501768887,0.474534660578
237,0.453282311559,0.140149213374,0.137333780527,0.438533097506
238,0.451801247895,0.139498393983,0.153098210692,0.46768066287
239,0.454580381513,0.138544909656,0.147265285254,0.461247980595
240,0.459999255836,0.136351473629,0.152095705271,0.473438471556
241,0.463135257363,0.135068416595,0.145425260067,0.456330865622
242,0.460214793682,0.134374022484,0.150824323297,0.462233930826
243,0.462872423232,0.133885592222,0.145599871874,0.452230960131
244,0.466851875186,0.133304938674,0.147461041808,0.463983029127
245,0.466445505619,0.131648797542,0.150351703167,0.468058794737
246,0.470399186015,0.130146667361,0.146250158548,0.462937712669
247,0.469740517437,0.131053479388,0.146620824933,0.454601734877
248,0.467900872231,0.130205463618,0.149545684457,0.4612865448
249,0.468479260802,0.130894061178,0.147157952189,0.463623583317
250,0.466855488718,0.130304820836,0.155454233289,0.474179238081
251,0.464283801615,0.132576841861,0.152486279607,0.479001998901
252,0.476147338748,0.13042787835,0.144990950823,0.470034271479
253,0.465082198381,0.132604155689,0.15486882627,0.485893160105
254,0.466819539666,0.131673946977,0.150787189603,0.468219429255
255,0.473622873425,0.13096254319,0.151128426194,0.472245395184
256,0.454863868654,0.135385323316,0.160400047898,0.482287764549
257,0.470954015851,0.134737882763,0.131177768111,0.434323430061
258,0.456134930253,0.135887082666,0.164919510484,0.52161616087
259,0.469152674079,0.134747110307,0.143667906523,0.456126004457
260,0.467735506594,0.131737198681,0.157135084271,0.479340165854
261,0.475304789841,0.130791626871,0.150151893497,0.471100896597
262,0.473434314132,0.1285063494,0.153758615255,0.469464451075
263,0.479933455586,0.127609930933,0.148141279817,0.473277390003
264,0.480262495577,0.125855730847,0.157985270023,0.485249400139
265,0.483745597303,0.125180348754,0.144935876131,0.462820738554
266,0.476365730166,0.12617697753,0.151108533144,0.475399017334
267,0.484976604581,0.122914984822,0.153678655624,0.471692115068
268,0.48936316371,0.12233517319,0.152533128858,0.481065243483
269,0.491779334843,0.120012901723,0.152226537466,0.474355369806
270,0.48960340023,0.120238211006,0.15629209578,0.490835368633
271,0.496235772967,0.11888805218,0.144000127912,0.459135681391
272,0.493210017681,0.120300700888,0.15061250329,0.468451410532
273,0.491057112813,0.119693066925,0.155866160989,0.48316052556
274,0.495931893587,0.120019542053,0.143231406808,0.463112324476
275,0.486396215856,0.121840361506,0.163132295012,0.508612751961
276,0.492840379477,0.121808785945,0.140214428306,0.460019052029
277,0.489279903471,0.121714998037,0.158834591508,0.505224764347
278,0.488911509514,0.121901741251,0.148801192641,0.478835463524
279,0.496600396931,0.119129577652,0.15599873662,0.495951801538
280,0.496603086591,0.118857851252,0.155282527208,0.479906529188
281,0.502572312951,0.117134308442,0.147499620914,0.476164370775
282,0.500910669565,0.116210117936,0.153901264071,0.492533683777
283,0.505585260689,0.115614453331,0.151507854462,0.487843632698
284,0.505925886333,0.114589864388,0.154162570834,0.494531601667
285,0.508987411857,0.113691126928,0.149848088622,0.483019828796
286,0.50712312758,0.112886566669,0.156521618366,0.495708018541
287,0.51165971905,0.112711772323,0.147538840771,0.466113209724
288,0.5144918859,0.111178968102,0.149357169867,0.472437590361
289,0.513335131109,0.110488574952,0.154845863581,0.477839827538
290,0.518294289708,0.110071150586,0.146217733622,0.470470219851
291,0.513311304152,0.110393859446,0.154902234674,0.488033682108
292,0.518115095794,0.110208870843,0.142465651035,0.471706062555
293,0.508739456534,0.111889455467,0.162706509233,0.506097793579
294,0.51007258147,0.112631401047,0.133738011122,0.449916064739
295,0.498521305621,0.11540543288,0.164449989796,0.509281873703
296,0.512377731502,0.116355916485,0.13873642683,0.455958992243
297,0.504360422492,0.115564355627,0.156827151775,0.488320916891
298,0.510766215622,0.115168636665,0.146277621388,0.469912976027
299,0.505660116673,0.113735482097,0.153050303459,0.478566557169
300,0.519476071,0.111755060032,0.148460716009,0.479851603508
301,0.518453888595,0.109558790922,0.148938804865,0.478641360998
302,0.523316323757,0.107981223613,0.150446325541,0.487471908331
303,0.521021232009,0.108217200264,0.149398386478,0.484956681728
304,0.524030171335,0.107008269057,0.149115681648,0.479642540216
305,0.529190607369,0.105539053679,0.150503560901,0.496232092381
306,0.520234689116,0.106908624992,0.144254490733,0.471134185791
307,0.524680674076,0.106205364689,0.159171909094,0.50123333931
308,0.523413270712,0.107144841924,0.152300819755,0.486926913261
309,0.527480363846,0.10622482188,0.156428202987,0.497735947371
310,0.530261471868,0.104484051466,0.152154013515,0.483245402575
311,0.530907809734,0.104499356821,0.150723099709,0.483581215143
312,0.532116994262,0.103475401178,0.157336965203,0.484798997641
313,0.537255704403,0.102567957714,0.147490769625,0.469523876905
314,0.537019975483,0.102575786412,0.15781712532,0.490702360868
315,0.534605704248,0.101816851646,0.153147950768,0.479340404272
316,0.539746783674,0.10118304193,0.150549501181,0.475600123405
317,0.542038097978,0.100753653795,0.153361514211,0.478972107172
318,0.538618311286,0.100586004555,0.153368130326,0.481492996216
319,0.546428248286,0.0997360832989,0.147368624806,0.47762876749
320,0.544980421662,0.0990100540221,0.152604848146,0.483091026545
321,0.545064605772,0.0990460664034,0.15443906188,0.489686429501
322,0.546622872353,0.098633531481,0.154889553785,0.486726373434
323,0.543455988169,0.0999284610152,0.153772175312,0.48422780633
324,0.542308889329,0.100941879675,0.147858828306,0.476166158915
325,0.540088415146,0.100730022416,0.162468478084,0.501672327518
326,0.548584103584,0.100329533219,0.14413562417,0.478846937418
327,0.539118386805,0.102633310482,0.159200876951,0.49948823452
328,0.539844438434,0.101206732914,0.155255109072,0.485266536474
329,0.546414643526,0.100384989753,0.150067418814,0.485333293676
330,0.533278472722,0.103119524196,0.163540631533,0.50221145153
331,0.545793399215,0.100132765248,0.147785723209,0.487157702446
332,0.545883581042,0.0997124537826,0.15896615386,0.509395539761
333,0.54991876334,0.0982980076224,0.150843456388,0.493383616209
334,0.550934463739,0.0973153449595,0.15871989727,0.504188239574
335,0.550511337817,0.0966178644449,0.151006251574,0.492528736591
336,0.558078810573,0.0952096115798,0.15116097033,0.496626287699
337,0.559698969126,0.0940544307232,0.150542363524,0.492080628872
338,0.561684593558,0.0928987618536,0.153172180057,0.49929100275
339,0.559261806309,0.0931566692889,0.144887432456,0.488028615713
340,0.561606496572,0.0925762522966,0.154592767358,0.493956416845
341,0.5616113469,0.0921424552798,0.138819813728,0.46871471405
342,0.560115873814,0.0916742477566,0.159750044346,0.504659712315
343,0.563189864159,0.0923586245626,0.136697992682,0.469831854105
344,0.562205269933,0.0919341016561,0.161248981953,0.50634098053
345,0.56970256567,0.0919396858662,0.129886969924,0.460011810064
346,0.563097521663,0.09266326949,0.163861736655,0.525917887688
347,0.564225181937,0.0929284784943,0.143111348152,0.475859045982
348,0.566371262074,0.091932637617,0.15811085701,0.512413024902
