epoch,jaccard,loss,val_jaccard,val_loss
0,0.0989244012162,0.641682550311,0.0782575830817,0.685598909855
1,0.0934604490176,0.531919106841,0.0781098231673,0.676037013531
2,0.0958774816245,0.52053334564,0.0779521241784,0.666163086891
3,0.0960182603449,0.513182714581,0.0777844414115,0.656068444252
4,0.0946080368012,0.510075159371,0.077613003552,0.646104454994
5,0.0936328042299,0.507109872997,0.0774422585964,0.636539041996
6,0.0944900214672,0.505518451333,0.0772734880447,0.62741959095
7,0.0936337467283,0.504147365689,0.0771081373096,0.618810296059
8,0.0938804894686,0.503167383373,0.0769453123212,0.610595345497
9,0.0941645354033,0.501657627523,0.0767856538296,0.602814674377
10,0.0940601918846,0.500469021499,0.0766290724277,0.595425903797
11,0.09335342329,0.49925879389,0.0764767378569,0.588441133499
12,0.0919268233702,0.49842107296,0.0763275623322,0.581817448139
13,0.0940890796483,0.497792668641,0.076181396842,0.575503587723
14,0.0932152122259,0.496433399618,0.0760399773717,0.569561302662
15,0.0919565986842,0.49610619992,0.075901478529,0.563897967339
16,0.0941006951034,0.49481767416,0.0757674574852,0.558540999889
17,0.0924575394019,0.494221158326,0.0756353065372,0.553396582603
18,0.0928492015228,0.493540391326,0.0755068138242,0.548512756824
19,0.0945682618767,0.492233529687,0.0753823667765,0.543902516365
20,0.0937388017774,0.491362906992,0.075261503458,0.539501368999
21,0.0913476962596,0.490619167686,0.075144380331,0.535327315331
22,0.09473147057,0.489822417498,0.0750289335847,0.531321644783
23,0.0942987408489,0.489581018686,0.074916921556,0.527476787567
24,0.0944350939244,0.488295994699,0.0748068913817,0.523801505566
25,0.0941906534135,0.487705290318,0.0747002139688,0.520296156406
26,0.0918465843424,0.487180955708,0.0745962485671,0.516928315163
27,0.0943489093333,0.486233070493,0.0744947195053,0.513705909252
28,0.0940117593855,0.485015459359,0.0743948593736,0.510587990284
29,0.0914219254628,0.485152162611,0.0742965936661,0.507580935955
30,0.0926502197981,0.483695656061,0.0742011517286,0.504695236683
31,0.0929742828012,0.482811488211,0.0741057991982,0.501870334148
32,0.0927763609216,0.483468480408,0.074015468359,0.49920925498
33,0.0937850987539,0.481697775424,0.0739254131913,0.496621519327
34,0.0930691855028,0.480644226074,0.0738369673491,0.494116544724
35,0.0957897733897,0.478998981416,0.0737477838993,0.491657346487
36,0.0964024215937,0.47870580107,0.0736599043012,0.489175498486
37,0.0909605529159,0.479446463287,0.0735765621066,0.486911594868
38,0.0925800325349,0.478563033044,0.0734991654754,0.484930694103
39,0.0925888977945,0.477866351604,0.0734149068594,0.482597023249
40,0.0964632667601,0.474951058626,0.073211401701,0.482381671667
41,0.0992708541453,0.474075175822,0.0732512101531,0.4783244133
42,0.0951785575598,0.475208088756,0.0731739327312,0.476454645395
43,0.0925023602322,0.474568672478,0.072903804481,0.539235889912
44,0.0974432919174,0.471587084234,0.0734900832176,0.523568212986
45,0.0948226805776,0.472844026983,0.0733689442277,0.544372439384
46,0.0942352535203,0.47120679915,0.0718808695674,0.504119992256
47,0.0976699087769,0.470723226666,0.0728144273162,0.466990947723
48,0.0978066306561,0.46811581403,0.0716649964452,0.707608342171
49,0.103240774944,0.464867316186,0.0698654279113,0.534498751163
50,0.10426004976,0.463065780699,0.0733766630292,0.520110249519
51,0.102998495102,0.462950736284,0.0709629505873,0.502925038338
52,0.102713005617,0.463460795581,0.0718557760119,0.466815769672
53,0.100182663649,0.463019378483,0.0723293051124,0.456248611212
54,0.0926391193643,0.46769490093,0.0700828656554,0.476622879505
55,0.101007468998,0.459947802126,0.0720839574933,0.455786317587
56,0.101005908102,0.46029677242,0.0682129338384,0.490986675024
57,0.10668602027,0.455495767295,0.0645040497184,0.565870881081
58,0.10630601272,0.45617389679,0.0715370997787,0.45438593626
59,0.106760608032,0.45370388031,0.070713788271,0.484705537558
60,0.110249074176,0.453352682292,0.0674600377679,0.533952534199
61,0.102421823889,0.454153172672,0.0699063166976,0.462058216333
62,0.10552995652,0.453513473272,0.070665538311,0.866933822632
63,0.111445322633,0.450894020498,0.0669315382838,0.513386905193
64,0.0982037652284,0.455158308148,0.0727353096008,1.21459543705
65,0.104928476736,0.456259779632,0.0714569166303,0.437996089458
66,0.102679301053,0.451565772295,0.0713748335838,0.437288910151
67,0.113217387348,0.445955082774,0.0678896456957,0.473762601614
68,0.107527097687,0.447851911187,0.0694507136941,0.45094242692
69,0.111282028258,0.445772431791,0.0693690553308,0.511274933815
70,0.11577931419,0.44029032439,0.0728500038385,0.620903730392
71,0.104257694446,0.447723910213,0.0704592764378,0.565078794956
72,0.111963171512,0.442997820675,0.0707606673241,0.446638673544
73,0.110848570243,0.441047340631,0.0700944066048,0.44219866395
74,0.12015110068,0.435749329627,0.0706212893128,0.44473734498
75,0.118876166642,0.434742830694,0.071980163455,0.457468658686
76,0.125756815076,0.429252050817,0.0727302804589,0.441533267498
77,0.117068143561,0.439318835735,0.0715419501066,0.44771900773
78,0.116179645061,0.433633543551,0.069587700069,0.652003824711
79,0.128381837159,0.426431275904,0.0705032944679,0.622694194317
80,0.126199943945,0.427269220352,0.0674097985029,0.471517503262
81,0.118467791006,0.43070294708,0.0686674267054,0.444997012615
82,0.125994898379,0.428015530109,0.0738314241171,0.452974259853
83,0.109899798408,0.441235497594,0.0705074742436,0.41340342164
84,0.121183061972,0.424233324826,0.0707880333066,0.419270992279
85,0.133526347578,0.41834577173,0.0747796818614,0.486994981766
86,0.128205053508,0.42091204226,0.0707489773631,0.415461927652
87,0.104153400287,0.436940126121,0.0689477771521,0.593504369259
88,0.129259316251,0.421109318733,0.0711963996291,0.423074096441
89,0.102227333467,0.437224447727,0.0735187605023,0.427441120148
90,0.12250145711,0.417525760829,0.0708981305361,0.42734760046
91,0.118397492915,0.425425805151,0.0676689743996,0.42784434557
92,0.129690118134,0.414167307317,0.0703480765224,0.419011414051
93,0.124411327764,0.418250083923,0.0728888139129,0.454411417246
94,0.140850460157,0.406550981104,0.0719785392284,0.44092002511
95,0.115809230134,0.424320615828,0.0671877190471,0.438981920481
96,0.144200719893,0.404645949602,0.0715517103672,0.447549641132
97,0.121764448471,0.412263065577,0.0675994753838,0.536251664162
98,0.146639052778,0.404987819493,0.0690450146794,0.440320312977
99,0.125430446118,0.415599346161,0.0669311583042,0.451176553965
100,0.139438679442,0.403823234141,0.0704314038157,0.467728227377
101,0.146727530286,0.398893080652,0.0684033483267,0.409302145243
102,0.148432571441,0.397646069527,0.0700573399663,0.452525317669
103,0.149568706751,0.393764935434,0.070361405611,0.413037389517
104,0.143670598045,0.398653641343,0.0696197673678,0.439838260412
105,0.137061972171,0.403560094535,0.070640951395,0.46555519104
106,0.148450922221,0.394964963198,0.0743804350495,0.42564034462
107,0.145563745871,0.393549248576,0.0770019963384,0.451150506735
108,0.148075055331,0.392293393612,0.0699137449265,0.400276958942
109,0.155765971169,0.385697238147,0.0738360732794,0.417435824871
110,0.130550811067,0.404419183731,0.0720736905932,0.454370886087
111,0.126383501105,0.407720088959,0.0656238570809,0.474263340235
112,0.142966397107,0.389848016202,0.073569573462,0.487603664398
113,0.158819017932,0.382482424378,0.0674408972263,0.450728178024
114,0.157916812226,0.382307305932,0.0744228065014,0.457049071789
115,0.162906652316,0.377883441746,0.0757357850671,0.451268732548
116,0.165471417829,0.375268504024,0.0747091695666,0.437141805887
117,0.157566739246,0.382019020617,0.0724330544472,0.457883834839
118,0.152405571193,0.383201032877,0.0695955008268,0.446342855692
119,0.124981706962,0.405548967421,0.0678486600518,0.397579938173
120,0.150652101263,0.380447208881,0.0741214901209,0.412751674652
121,0.161474186927,0.374847464263,0.0763856694102,0.441142559052
122,0.156103800982,0.379870332778,0.0779434591532,0.437701702118
123,0.160709090531,0.375732645392,0.0754860043526,0.471060186625
124,0.172922804952,0.366232678294,0.0778159052134,0.471585988998
125,0.171880543232,0.364480003715,0.0780340135098,0.473496347666
126,0.134375791065,0.393746897578,0.0728352144361,0.467735946178
127,0.157591203228,0.373633004725,0.0722374916077,0.489530473948
128,0.170824578032,0.362866327167,0.0792370811105,0.45982798934
129,0.161443009973,0.369730018079,0.072376690805,0.453721910715
130,0.173718359321,0.36257570982,0.0800206586719,0.475607484579
131,0.171151174232,0.362756878138,0.0773332715034,0.455839544535
132,0.164371762425,0.363426275551,0.083920173347,0.47190207243
133,0.16349205561,0.365234993398,0.0892826542258,0.471344858408
134,0.180976949632,0.357596740127,0.0804984867573,0.493603765965
135,0.168118869886,0.358965106308,0.0827831700444,0.554923713207
136,0.175578542054,0.358970411122,0.0749861747026,0.515640854836
137,0.177620308474,0.354769274592,0.0782453641295,0.484725475311
138,0.156978081912,0.364604629576,0.0844237580895,0.487460076809
139,0.187230255455,0.349376618862,0.0799136757851,0.463879495859
140,0.184339994565,0.345779530704,0.0854252651334,0.478286355734
141,0.181675259024,0.351144656539,0.0741655826569,0.465305715799
142,0.177213381976,0.352471739054,0.0817302688956,0.466528326273
143,0.190266817808,0.342998862267,0.0762809365988,0.473805814981
144,0.178519785404,0.349214702845,0.0841183140874,0.473219066858
145,0.171903561801,0.353222735226,0.0775922313333,0.435836225748
146,0.190143555403,0.340273395181,0.083819270134,0.451277434826
147,0.173228474334,0.356230579317,0.0772198736668,0.421561717987
148,0.159345969558,0.359186172485,0.0829546377063,0.472230255604
149,0.191322891042,0.337117217481,0.0859723240137,0.457644551992
150,0.189211945981,0.339103147388,0.077684096992,0.477486610413
151,0.177591182292,0.350143425167,0.0924762412906,0.491389751434
152,0.202643245459,0.332537837327,0.0868059024215,0.44317895174
153,0.196309901774,0.330353617668,0.0837139934301,0.430425643921
154,0.19468832761,0.335968472064,0.0897329300642,0.435300886631
155,0.203953716904,0.32787065953,0.0883663967252,0.434055149555
156,0.195725016296,0.332570008934,0.0935835987329,0.433804899454
157,0.209041558206,0.326190397143,0.0842673033476,0.435860812664
158,0.203430566937,0.325716920197,0.0903177633882,0.432816326618
159,0.211716778576,0.320448294282,0.0849279612303,0.438896268606
160,0.183042438701,0.339007727802,0.0777819752693,0.549548506737
161,0.199803255498,0.329062782228,0.0829385966063,0.473240077496
162,0.209652844816,0.321719102561,0.084376424551,0.4834856987
163,0.187167391181,0.338940322399,0.0824407637119,0.467469841242
164,0.16710481979,0.34915690124,0.0863500013947,0.391371577978
165,0.195485729724,0.327886804938,0.0787926390767,0.428037345409
166,0.176283348352,0.347579598427,0.0854386240244,0.451086610556
167,0.199316911399,0.321068502963,0.0912240371108,0.480738461018
168,0.163776785135,0.344226375222,0.0956437960267,0.471474826336
169,0.209074247628,0.322950743139,0.0887725204229,0.453419357538
170,0.216664027423,0.311237059534,0.0876873955131,0.437911659479
171,0.195523325354,0.322451882064,0.0895008668303,0.461545228958
172,0.221936412156,0.311792992055,0.0786747410893,0.413163036108
173,0.225360546261,0.304733298719,0.083844743669,0.44268733263
174,0.219212252647,0.308983825147,0.0855613648891,0.439909636974
175,0.223139543086,0.304514974356,0.0852451473475,0.454101473093
176,0.204423837364,0.322703063488,0.0839503705502,0.428238093853
177,0.196912815794,0.319261610508,0.0904120504856,0.410151720047
178,0.225615277886,0.302931413054,0.0878195241094,0.414105802774
179,0.221491340548,0.303105376661,0.0931720435619,0.421065717936
180,0.233852174133,0.2974999547,0.0915965214372,0.422623246908
181,0.228782754391,0.302101187408,0.0882793962955,0.387651264668
182,0.241050038487,0.293478533626,0.0830203145742,0.401092201471
183,0.232348140329,0.296479806304,0.0895145013928,0.406436383724
184,0.235875684768,0.292376227677,0.0878099575639,0.415538609028
185,0.238600399345,0.291991390288,0.093558229506,0.431344032288
186,0.248179413378,0.286046274006,0.0827887281775,0.418189376593
187,0.249720908701,0.282030388713,0.0919548645616,0.423331171274
188,0.253894876689,0.279459424317,0.0902950391173,0.401526361704
189,0.256385546178,0.277868874371,0.0876488164067,0.405405431986
190,0.215697813779,0.304469689727,0.0896083414555,0.401465117931
191,0.245232358575,0.28564979136,0.0829387009144,0.403511822224
192,0.233175933361,0.28981975466,0.0845496356487,0.419625997543
193,0.241434726864,0.287254273891,0.0900175273418,0.380316913128
194,0.257841907442,0.277425304055,0.0879217013717,0.40003362298
195,0.242967087775,0.283375270665,0.0942684039474,0.40287810564
196,0.236633520573,0.2885620296,0.0887254551053,0.414518535137
197,0.251303225756,0.275699175894,0.0952408760786,0.444424927235
198,0.24166527763,0.290169224143,0.0916737392545,0.407293647528
199,0.253748364747,0.273016437888,0.093261629343,0.420886129141
200,0.252505209297,0.273070141673,0.0960178002715,0.425640106201
201,0.266666457057,0.27199909091,0.0871853083372,0.388101994991
202,0.224214412272,0.293077170849,0.0790256112814,0.412129074335
203,0.264609284699,0.267915487289,0.0911471992731,0.428149312735
204,0.219243172556,0.300004653633,0.0877947211266,0.440820455551
205,0.231147125363,0.293916709721,0.0881803706288,0.457725346088
206,0.262306589633,0.268417701125,0.0874820128083,0.399716943502
207,0.262732289732,0.266848407686,0.0927296504378,0.437233388424
208,0.272317010909,0.261654436588,0.0870771482587,0.406229496002
209,0.264484219253,0.260175071657,0.088622033596,0.463959038258
210,0.244789142162,0.279787890613,0.087364770472,0.390410900116
211,0.262065324932,0.263142488897,0.0993093475699,0.412710666656
212,0.244747845456,0.27338193357,0.0984060168266,0.424793869257
213,0.274370282888,0.257428571582,0.0938781350851,0.427937686443
214,0.274428069592,0.258350625634,0.0866946801543,0.397144407034
215,0.279678594321,0.251862436533,0.0894699543715,0.391640245914
216,0.291403964162,0.246425777674,0.0910002589226,0.404555737972
217,0.251666542143,0.265902020037,0.0950647220016,0.54363155365
218,0.2596562244,0.266115825623,0.0948887094855,0.442525953054
219,0.242457326502,0.27961089462,0.0899925306439,0.401842772961
220,0.267534825951,0.261269900948,0.0847500860691,0.40838176012
221,0.237639639527,0.279513902962,0.0922268778086,0.425646960735
222,0.287616729736,0.246676083654,0.0923438817263,0.402150243521
223,0.279048945755,0.251581076533,0.0855394899845,0.38402813673
224,0.279341202229,0.24822602421,0.0956005230546,0.409583181143
225,0.283504255116,0.244014270604,0.0908356532454,0.39036539197
226,0.295226037502,0.239031035453,0.090201638639,0.399082243443
227,0.302148211747,0.237299472094,0.0927609428763,0.389140188694
228,0.293820295483,0.238678820431,0.093669898808,0.443255603313
229,0.285728804767,0.246770389378,0.0854571610689,0.374661594629
230,0.262816786766,0.256322719157,0.0838772803545,0.384306609631
231,0.258437987417,0.261371225119,0.0815346240997,0.372168987989
