epoch,jaccard,loss,val_jaccard,val_loss
0,0.0537599576637,0.866585031152,0.0571195669472,0.821944594383
1,0.0536438152194,0.809243798256,0.0570438317955,0.724222123623
2,0.0532149327919,0.729148715734,0.0569091625512,0.655648589134
3,0.053332307376,0.663722068071,0.056686591357,0.608156263828
4,0.0531133748591,0.618332281709,0.056183423847,0.573865175247
5,0.0525897992775,0.584034875035,0.0556479617953,0.54713177681
6,0.0523576578125,0.557055458426,0.0552856698632,0.526069760323
7,0.0519916247576,0.537377759814,0.0549702569842,0.510444879532
8,0.0515911858529,0.524002149701,0.0547340735793,0.501380205154
9,0.0516342446208,0.515269756317,0.0545950420201,0.49491751194
10,0.0515051996335,0.508431866765,0.0544824115932,0.489010632038
11,0.0514487847686,0.502281367779,0.0543922223151,0.48338252306
12,0.0514240907505,0.496847972274,0.0543171614408,0.478787213564
13,0.0513296993449,0.492152296007,0.05428410694,0.474918574095
14,0.0513276839629,0.487912587821,0.0542674586177,0.471603810787
15,0.0512569025159,0.483974173665,0.0542749203742,0.468670010567
16,0.0511790504679,0.480420544744,0.0542786642909,0.466056406498
17,0.0511083072051,0.477404348552,0.0542797036469,0.463573306799
18,0.0512613514438,0.474428266287,0.0543098077178,0.4611774683
19,0.0511636240408,0.471653990448,0.0543624944985,0.458894222975
20,0.0513591468334,0.468920700252,0.0544306412339,0.456708043814
21,0.0513301752508,0.466350547969,0.0545150861144,0.45449873805
22,0.0512559358031,0.463788561523,0.0546245090663,0.452314317226
23,0.0514548514038,0.461301207542,0.0547249950469,0.450074911118
24,0.0514560267329,0.458785191178,0.0549606010318,0.447844713926
25,0.0516108172014,0.456407338381,0.0552976131439,0.445595383644
26,0.0516663845628,0.454053588212,0.0555985085666,0.443274438381
27,0.0518981497735,0.451586194336,0.0562105998397,0.440885335207
28,0.0522699002177,0.449227459729,0.057119756937,0.438384622335
29,0.0527628548443,0.446792721748,0.0583240799606,0.436001300812
30,0.0535206627101,0.44437687099,0.0591284632683,0.43397334218
31,0.0542105194181,0.442075647414,0.0592960752547,0.431987732649
32,0.0542500140145,0.43996167928,0.05936319381,0.429706156254
33,0.0546772321686,0.437629520893,0.0594309046865,0.427592307329
34,0.0550122996792,0.435303255916,0.0603832900524,0.425392568111
35,0.0562493717298,0.43304875493,0.0619008727372,0.423196703196
36,0.056982960552,0.430893391371,0.0620055533946,0.421487092972
37,0.0568816540763,0.428830392659,0.0625624805689,0.419133037329
38,0.057840953581,0.426685623825,0.0629777312279,0.417768448591
39,0.0579401180148,0.424629837275,0.0641850680113,0.414757847786
40,0.0593073824421,0.422751016915,0.0650972276926,0.412965625525
41,0.058949126862,0.420617975295,0.064006023109,0.411246240139
42,0.0590859968215,0.418658606708,0.0659437924623,0.408728420734
43,0.060507115908,0.416559182107,0.0658473074436,0.408037245274
44,0.0604242198169,0.414526753128,0.0670235231519,0.405129820108
45,0.0613212799653,0.412978850305,0.0677786618471,0.40292173624
46,0.0600998392329,0.411285147071,0.0669783577323,0.401599764824
47,0.0618014307693,0.40909729898,0.0693175494671,0.399875760078
48,0.0619019586593,0.407545991242,0.0685819983482,0.397631049156
49,0.0626814905554,0.405361041427,0.0696679130197,0.395556390285
50,0.0627099042758,0.403505161405,0.0701834261417,0.394177019596
51,0.0628506932408,0.402031160891,0.0704883560538,0.392385870218
52,0.0644535459578,0.400301747024,0.0715840682387,0.39020383358
53,0.0637992825359,0.398474521935,0.0706545040011,0.388698786497
54,0.0643861005083,0.396831028163,0.0711106061935,0.387281239033
55,0.06457171496,0.394879251719,0.0717339217663,0.385237127542
56,0.0649015456438,0.393662393093,0.0720253959298,0.383735150099
57,0.0645582033321,0.391668975353,0.0727116465569,0.382124662399
58,0.065179457888,0.390286616981,0.0731287375093,0.381116271019
59,0.0660465434194,0.388571612537,0.0725611448288,0.378840506077
60,0.0660926885903,0.386959798634,0.0735266879201,0.37780725956
61,0.0662462189794,0.385229967535,0.0741144344211,0.375999897718
62,0.0662704501301,0.383873797953,0.073917068541,0.374552160501
63,0.0672001903877,0.381892099977,0.0747048929334,0.372985512018
64,0.0675167329609,0.380586639047,0.0759706050158,0.371301919222
65,0.0685394993052,0.378832533956,0.0746713802218,0.370270371437
66,0.0681880116463,0.377428717911,0.0762243717909,0.36822271347
67,0.068148298189,0.375980511308,0.0757910683751,0.367332369089
68,0.0671051330864,0.375178739429,0.0755595713854,0.365658223629
69,0.0688517363742,0.374003946781,0.0750712752342,0.364787697792
70,0.0669122934341,0.371623106301,0.07510753721,0.363013714552
71,0.069362077862,0.37046675384,0.0783131271601,0.361795514822
72,0.0694342972711,0.369193099439,0.0754412487149,0.360360354185
73,0.0680591585115,0.36745248735,0.0760337412357,0.359212398529
74,0.0700088692829,0.365840412676,0.0777266323566,0.358274132013
75,0.0695149647072,0.36474160105,0.0770933330059,0.356302589178
76,0.0712273716927,0.362823374569,0.0786997303367,0.354794770479
77,0.0711996778846,0.361517675221,0.0777322128415,0.353710144758
78,0.0698415469378,0.36023952812,0.0784647539258,0.352646887302
79,0.0720953904092,0.358926728368,0.0788407921791,0.35110399127
80,0.0714283958077,0.357528731227,0.0787276178598,0.349506258965
81,0.072136037983,0.356191411614,0.0790909007192,0.348631232977
82,0.0704454863444,0.355034269392,0.0801429599524,0.347160816193
83,0.0725715439767,0.354582063854,0.0777482613921,0.346219986677
84,0.0692521501333,0.352968119085,0.078863106668,0.344792962074
85,0.0732579156756,0.352038182318,0.0810525566339,0.343754649162
86,0.0716349855065,0.34986448288,0.077043004334,0.34231248498
87,0.0717422142625,0.348668962717,0.0821205675602,0.34120464325
88,0.0742894224823,0.347535677254,0.079561650753,0.339780300856
89,0.0721526630223,0.346167095006,0.0803035050631,0.338727623224
90,0.0722641563043,0.344866618514,0.081192754209,0.33786341548
91,0.0746916737407,0.343435451388,0.0824848413467,0.336658984423
92,0.073946306482,0.342428788543,0.0805973410606,0.335397183895
93,0.0734753571451,0.34215053916,0.0808784812689,0.33439669013
94,0.0728538706899,0.340250566602,0.080656260252,0.332976818085
95,0.0738064330071,0.33931157738,0.0816380605102,0.3322955966
96,0.0728786811233,0.338156409562,0.0804493203759,0.330777168274
97,0.074656939134,0.336983673275,0.084615945816,0.329889774323
98,0.0753422603011,0.335343778133,0.0795795172453,0.328830480576
99,0.0729174008593,0.334252931178,0.0838379412889,0.327751100063
100,0.0771215353161,0.333450354636,0.0832760855556,0.326393425465
101,0.0751767214388,0.331824533641,0.0815203934908,0.325208872557
102,0.0750726591796,0.330581091344,0.0843698531389,0.324271589518
103,0.0762855187058,0.330726630986,0.0819946303964,0.323147416115
104,0.0742131732404,0.328816644847,0.0831336155534,0.321975708008
105,0.0761511381716,0.327524319291,0.0844969749451,0.321297645569
106,0.0769377024844,0.326823122799,0.0823579281569,0.320067405701
107,0.0736884558573,0.326103202999,0.0818060040474,0.319874048233
108,0.0768959484994,0.324180424213,0.0853683128953,0.318280667067
109,0.0770992785692,0.323437772691,0.0831895172596,0.317249149084
110,0.076345144771,0.322422012687,0.0846557244658,0.315847069025
111,0.077815534547,0.321059115231,0.0856516137719,0.314873456955
112,0.0782250910997,0.319805949926,0.0836032554507,0.31391081214
113,0.0772830434144,0.318583413959,0.0857971832156,0.312934488058
114,0.0775387305766,0.318394996226,0.0849203914404,0.312028110027
115,0.0765499845147,0.31766603142,0.0858651325107,0.311197340488
116,0.0788825098425,0.315749004483,0.0847396329045,0.310078531504
117,0.0769296502694,0.315155662596,0.0850125849247,0.309029579163
118,0.079430161044,0.314061373472,0.0877712741494,0.308346003294
119,0.0789004862309,0.312750481069,0.085427314043,0.307192832232
120,0.0789751727134,0.311765812337,0.086303807795,0.306291282177
121,0.0801112856716,0.310939438641,0.0874089971185,0.305189996958
122,0.0797070600092,0.309606805444,0.0849965587258,0.304792732
123,0.0787644097582,0.309221707284,0.0884798839688,0.303762972355
124,0.079535651952,0.308330178261,0.0855046659708,0.302917033434
125,0.0801783017814,0.307211466134,0.0882936492562,0.301522284746
126,0.0802604369819,0.306143507361,0.0866624265909,0.300745099783
127,0.080469334498,0.305215835571,0.0873748585582,0.29969266057
128,0.0801022257656,0.304653629661,0.088030859828,0.299092441797
129,0.0807564593852,0.30363368243,0.0869559198618,0.297912627459
130,0.0793229527771,0.3027677387,0.0899669900537,0.297486484051
131,0.0806831996888,0.301961682737,0.0875762924552,0.296384960413
132,0.0797180719674,0.300905056298,0.0899356380105,0.295666903257
133,0.083189683035,0.299728699028,0.0885194242001,0.294811427593
134,0.0793217923492,0.299081102014,0.0891912505031,0.293820083141
135,0.0808808393776,0.298771619797,0.0896942391992,0.293278813362
136,0.0817834492773,0.29744489491,0.0885869637132,0.292260944843
137,0.0817824546248,0.296617880464,0.0907278284431,0.291485071182
138,0.0824244003743,0.295381493866,0.0876121968031,0.29042506218
139,0.0812696460634,0.294822156429,0.0904956609011,0.289920330048
140,0.0809640157968,0.294601306319,0.0875391885638,0.28892955184
141,0.0818811487406,0.292880997062,0.0903191566467,0.288595497608
142,0.0848194826394,0.292213454843,0.0894102975726,0.287346154451
143,0.0804552137852,0.291330121458,0.0891830250621,0.28670874238
144,0.0838554389775,0.290333487093,0.0908331125975,0.285939484835
145,0.0844311285764,0.289711304009,0.0894290059805,0.285296589136
146,0.0807935427874,0.289189979434,0.0902266949415,0.284101337194
147,0.0842370651662,0.288028970361,0.0924999043345,0.283263504505
148,0.0841471906751,0.287037625909,0.0898994207382,0.282592743635
149,0.0838656425476,0.285995058715,0.0918796136975,0.281692445278
150,0.0849228352308,0.285467199981,0.0909852385521,0.280857294798
151,0.0849880259484,0.284889437258,0.0917412042618,0.280451267958
152,0.0834850743413,0.284084796906,0.092501975596,0.279757082462
153,0.0847645197064,0.283231034875,0.0909082144499,0.278829336166
154,0.083144294098,0.282678119838,0.0926532670856,0.278188616037
155,0.0859639402479,0.281529322267,0.0903616920114,0.277605712414
156,0.0832011811435,0.281095832586,0.0929695740342,0.276719659567
157,0.0873317364603,0.280058898032,0.0920424088836,0.276011347771
158,0.0851839464158,0.279546968639,0.0931990966201,0.275291889906
159,0.0848240666091,0.278764948249,0.0912571549416,0.274528741837
160,0.0845987778157,0.277886241674,0.0937469303608,0.274367064238
161,0.0881127212197,0.27716203779,0.0906006470323,0.273420453072
162,0.0840156432241,0.276431575418,0.0925051644444,0.272576987743
163,0.08770843409,0.275201804936,0.0929956659675,0.271703511477
