epoch,jaccard,loss,val_jaccard,val_loss
0,0.10504029505,0.858821451664,0.126018613577,0.803388774395
1,0.101669564843,0.702920868993,0.124870754778,0.784416794777
2,0.0990542415529,0.64276497066,0.124032385647,0.771663606167
3,0.097503779456,0.622940510511,0.123490318656,0.761982619762
4,0.0973658394068,0.613494992256,0.123070180416,0.754839837551
5,0.0967690441757,0.606722161174,0.12271194905,0.750198245049
6,0.096599875018,0.601306393743,0.122467778623,0.74961066246
7,0.0962354112417,0.59693557024,0.122324511409,0.752141773701
8,0.0965278632939,0.592776924372,0.122331418097,0.750143051147
9,0.0960088931024,0.589185729623,0.122309558094,0.74314647913
10,0.0961258132011,0.585671186447,0.122619353235,0.739282429218
11,0.0959462616593,0.582354560494,0.123409047723,0.737516283989
12,0.0962890535593,0.579001203179,0.12374035269,0.732140600681
13,0.0967844557017,0.575620859861,0.124184407294,0.730355799198
14,0.096888910979,0.572127133608,0.124954484403,0.731951355934
15,0.0984503757209,0.568429231644,0.125145033002,0.729874968529
16,0.101010710001,0.564567908645,0.125990077853,0.731917202473
17,0.102567022666,0.561681419611,0.124335497618,0.718098402023
18,0.103112015873,0.558026880026,0.124374039471,0.715080022812
19,0.106112340465,0.554387629032,0.124346002936,0.710059642792
20,0.10666897893,0.551419079304,0.122199676931,0.723542690277
21,0.108270267025,0.547689154744,0.128058314323,0.756593823433
22,0.108583830297,0.544517740607,0.12595307827,0.760020792484
23,0.109238659963,0.541290655732,0.128478631377,0.793157696724
24,0.111181646585,0.538422390819,0.128151133657,0.774036407471
25,0.110522482544,0.535200506449,0.126744940877,0.814254879951
26,0.112172694877,0.531826689839,0.130620852113,0.810550808907
27,0.114602804184,0.528498113155,0.130016222596,0.826092004776
28,0.11349215731,0.525963291526,0.133132562041,0.878158152103
29,0.113119658083,0.5241035074,0.134537115693,0.932806015015
30,0.11494862102,0.520019039512,0.134835377336,0.961119234562
31,0.11781267263,0.51710498333,0.134782478213,0.967454612255
32,0.11822011508,0.513763904572,0.136467367411,1.02121782303
33,0.117554914206,0.511921539903,0.13648955524,1.05888390541
34,0.120779111981,0.508256062865,0.137545600533,1.11843168736
35,0.120739221573,0.506304845214,0.137644350529,1.14506006241
36,0.121554678306,0.503279596567,0.137781560421,1.17534124851
37,0.122478891164,0.500337958336,0.137891918421,1.19251203537
38,0.121682435274,0.499273970723,0.137910947204,1.1885008812
39,0.121485259384,0.495942033827,0.137849852443,1.17191052437
40,0.123012829572,0.493914186954,0.137676998973,1.16725444794
41,0.123864779249,0.491242475808,0.138080909848,1.17389333248
42,0.126810498536,0.487842187285,0.138184428215,1.18466246128
43,0.123286213726,0.48812610656,0.137991309166,1.18554270267
44,0.127080325037,0.483951665461,0.13788330555,1.18290913105
45,0.125344656408,0.48320376128,0.13791693747,1.18743908405
46,0.126072945073,0.480650745332,0.137824133039,1.17324137688
47,0.127060696483,0.478189609945,0.137740150094,1.1539773941
48,0.128535646945,0.475110247731,0.137693196535,1.15538597107
49,0.129106871784,0.473228558898,0.137589424849,1.12531864643
50,0.130998898298,0.470265410841,0.137511566281,1.13313293457
51,0.131637005135,0.467825129628,0.137490868568,1.13403820992
52,0.134113781154,0.465384922922,0.137225553393,1.12272918224
53,0.132270263508,0.463609702885,0.137160167098,1.12619447708
54,0.13507046178,0.461253933609,0.137279838324,1.13003194332
55,0.133366702124,0.459833420813,0.13726195693,1.12527227402
56,0.135494273156,0.457897916436,0.137164354324,1.13843882084
57,0.137425996363,0.455127805471,0.137253522873,1.1108802557
58,0.136202067137,0.453697599471,0.137108981609,1.09582304955
59,0.137653086334,0.451377734542,0.137158125639,1.11396813393
60,0.138382654637,0.449510328472,0.137041598558,1.08977544308
61,0.138627834618,0.448019705713,0.136688843369,1.08289945126
62,0.139566391706,0.445517495275,0.137119203806,1.08694553375
63,0.140445608646,0.444170475006,0.136887192726,1.08682894707
64,0.140368513763,0.442023091018,0.136660426855,1.08081912994
65,0.142305210233,0.441391848028,0.13636778295,1.05806589127
66,0.138377461582,0.439814575016,0.136073902249,1.04192256927
67,0.141694916412,0.437490493059,0.136232897639,1.04044640064
68,0.14293250069,0.435597501695,0.136188715696,1.05774319172
69,0.146661762148,0.432525575161,0.136386200786,1.04329693317
70,0.146322201937,0.430584870279,0.135550707579,1.00406098366
71,0.147974304855,0.428447201848,0.136078372598,1.03047263622
72,0.147574517876,0.426841557026,0.135946065187,1.00574314594
73,0.143741151318,0.427450492978,0.135935649276,0.999015688896
74,0.151651151478,0.423458598554,0.136013835669,1.01429998875
75,0.150742895901,0.421904064715,0.135428607464,0.990247488022
76,0.150679700077,0.42124312371,0.135899364948,0.996391892433
77,0.149408817291,0.418432921171,0.135868117213,0.994981646538
78,0.15257114917,0.416514873505,0.135913178325,0.992397844791
79,0.153334870934,0.414668552577,0.136034235358,0.975608468056
80,0.157016284764,0.412618391216,0.135726749897,0.981921672821
81,0.155819546431,0.410158574581,0.136161416769,0.976409852505
82,0.159250892699,0.408085249364,0.135614946485,0.951312541962
83,0.158606935292,0.407300390303,0.136047288775,0.969292402267
84,0.158378690481,0.405066899955,0.135907754302,0.944914460182
85,0.15966771543,0.402967207134,0.136175975204,0.963054299355
86,0.164047028869,0.400437384844,0.135779559612,0.967468619347
87,0.164526131004,0.399141028523,0.136282607913,0.976992368698
88,0.164222020656,0.398370191455,0.136189207435,0.980616152287
89,0.163694147021,0.396444059908,0.136448636651,1.00056505203
90,0.163563083857,0.39647167176,0.136382609606,0.976092875004
91,0.166817713529,0.39414665848,0.136354714632,0.978558242321
92,0.166759170592,0.392642125487,0.136674061418,0.971490681171
93,0.167112197727,0.391307778656,0.136269003153,0.945862412453
94,0.163841709495,0.391998402774,0.136821642518,0.971176981926
95,0.163030287251,0.391409941018,0.136954054236,0.965072274208
96,0.166575476527,0.387953519821,0.13662648201,0.937883853912
97,0.172967202961,0.3856793046,0.135887369514,0.920662403107
98,0.171256311238,0.384201534092,0.13707639277,0.965892374516
99,0.172825109214,0.381807014346,0.135820299387,0.943035840988
100,0.16737690568,0.382854610682,0.13659606874,0.935606956482
101,0.171837951988,0.38302873075,0.135821282864,0.924262821674
102,0.17338899523,0.379069425166,0.136963650584,0.98400580883
103,0.173991203308,0.377790234983,0.136341676116,0.933788895607
104,0.173481505364,0.375295870006,0.137055560946,0.932966530323
105,0.180497419089,0.373217493296,0.13679420948,0.922587394714
106,0.17985015735,0.372610613704,0.137360572815,0.949262320995
107,0.180275946856,0.370836548507,0.136683985591,0.913585364819
108,0.1788459979,0.369650222361,0.137282863259,0.891699373722
109,0.182027496397,0.369114175439,0.136392310262,0.915110766888
110,0.179263118654,0.36777035892,0.13740362227,0.919582486153
111,0.183335766196,0.366878017783,0.13621775806,0.878875494003
112,0.180067852139,0.36625764519,0.137989699841,0.934815764427
113,0.185673411936,0.363226547837,0.136836275458,0.893085896969
114,0.179312072694,0.36457695812,0.138101249933,0.879395127296
115,0.18544838205,0.362968735397,0.136640489101,0.868945419788
116,0.182196639478,0.363592728972,0.137092351913,0.868800222874
117,0.18411771208,0.361070401967,0.1367290169,0.87666195631
118,0.184960383922,0.357560656965,0.137115880847,0.848122596741
119,0.1864656955,0.357718937099,0.136553585529,0.843675076962
120,0.18946204707,0.354782804847,0.137278303504,0.834020614624
121,0.189842969179,0.3563105762,0.136964276433,0.877324581146
122,0.18622707203,0.355893880129,0.137822300196,0.881831288338
123,0.190748747438,0.352452233434,0.137127846479,0.842008531094
124,0.186845682561,0.353033207357,0.137403801084,0.808322906494
125,0.193829491735,0.348717100918,0.136903241277,0.82042068243
126,0.19156030938,0.350540056825,0.137174978852,0.800126612186
127,0.195824492723,0.347345337272,0.13520988822,0.803047180176
128,0.194354258478,0.345897302032,0.138062953949,0.793505072594
129,0.198863103986,0.343995250762,0.136476621032,0.770574688911
130,0.200303569436,0.342537157238,0.136973515153,0.757644534111
131,0.201882608235,0.341500923038,0.136391207576,0.771572172642
132,0.194390457124,0.34383187443,0.137054547668,0.765701770782
133,0.197625730187,0.341770470142,0.136751443148,0.765654921532
134,0.197303943336,0.342972449958,0.137571826577,0.802250862122
135,0.201659373939,0.339138135314,0.137310504913,0.744925200939
136,0.195968341082,0.340153820813,0.138622760773,0.734726190567
137,0.196985978633,0.339229904115,0.137232378125,0.731749773026
138,0.205666400492,0.334425933659,0.136756271124,0.740695714951
139,0.20954465121,0.331751227379,0.137677907944,0.729951739311
140,0.20679783076,0.333431921899,0.134469985962,0.712939083576
141,0.206479709595,0.33316320926,0.137660264969,0.724030196667
142,0.207761246711,0.329433657229,0.137217238545,0.723500192165
143,0.20460113138,0.33222746104,0.136065274477,0.731589436531
144,0.206176381558,0.330001242459,0.138966202736,0.673523724079
145,0.212224058807,0.327565707266,0.135978460312,0.691926002502
146,0.211415708065,0.325466789305,0.138451531529,0.706061184406
147,0.21557199955,0.324979044497,0.136123389006,0.705765843391
148,0.207551181316,0.326792523265,0.137825980783,0.693741500378
149,0.215350743383,0.322765789926,0.135108098388,0.665806293488
150,0.208126924932,0.326682530344,0.139894261956,0.712616026402
151,0.218749783933,0.322021529078,0.134639725089,0.695827186108
152,0.212385367602,0.321285448968,0.13838738203,0.670275092125
153,0.214801467955,0.323030404747,0.13280300796,0.696368873119
154,0.210746407509,0.32226652652,0.137281268835,0.664285123348
155,0.213815327734,0.320034302771,0.136120274663,0.627527236938
156,0.218172874302,0.317182742059,0.137240916491,0.659519314766
157,0.224193077534,0.316042341292,0.134902492166,0.635499417782
158,0.219285961241,0.316707864404,0.134954765439,0.629382312298
159,0.221401311457,0.314052984118,0.134312480688,0.634144723415
160,0.216617949307,0.318197488785,0.134781077504,0.629685282707
161,0.213213253766,0.317592263222,0.135678574443,0.645462572575
162,0.217823896557,0.314369656146,0.133597046137,0.641241431236
163,0.221069511026,0.311313360929,0.136882081628,0.620933771133
164,0.228971973062,0.310617551208,0.133111163974,0.647795379162
165,0.228763535619,0.308046914637,0.135149076581,0.651893854141
166,0.229520499706,0.306277729571,0.134567975998,0.620383739471
167,0.230108771473,0.304610528052,0.135639086366,0.598230540752
168,0.231391385198,0.304321758449,0.132826387882,0.62710672617
169,0.227084413171,0.305760778487,0.136673420668,0.636716961861
170,0.234106380492,0.30368155241,0.132761642337,0.595770418644
171,0.233418151736,0.303510986269,0.135265141726,0.627159297466
172,0.224250193685,0.308476060629,0.132592231035,0.623275876045
173,0.22551041469,0.306785784662,0.135054960847,0.588331997395
174,0.226858094335,0.30378023535,0.132477149367,0.576518654823
175,0.228627197444,0.306990064681,0.133261889219,0.626563668251
176,0.228979598731,0.303122572601,0.135813072324,0.590752720833
177,0.227852527052,0.304142355919,0.132242828608,0.607498764992
178,0.226992741227,0.303567461669,0.133151218295,0.569073140621
179,0.229987807572,0.301118642092,0.132390454412,0.551896691322
180,0.233601003885,0.298782855272,0.131906315684,0.5554240942
181,0.236478265375,0.297058969736,0.131779879332,0.565516650677
182,0.238724306226,0.295602656901,0.134012803435,0.581315755844
183,0.241153299809,0.296964690089,0.133534908295,0.581544518471
184,0.224869366735,0.303768850863,0.133749902248,0.552568018436
185,0.235115054995,0.295824848115,0.131426438689,0.574277222157
186,0.236810386181,0.294845916331,0.132041081786,0.5383939147
187,0.234751414508,0.295485675335,0.130684584379,0.535738646984
188,0.239113032818,0.293565280735,0.130144476891,0.572785913944
189,0.239693202078,0.293338246644,0.132030397654,0.571935415268
190,0.244287706912,0.291331037879,0.129131928086,0.561718225479
191,0.243418931961,0.290398128331,0.128630667925,0.510590553284
192,0.240739848465,0.292532086372,0.127635255456,0.534703791142
193,0.242080386728,0.288534462452,0.131955385208,0.531390190125
194,0.24818751961,0.287634089589,0.127314701676,0.543080568314
195,0.239645835012,0.289370208979,0.128722116351,0.506971478462
196,0.239502031356,0.288917839527,0.129409745336,0.567519724369
197,0.2547670044,0.283145129681,0.130394726992,0.540961265564
198,0.251302417368,0.284000568092,0.128864899278,0.529893755913
199,0.246173407882,0.284778207541,0.129813730717,0.539532124996
200,0.252147600055,0.284434594214,0.12958034873,0.54567438364
201,0.257315717638,0.280022494495,0.126574411988,0.511091828346
202,0.255960822105,0.27932086587,0.127842441201,0.538367569447
203,0.255333155394,0.280077680945,0.127502143383,0.534392535686
204,0.251198288053,0.281509466469,0.128415063024,0.523383319378
205,0.250325620174,0.284425646067,0.129558980465,0.566235125065
206,0.253003228456,0.280491180718,0.1260651052,0.499881148338
207,0.242305263877,0.28486213088,0.126049205661,0.501724481583
208,0.248302210122,0.283156894147,0.131091281772,0.566301345825
209,0.257532287389,0.279027879238,0.127073556185,0.503522455692
210,0.253572385758,0.27767200768,0.124585285783,0.505634009838
211,0.256641834974,0.278588175774,0.12624694407,0.521755874157
212,0.254668015987,0.277222439647,0.127957388759,0.511095523834
213,0.2454668805,0.28177382797,0.12654261291,0.528043806553
214,0.257865607738,0.275888994336,0.127062961459,0.519852817059
215,0.263983391225,0.272657051682,0.127068117261,0.511121749878
216,0.264294937253,0.272032171488,0.128862857819,0.520286083221
217,0.268967304379,0.269228450954,0.12649820745,0.506754100323
218,0.263017199934,0.270804263651,0.124124608934,0.489586025476
219,0.261556018144,0.274313755333,0.127824351192,0.525948166847
220,0.261066742241,0.271734982729,0.126999735832,0.510754942894
221,0.263268698007,0.27080501616,0.124828465283,0.512055814266
222,0.270770855248,0.268072001636,0.127565905452,0.506860375404
223,0.270467191935,0.269056111574,0.124092623591,0.5069206357
224,0.266301225871,0.267830371857,0.123477838933,0.507213711739
225,0.258485037833,0.273851320148,0.126829892397,0.515630185604
226,0.25927747041,0.269521147013,0.125639826059,0.515904486179
227,0.268904071301,0.267082490027,0.122680291533,0.506328701973
228,0.270968373865,0.266290329397,0.127474308014,0.52021241188
229,0.273888729513,0.263606354594,0.121609732509,0.503886580467
