epoch,jaccard,loss,val_jaccard,val_loss
0,0.0982180065475,0.556608237326,0.101131271571,0.498335808516
1,0.104034351185,0.492331812158,0.110915573314,0.482587173581
2,0.108473329339,0.480637332425,0.114057844505,0.472974561155
3,0.110991757363,0.471141433343,0.115046272054,0.464543752372
4,0.113493634388,0.462172184139,0.118139278144,0.456134818494
5,0.114630238619,0.454438257962,0.117024473846,0.449152722955
6,0.11467470834,0.448594514281,0.11984273605,0.442853920162
7,0.116069045383,0.441234370694,0.114349450916,0.436651900411
8,0.116881653201,0.434737656265,0.124737191945,0.430359922349
9,0.119397752918,0.428354715928,0.124025763944,0.425781220198
10,0.119951521512,0.423528831452,0.114172484726,0.421934708953
11,0.119208011311,0.418187558651,0.118524981663,0.4140015468
12,0.122519854456,0.41123778373,0.123602185398,0.407991431653
13,0.123261910398,0.406108405441,0.129339568317,0.403597183526
14,0.124138850253,0.401448305696,0.12876678817,0.398037046194
15,0.126044164877,0.396421380341,0.129666758701,0.393584221601
16,0.126977233682,0.391600940377,0.13139301911,0.388665519655
17,0.128424631432,0.386967536062,0.131416654214,0.385020963848
18,0.127386243083,0.383893597871,0.136344892904,0.382258422673
19,0.130516233854,0.379401035607,0.127901677042,0.378813125193
20,0.130345253274,0.375385744497,0.132915768772,0.374361813068
21,0.1323843305,0.371263029054,0.128152225167,0.37015927583
22,0.129768154118,0.369733043015,0.126238131896,0.369649842381
23,0.129547127057,0.366335006431,0.134364651516,0.363611146808
24,0.132724225987,0.361733466387,0.133672147989,0.359519913793
25,0.136216546874,0.356715094298,0.136133506894,0.356240190566
26,0.137374069076,0.353209106252,0.144382439554,0.353218086064
27,0.140098907053,0.349840227515,0.137827724218,0.34887214005
28,0.138867872767,0.346906999126,0.133111685514,0.349704690278
29,0.138278332073,0.345029707998,0.138994395733,0.344036109746
30,0.1402717405,0.342151079327,0.143545260653,0.34163274616
31,0.141223082785,0.339107234031,0.141404572874,0.337922059
32,0.144624756649,0.33440679498,0.145894402638,0.334579564631
33,0.144176012371,0.332795778289,0.149543628097,0.333190798759
34,0.146986088715,0.329573661089,0.143142387271,0.330495320261
35,0.147854029201,0.326722383499,0.14616330713,0.327573858202
36,0.148247336969,0.323936477304,0.148848637938,0.324845410883
37,0.151457787491,0.32147494331,0.149626776576,0.322721146047
38,0.15121312812,0.31865577586,0.156124699861,0.319934368134
39,0.151294987183,0.317511864007,0.14756963402,0.318784072995
40,0.15343206469,0.313842300326,0.160060409456,0.31591951102
41,0.151241063606,0.314010119066,0.161788552999,0.316721789539
42,0.152209147811,0.313655598089,0.140038108453,0.315269738436
43,0.152382510714,0.310207748786,0.15891200304,0.311660639942
44,0.156444300432,0.307117914781,0.161406654865,0.307906620204
45,0.15880151419,0.304346881807,0.154756039381,0.305700518191
46,0.160610029474,0.301420187578,0.160934213549,0.304002597928
47,0.156829106621,0.302050642669,0.164483457804,0.303041853011
48,0.16197493393,0.298094687983,0.166947111487,0.30016285181
49,0.159446910489,0.298689486459,0.162081051618,0.299484826624
50,0.166119525209,0.293635427952,0.167949143797,0.29658087343
51,0.16274312418,0.293798035011,0.174879804254,0.297548674047
52,0.166101002134,0.291677389294,0.168307092041,0.29371085763
53,0.167711606249,0.289436871186,0.166973806918,0.293048597872
54,0.167887951247,0.287942944095,0.17288024351,0.291744500399
55,0.169183671474,0.286269498058,0.168420724571,0.290139697492
56,0.171769131906,0.284109272063,0.173396836966,0.288504220545
57,0.175206616521,0.281775585376,0.168294079602,0.286072980613
58,0.172872130759,0.280931791291,0.174131587148,0.284652814269
59,0.175138982944,0.279105320573,0.177241712809,0.283417463303
60,0.173436598852,0.279876733199,0.173168640584,0.284566987306
61,0.1779460283,0.276793785393,0.176248013973,0.281190671027
62,0.176759702154,0.275459061377,0.185282401741,0.278848744929
63,0.178239443339,0.275589639321,0.169661138207,0.279700305313
64,0.179189504124,0.272777216509,0.177317500114,0.276878006756
65,0.183391692117,0.270822106861,0.177718430758,0.274967778474
66,0.184551903978,0.268115732819,0.184004116803,0.27398589626
67,0.183787604794,0.26839241758,0.191107027233,0.27355440706
68,0.186169708148,0.267242111266,0.180408347398,0.272963237017
69,0.186851788312,0.265343345702,0.194143440574,0.272053204477
70,0.186080877669,0.265639730729,0.18941706419,0.27151042223
71,0.184947757982,0.265245448798,0.189104791731,0.269404303282
72,0.186076704413,0.263622275554,0.181441761553,0.269055776298
73,0.190352635458,0.262925894,0.185440480709,0.266960345209
74,0.187385730445,0.26136439573,0.178114976734,0.265973817557
75,0.190748412162,0.260531807318,0.183611832559,0.266542315483
76,0.194157987833,0.257952752523,0.177586112171,0.265909221023
77,0.18875801377,0.257818255574,0.192995112389,0.262957338244
78,0.197613149881,0.25482511986,0.200269527733,0.262419063598
79,0.199180505238,0.253749311902,0.194269809872,0.260340072215
80,0.202658022754,0.250689951703,0.202753335238,0.25930390507
81,0.197525754571,0.253927607089,0.193925809115,0.260262019932
82,0.200906028971,0.25136888586,0.197740353644,0.259221341461
83,0.203088071197,0.249748660251,0.189341291785,0.258199445903
84,0.206032271497,0.246934438124,0.19992171973,0.256137374789
85,0.207679706626,0.245295212604,0.209639746696,0.255384813994
86,0.207152035087,0.245590799488,0.210492204875,0.255378589034
87,0.210678548552,0.244436809793,0.202420540154,0.253208447248
88,0.208860288374,0.244486671872,0.210593633354,0.253940876573
89,0.210975829512,0.243059403263,0.199489861727,0.253861796111
90,0.199581721798,0.247230360284,0.211115796119,0.25455366075
91,0.210100843571,0.243301128037,0.204691648483,0.2510917373
92,0.211305675097,0.241861576214,0.212542776018,0.250150062144
93,0.216021608561,0.239208489656,0.209028113633,0.24918858707
94,0.216712714173,0.238038016483,0.203477155417,0.248502500355
95,0.217568972148,0.238237525336,0.19571185112,0.250089626759
96,0.21329711657,0.238756518811,0.212451796979,0.247185904533
97,0.220415906049,0.235225176439,0.210690815002,0.245837591588
98,0.219200663269,0.23671047762,0.210728842765,0.246561855078
99,0.217685525306,0.235385422595,0.224108211696,0.246809992939
100,0.22370876465,0.233036164194,0.210921246558,0.243917588145
101,0.225047773682,0.231970725581,0.216212384403,0.243554092944
102,0.229416182265,0.228733289987,0.215597212315,0.242559440434
103,0.228243415244,0.229745555669,0.221196945757,0.243903771043
104,0.229312006384,0.229513577186,0.216859124601,0.24200533703
105,0.224521588534,0.23100714013,0.214684095234,0.242099583149
106,0.227739774622,0.229018960148,0.229009825736,0.24149229005
107,0.22898380924,0.227794562466,0.238416135311,0.242361839861
108,0.233042438515,0.228143810295,0.210778985173,0.243074737489
109,0.225309791043,0.227861105464,0.230420388281,0.23991047591
110,0.236653680913,0.224800235592,0.216399867088,0.238343827426
111,0.236247885041,0.223530547693,0.207011383027,0.238689303398
112,0.237171424553,0.221461171284,0.23723488301,0.23832654953
113,0.238065389916,0.222293421626,0.234658461064,0.237067185342
114,0.241041959263,0.22096047271,0.2295637317,0.234980791807
115,0.239864291623,0.22114827577,0.220738403499,0.235477283597
116,0.240205507725,0.220268672332,0.240539330989,0.235760569572
117,0.23911552038,0.221683308482,0.234702121466,0.23691097647
118,0.240357472561,0.220258195885,0.225955680013,0.234441448003
119,0.244586481713,0.218645241112,0.212107032537,0.236190117896
120,0.245820781216,0.216314786114,0.236619740725,0.232324231416
121,0.245069084689,0.217200336978,0.227857545018,0.233146637678
122,0.244537107646,0.217656962574,0.226532563567,0.234261110425
123,0.245880662464,0.216870909557,0.225670579821,0.231313936412
124,0.251651046798,0.213128437288,0.233238924295,0.23042595759
125,0.253421633504,0.211901812814,0.244951121509,0.232145499438
126,0.257718957961,0.212220029905,0.23354813084,0.2308781147
127,0.253839331679,0.212419662625,0.215860489756,0.232911877334
128,0.252974739298,0.212430812418,0.242841217667,0.230153221637
129,0.255485028028,0.210711299442,0.23768632859,0.22911324352
130,0.25878237281,0.209440812469,0.245130069554,0.229623083025
131,0.256096818484,0.210920446552,0.237940181047,0.230523705482
132,0.260851594619,0.209024027921,0.23504159227,0.226940080523
133,0.264323540032,0.20654786285,0.241847835481,0.228480271995
134,0.263587577268,0.206537833437,0.240058980882,0.22766122967
135,0.264776993543,0.206415388733,0.249902039766,0.225278198719
136,0.266118948348,0.206066089682,0.232482932508,0.22647132352
137,0.265588521957,0.205320165493,0.245787590742,0.225807495415
