epoch,jaccard,loss,val_jaccard,val_loss
0,0.103251487017,0.719033047557,0.123446151614,0.70304608345
1,0.0991390869021,0.568942189217,0.122944280505,0.687428951263
2,0.0986951030791,0.544896826148,0.122340425849,0.675067126751
3,0.0984120890498,0.534625500441,0.121690802276,0.662376284599
4,0.0981636866927,0.528351932764,0.121062278748,0.650999486446
5,0.0976887755096,0.523731663823,0.120495013893,0.641019105911
6,0.0975980386138,0.520040675998,0.119959168136,0.632046818733
7,0.0975115671754,0.516957744956,0.119470618665,0.624010622501
8,0.0975039191544,0.514253884554,0.119008533657,0.616887032986
9,0.0975933857262,0.511679649353,0.118595570326,0.610323667526
10,0.0981175228953,0.509063676,0.118204861879,0.603742837906
11,0.0989143960178,0.506402269006,0.117780454457,0.597022593021
12,0.100798940286,0.503055207431,0.117226570845,0.590355992317
13,0.104068502784,0.499210767448,0.11680675298,0.584287345409
14,0.11066695489,0.495246566832,0.116303451359,0.578249812126
15,0.113722901791,0.491174787283,0.115628749132,0.571588516235
16,0.115668127313,0.48707947135,0.115102849901,0.565936863422
17,0.116643678397,0.484826892614,0.114645548165,0.560547947884
18,0.117478197441,0.482244051993,0.114124849439,0.555295944214
19,0.120182067156,0.478372342885,0.113643929362,0.550345957279
20,0.122588109225,0.475775107741,0.113471962512,0.546249330044
21,0.123970096931,0.472533091903,0.112669400871,0.540857195854
22,0.124661620706,0.470103763044,0.11220471561,0.536441743374
23,0.124640641734,0.467888809741,0.111748963594,0.5322894454
24,0.128608239815,0.463944651186,0.111278794706,0.528166115284
25,0.129339106381,0.46106684953,0.110800139606,0.524295270443
26,0.13104490377,0.458592608571,0.110357642174,0.520619690418
27,0.132452469319,0.456096030772,0.10988483578,0.516866147518
28,0.133499883115,0.454009518027,0.109547533095,0.513628005981
29,0.134943608195,0.450575582683,0.109023213387,0.51029676199
30,0.13576993905,0.448923267424,0.108586758375,0.507143855095
31,0.138629518449,0.445886954665,0.108429022133,0.504623055458
32,0.138620199636,0.44503454864,0.108054727316,0.501748263836
33,0.134368117899,0.444617338479,0.107382044196,0.498813867569
34,0.140668272972,0.441521085799,0.107504300773,0.496414512396
35,0.138189787045,0.439420595765,0.107102937996,0.494540482759
36,0.141526576132,0.436613500118,0.106388032436,0.491511464119
37,0.144687570632,0.433322630823,0.106236293912,0.489528000355
38,0.146643698215,0.430891886353,0.105530165136,0.486636996269
39,0.146803103387,0.4289406389,0.105457797647,0.484478205442
40,0.148601487279,0.425627879798,0.105080924928,0.482861787081
41,0.150009665638,0.423644267023,0.104764766991,0.48091673851
42,0.15073742345,0.422524362803,0.104883275926,0.479012936354
43,0.153065368533,0.421024888754,0.104094862938,0.476921528578
44,0.151481416076,0.417908407748,0.103924654424,0.475394427776
45,0.155753087252,0.415602691472,0.103884972632,0.473382920027
46,0.156183421612,0.412854485214,0.104219637811,0.473016411066
47,0.16118421033,0.409639686346,0.103261820972,0.470121383667
48,0.159828111529,0.409173354506,0.10354064405,0.469616532326
49,0.161952998489,0.405790939927,0.102595284581,0.467435568571
50,0.164321526885,0.403099402785,0.10234183073,0.466293126345
51,0.162805389613,0.403670087457,0.103761538863,0.466224908829
52,0.162253126502,0.401564911008,0.10122268647,0.462307840586
53,0.166903387755,0.400212749839,0.105926789343,0.465725898743
54,0.165905226022,0.397451914847,0.102692715824,0.461957961321
55,0.168141901493,0.395918704569,0.102696485817,0.460455387831
56,0.169404610991,0.392660953104,0.101715087891,0.458277195692
57,0.173871282488,0.389876581728,0.101618662477,0.457887351513
58,0.170693296939,0.388667009771,0.100518263876,0.45541125536
59,0.177288491279,0.385918810964,0.102424331009,0.456375092268
60,0.173890694976,0.384574227035,0.101249866188,0.454427391291
61,0.180436462164,0.382021389902,0.102369837463,0.454524576664
62,0.17681408301,0.381755113602,0.101492032409,0.453350841999
63,0.180393695831,0.37835213542,0.101872131228,0.451866865158
64,0.183201078326,0.375871963799,0.102884486318,0.451739221811
65,0.185376059264,0.375431828201,0.104370310903,0.45343786478
66,0.183460552245,0.37192440033,0.102958366275,0.450268477201
67,0.186753839254,0.369738385081,0.102242648602,0.448978990316
68,0.189326792955,0.36732852459,0.10316516459,0.449698895216
69,0.192565079778,0.364864654839,0.105481632054,0.447836369276
70,0.194118496031,0.363815717399,0.105108492076,0.449772238731
71,0.193483810872,0.361610271037,0.103918865323,0.447701066732
72,0.196581471711,0.359878733754,0.104507781565,0.446002304554
73,0.187131173909,0.366205886006,0.105948619545,0.449811786413
74,0.19467362389,0.358450397849,0.10914247483,0.446479856968
75,0.195258401334,0.359436638653,0.103121332824,0.446248531342
76,0.186477910727,0.359767824411,0.105082660913,0.443125218153
77,0.199275419116,0.356984391809,0.105686277151,0.447041839361
78,0.197901010513,0.353645786643,0.106317155063,0.44462248683
79,0.199225936085,0.35148717463,0.104760810733,0.444002181292
80,0.199757579714,0.35119972378,0.112445741892,0.446332097054
81,0.202045701444,0.347675383091,0.107258595526,0.44420298934
82,0.205106232315,0.346036814153,0.108775027096,0.444690555334
83,0.208921603858,0.34254463017,0.108463793993,0.442106246948
84,0.209945335984,0.340444587171,0.108307190239,0.442883878946
85,0.211832009256,0.339514359832,0.113465681672,0.444859027863
86,0.212044619024,0.336917981505,0.109304636717,0.444008290768
87,0.216619379818,0.335220500827,0.111230418086,0.443289369345
88,0.214711338282,0.335364215076,0.111471228302,0.443405240774
89,0.217268176377,0.332834631205,0.111744388938,0.442882835865
90,0.212234240025,0.33345156908,0.116336040199,0.447196036577
91,0.218604218215,0.332403637469,0.110692150891,0.442961722612
92,0.214801512659,0.330939494073,0.112911641598,0.442579090595
93,0.222400739789,0.331145577133,0.119299538434,0.454380512238
94,0.214131474495,0.329245448112,0.113457977772,0.443196713924
95,0.213363915682,0.329941086471,0.112814761698,0.440259367228
96,0.21848918125,0.326514072716,0.120005466044,0.452970266342
97,0.230641040951,0.322595581412,0.116337686777,0.449534296989
98,0.216414272785,0.323394782841,0.116347812116,0.443959772587
99,0.230317715555,0.318381994963,0.115268625319,0.444996088743
100,0.233638644218,0.315131351352,0.114645473659,0.445685565472
101,0.228388722986,0.315251819789,0.116099648178,0.444550037384
102,0.237698648125,0.313654989004,0.112687908113,0.444096267223
103,0.235137484968,0.310701861978,0.117878824472,0.447685778141
104,0.235968917608,0.310248531401,0.112166367471,0.441830009222
105,0.240590576082,0.308744452894,0.117532230914,0.447338551283
106,0.238729454577,0.307367227972,0.118439525366,0.449797928333
107,0.241020493209,0.305671781301,0.114715471864,0.445292323828
108,0.241416472942,0.304274439812,0.117171533406,0.448473483324
109,0.230357717723,0.309388481081,0.120291650295,0.45453107357
110,0.248446065933,0.304298393428,0.12358161062,0.46326443553
111,0.245244096965,0.30153670907,0.11854891479,0.451147139072
112,0.245393328369,0.300124719739,0.118682041764,0.447210878134
113,0.25008924678,0.297943152487,0.114753052592,0.442793637514
114,0.248494707048,0.295292213559,0.118119508028,0.448443233967
115,0.248717702925,0.299738436937,0.119767650962,0.45336073637
116,0.250869072974,0.294254630804,0.119806177914,0.452773302794
117,0.250528492033,0.293234840035,0.117245085537,0.446699976921
118,0.256784480065,0.292327597737,0.12149861455,0.454406827688
119,0.253053113818,0.291247680783,0.118731372058,0.450907409191
120,0.253623884171,0.293918043375,0.118061974645,0.448886781931
121,0.255780190229,0.289072953165,0.114344522357,0.443378895521
122,0.256389621645,0.288600713015,0.111957222223,0.442015886307
123,0.261012092233,0.285410374403,0.118568733335,0.445229709148
124,0.257577996701,0.285532608628,0.119964711368,0.448645830154
125,0.266878958791,0.282142825425,0.118557788432,0.450112581253
126,0.263506900519,0.281127467752,0.130317732692,0.467326521873
127,0.272020496428,0.278541445732,0.11477112025,0.441916137934
128,0.265605028719,0.278035782278,0.124775402248,0.456383407116
129,0.272120777518,0.280742034316,0.119250327349,0.451249092817
130,0.255831517279,0.282416000962,0.131812602282,0.467239975929
