epoch,jaccard,loss,val_jaccard,val_loss
0,0.239433407784,0.685476239771,0.238368116319,0.647564470768
1,0.26090020407,0.629040300846,0.298211373389,0.599940419197
2,0.309953616932,0.583970379084,0.318694099784,0.588928520679
3,0.320950197056,0.567073207349,0.335597448051,0.559785410762
4,0.343764809892,0.546827029437,0.354062095284,0.540854513645
5,0.344716530293,0.541061192751,0.358393639326,0.5310793221
6,0.355964118615,0.530035015196,0.367221876979,0.519949778914
7,0.357912264764,0.526074890047,0.364169538021,0.515721693635
8,0.362246159464,0.519475724548,0.375001899898,0.50974150002
9,0.361367147416,0.516238519922,0.373807147145,0.509188488126
10,0.368907088414,0.514651030302,0.372606351972,0.509454362094
11,0.370389334857,0.508482605219,0.380058631301,0.499490119517
12,0.371811510995,0.503429796547,0.380104929209,0.495163343847
13,0.374609719962,0.500604288653,0.387837462127,0.491175487638
14,0.37711721845,0.497886475176,0.385604195297,0.491028361022
15,0.380869597197,0.495666325092,0.387366645038,0.491114929318
16,0.380912894383,0.497235829011,0.385728299618,0.487571768463
17,0.376967396587,0.498165460303,0.388523451984,0.485942490399
18,0.383722988889,0.489610003307,0.390479832888,0.481691777706
19,0.390491159633,0.483318129554,0.401008404791,0.47762209177
20,0.392839234322,0.481474807486,0.398508794606,0.47582706809
21,0.393932718784,0.476468194276,0.406182743609,0.474363662302
22,0.397003544495,0.477647056803,0.402627490461,0.470943599939
23,0.39377855137,0.48162117973,0.394581571221,0.477931536734
24,0.393719401211,0.477292682976,0.406915135682,0.47007278353
25,0.399471607059,0.474786063656,0.405253916979,0.468861669302
26,0.400108253583,0.472090814263,0.406840004027,0.467317074537
27,0.396886065602,0.476389156654,0.403101995587,0.470864348114
28,0.402132188901,0.470222694799,0.409749306738,0.466211035848
29,0.402660729364,0.469717884436,0.417044311762,0.462867610157
30,0.40598853305,0.469260971993,0.406722836196,0.464431039989
31,0.40290562436,0.466612733901,0.416492260993,0.461900264025
32,0.406864203513,0.466074869037,0.415462717414,0.458742506802
33,0.409667100757,0.460067151114,0.417487874627,0.457524463534
34,0.412021681666,0.460615754128,0.4145738855,0.456970155239
35,0.412945725024,0.458195462823,0.417004324496,0.45603300631
36,0.41414636001,0.455748103559,0.42393540591,0.453761398792
37,0.415471056476,0.460166895762,0.412730015814,0.45925681293
38,0.409724231809,0.460224999115,0.424744799733,0.455342411995
39,0.413974035531,0.460996866226,0.419752344489,0.457348585129
40,0.409627722576,0.461215926334,0.422746434808,0.454779319465
41,0.417513133958,0.456599390134,0.424064017832,0.453082807362
42,0.417618991807,0.454684609547,0.43206602335,0.45016297698
43,0.42193037644,0.452569127083,0.430651582778,0.447957761586
44,0.417829750106,0.453447252512,0.435610182583,0.448808372021
45,0.423928523436,0.449074110016,0.430538482964,0.446533121169
46,0.425865346566,0.446810452268,0.436658553779,0.444810472429
47,0.426402267069,0.446013113484,0.431553959846,0.444661222398
48,0.420997612178,0.448815992102,0.434309765697,0.444382689893
49,0.428181685507,0.445467391983,0.434607349336,0.443009734154
50,0.428836891428,0.443038593978,0.439804494381,0.441832795739
51,0.42994043231,0.443186203018,0.436138160527,0.440957941115
52,0.432058924809,0.442443767563,0.433045558631,0.443130776286
53,0.426094161347,0.443859970197,0.445227354765,0.441430851817
54,0.421259973198,0.450203472748,0.439185909927,0.449954681098
55,0.417191611603,0.45883785747,0.432477265596,0.450911737978
56,0.424160217866,0.451541513205,0.439714968204,0.448101170361
57,0.429270103574,0.445794917643,0.43540687114,0.441601574421
58,0.428228028119,0.442560648546,0.442368656397,0.441104494035
59,0.429410140961,0.444247398525,0.438161626458,0.440450564027
60,0.432636026293,0.440949749202,0.439104601741,0.438911996782
61,0.430562445894,0.439968084916,0.445224270225,0.438917860389
62,0.430305263028,0.441843543202,0.444257117808,0.439853772521
63,0.436614718288,0.43769018352,0.441836185753,0.436730399728
64,0.435201032087,0.437053848058,0.446090437472,0.435404501855
65,0.437908535823,0.435486564413,0.441476076841,0.435251839459
66,0.4362562038,0.434686789289,0.450961515307,0.434549666941
67,0.438731238246,0.433900346979,0.449207611382,0.433114603162
68,0.439436709508,0.433222539723,0.450900755823,0.432560265064
69,0.442402800545,0.432394566014,0.442762337625,0.432837113738
70,0.437122639269,0.433429291472,0.454837180674,0.436764895916
71,0.436434004456,0.436060933396,0.438861988485,0.436579652131
72,0.43452873081,0.438295677304,0.455050602555,0.434758394957
73,0.444847440347,0.431963611394,0.453902892768,0.43193397671
74,0.440387865528,0.432269159704,0.44575304538,0.432283557951
75,0.443130457774,0.430145490915,0.456269957125,0.431815236807
76,0.443880744278,0.428216505796,0.451398603618,0.429170310497
77,0.444233305752,0.428688835353,0.451340481639,0.429256416857
78,0.428370069712,0.450508939102,0.421465195715,0.449796438217
79,0.434918925166,0.441817695275,0.444913551211,0.436896368861
80,0.438388479874,0.435521224514,0.449012137949,0.432367809117
81,0.444759309292,0.430396160111,0.448689967394,0.429167486727
82,0.444939065725,0.428029639646,0.453635200858,0.427741073072
83,0.447253707796,0.42662339285,0.456497468054,0.42720194906
84,0.448687564582,0.425309665501,0.449702873826,0.427166514099
85,0.446118595079,0.425203023478,0.459833972156,0.426502168179
86,0.451204540208,0.423912974074,0.457320310175,0.425349824131
87,0.449734045193,0.422855552286,0.457031600177,0.425284199417
88,0.449141280726,0.42275759019,0.458725526929,0.424877606332
89,0.45130366832,0.422545854002,0.458735629916,0.425413794816
90,0.451754979789,0.422990083694,0.462022162974,0.424303397536
91,0.455613911152,0.420524043962,0.45840062201,0.423571594059
92,0.455091359094,0.419409353286,0.460926041007,0.422457560897
93,0.452955944464,0.420423343778,0.466347500682,0.422933354974
94,0.445381585509,0.423224009573,0.468244664371,0.425354540348
95,0.458047565073,0.421410499141,0.462877720594,0.423470564187
96,0.449637325481,0.425200397149,0.454229220748,0.425102204084
97,0.457176512107,0.418934788555,0.460974298418,0.421947173774
98,0.455189745873,0.417642505839,0.463578566909,0.420432589948
99,0.456334287301,0.417981082574,0.461738310754,0.420343235135
100,0.457080300897,0.417257584631,0.455261155963,0.421274960041
101,0.456369668245,0.417145660147,0.465771041811,0.419293507934
102,0.458436599001,0.415628124028,0.470311023295,0.419290475547
103,0.460428599268,0.415137542412,0.465973168612,0.417646430433
104,0.459331294522,0.414709299803,0.466826230288,0.417818434536
105,0.4574677255,0.413828197867,0.467404708266,0.417429976165
106,0.462544960901,0.413160610944,0.471786007285,0.416634738445
107,0.456643112004,0.413494795561,0.469661086798,0.416742950678
108,0.465226875618,0.411360032856,0.463061384857,0.416467688978
109,0.461835969239,0.411909237504,0.470788575709,0.416804298759
110,0.461786307395,0.413298089057,0.470258519053,0.417589843273
111,0.46118844673,0.411890516058,0.466563999653,0.415429092944
112,0.463249063119,0.410914864391,0.471407637,0.415244325995
113,0.467815782875,0.409088987857,0.467111259699,0.415475949645
114,0.462832767516,0.410518247634,0.450642034411,0.419742681086
115,0.461132498458,0.412161901593,0.469238772988,0.41786557436
116,0.466039851308,0.412843009457,0.46514865011,0.41604231298
117,0.463760590181,0.41047716327,0.477334372699,0.416160099208
118,0.467233208939,0.410223346204,0.468906052411,0.413585744798
119,0.465815190226,0.407206177711,0.471052624285,0.412979364395
120,0.467993794009,0.406469911337,0.474251657724,0.410419151187
121,0.467742629349,0.40567692928,0.47284245491,0.410599172115
122,0.461363751441,0.410624157637,0.466265112162,0.420988410711
123,0.461890997365,0.413251847029,0.471200056374,0.418446816504
124,0.459794687107,0.416231758893,0.469396345317,0.423236317933
125,0.45275246352,0.422400645912,0.458341151476,0.424820654094
126,0.461796447635,0.415639588609,0.466437332332,0.417422533035
127,0.463657816872,0.410606650636,0.46882545948,0.412936516106
128,0.466954980046,0.405898524448,0.475044332445,0.410402111709
129,0.472774431109,0.402238028124,0.481118023396,0.408338747919
130,0.472238233313,0.401289271191,0.479924753308,0.407531782985
131,0.472210969776,0.401984957978,0.472842499614,0.407998472452
132,0.475369049236,0.401717856526,0.483698226511,0.408201627433
133,0.47241599299,0.399917440489,0.476745635271,0.406602695584
134,0.47554997541,0.398256745189,0.475587777793,0.406221583486
135,0.47889018245,0.397925529629,0.478778287768,0.405116334558
136,0.475554769859,0.397874448448,0.483981668949,0.404749326408
137,0.47958451882,0.39569039084,0.483060218394,0.403383955359
138,0.479680985212,0.396655110642,0.486619673669,0.404480390251
139,0.478751156479,0.395143287256,0.485093019903,0.403739273548
140,0.481059703976,0.394288627431,0.482465296984,0.403076797724
141,0.482393493876,0.393743291497,0.488073192537,0.403028272092
142,0.479888185859,0.395110914484,0.489613763988,0.405620098114
143,0.480225512758,0.395264647901,0.48621031642,0.404912270606
144,0.482627442107,0.393880324438,0.486631520092,0.401377059519
145,0.483428560197,0.391270611435,0.486537978053,0.400256000459
146,0.483941765502,0.390746375546,0.49203902483,0.401548273861
147,0.485358711332,0.390912231058,0.488235078752,0.399917706847
148,0.485864896327,0.390003159642,0.483745798469,0.399970315397
149,0.488590328023,0.389256838709,0.488986626267,0.399544090033
150,0.48512160778,0.389444725588,0.48446867615,0.400082834065
151,0.486628217623,0.390441613272,0.486693099141,0.399254404008
152,0.485592717305,0.390843784437,0.484129212797,0.399437710643
153,0.486576111987,0.390803091228,0.4878167063,0.398910716176
154,0.486751690507,0.389321183786,0.485581211746,0.399218559265
155,0.488921098411,0.387557271868,0.487328514457,0.397740617394
156,0.487970052287,0.386859824881,0.493801020086,0.396358959377
157,0.489812893793,0.385375920683,0.491670623422,0.39583850652
158,0.490793120116,0.385425223038,0.494508370757,0.394825644791
159,0.490991661325,0.385003773496,0.490889966488,0.395126312971
160,0.492618223652,0.38473508507,0.491872161627,0.395500212908
161,0.492714028805,0.38429825753,0.492003403604,0.395151168108
162,0.490270117298,0.384284740314,0.499661363661,0.395829282701
163,0.493313925341,0.384144589305,0.491072900593,0.396188408136
164,0.495149085298,0.383017254993,0.494022645056,0.393981337547
165,0.496388183907,0.381891466677,0.494532607496,0.394504234195
166,0.494799921289,0.382202029228,0.499074555933,0.393205851316
167,0.496834235266,0.381544640288,0.494769819081,0.393499553204
168,0.493092022836,0.381490902975,0.500627808273,0.393628880382
169,0.488976957276,0.384188331664,0.497667044401,0.393963553011
170,0.489848824218,0.385980904102,0.497184067965,0.398813612759
171,0.483849611133,0.392646018416,0.486277021468,0.399959012866
172,0.488032560796,0.389011321589,0.48757455498,0.398431748152
173,0.487953351811,0.385146720335,0.504460096359,0.398271381855
174,0.492768526077,0.384689440951,0.494354851544,0.393048882484
175,0.493961127475,0.382066095248,0.48983746022,0.392923161387
176,0.496382575482,0.380268163979,0.50229716301,0.393051937222
177,0.495099820197,0.380734303966,0.500055380166,0.392923898995
178,0.497545240447,0.378711534664,0.498682878911,0.390741944313
179,0.499591551721,0.377719009295,0.501817300916,0.390748851001
180,0.498522145674,0.378071079031,0.49985139817,0.389404974878
181,0.499873651192,0.377972908318,0.504961147904,0.391622371972
182,0.49926745519,0.377774538472,0.499840185046,0.389188036323
183,0.499843463302,0.376810384914,0.504029326141,0.388952873647
184,0.500430064276,0.376166973263,0.499135062099,0.388802789152
185,0.500657021999,0.375811450183,0.500448517501,0.388319857419
186,0.500203425065,0.375296587124,0.505286790431,0.388271391392
187,0.503926968202,0.374146113172,0.503086872399,0.38815997541
188,0.499885670841,0.37535851635,0.500324249268,0.388939388096
189,0.502372078598,0.374694472179,0.501541920006,0.38774933666
190,0.504635881633,0.374337073416,0.501712456346,0.388523571193
191,0.499110296369,0.375023487955,0.503748543561,0.387450560927
192,0.506661491469,0.374033814296,0.498554669321,0.389978893101
193,0.497936725616,0.376399021596,0.507734149694,0.38863029331
194,0.504278063774,0.374682016671,0.503410302103,0.387933574617
195,0.505976695567,0.373680220917,0.502222687006,0.387134663761
196,0.503881653771,0.373165864497,0.508003383875,0.386959642172
197,0.505290132016,0.372761862352,0.512189880013,0.389173969626
198,0.507706122473,0.371852837503,0.502416186035,0.386953234673
199,0.503977093846,0.372728817165,0.509169608355,0.386488892138
200,0.507244804874,0.370972873643,0.508939750493,0.38599666208
201,0.507921364158,0.371966859326,0.505487389863,0.385238453746
202,0.498925963417,0.377394199371,0.503727085888,0.394662387669
203,0.503895921633,0.378129702061,0.497788131237,0.38993832469
204,0.500325696543,0.378071449697,0.500956483185,0.390808731318
205,0.503451541066,0.373970709741,0.508795768023,0.386776290834
206,0.505064487457,0.371195463464,0.510399535298,0.385289236903
207,0.508044602349,0.370311364532,0.505189172924,0.385105207562
208,0.508164096624,0.370355788618,0.504014827311,0.385873295367
209,0.501692337915,0.374614227563,0.511273138225,0.387330770493
210,0.508898258209,0.370524343103,0.508539929986,0.384894005954
211,0.509273128584,0.369649669155,0.506089523435,0.384568750858
212,0.507124284282,0.368744980544,0.509924374521,0.383917875588
213,0.508967868984,0.368617340922,0.510594837368,0.383715465665
214,0.509976480156,0.367724450305,0.5106523633,0.383882902563
215,0.509631119668,0.368722079322,0.508384086192,0.384454034269
216,0.510942298919,0.368141202256,0.508194625378,0.383547350764
217,0.507283035666,0.368717787787,0.513698630035,0.383931830525
218,0.508966034278,0.367995480075,0.516421176493,0.385843016207
219,0.513419721276,0.368325335905,0.507890924811,0.383676417172
220,0.507849920541,0.368835592642,0.506600782275,0.38285227865
221,0.513620031998,0.367172554135,0.507642991841,0.383624635637
222,0.512336675078,0.366657758132,0.504436194897,0.382614560425
223,0.510569360107,0.367814166471,0.507630102336,0.382980704308
224,0.51220503822,0.366171509027,0.513706751168,0.382458865643
225,0.512492360547,0.366240728647,0.511992260814,0.382781550288
226,0.512680727988,0.365976896137,0.510063752532,0.382259517908
227,0.513724636286,0.365239134058,0.513216219842,0.382831543684
228,0.509238520637,0.367736499757,0.504689186811,0.38483864069
229,0.514532560483,0.36706610024,0.514464437962,0.383221492171
230,0.507566047832,0.370903290808,0.512382656336,0.385646849871
231,0.511574765667,0.367386279628,0.511271454394,0.382057674229
232,0.512812793255,0.365074187517,0.512759640813,0.381032012403
233,0.512935100123,0.365575801581,0.51389234513,0.382269658148
234,0.513612609357,0.364629754797,0.513242512941,0.38147225976
235,0.515781031922,0.36423095502,0.512151114643,0.381343826652
236,0.513291126117,0.364751448855,0.510180912912,0.381482541561
237,0.513880802318,0.364515401423,0.513811461627,0.380720555782
238,0.517827140167,0.363656403497,0.508336938918,0.381182841957
239,0.515383021906,0.36321791634,0.517316475511,0.381545290351
